0	13217	0.146856
1	12997	0.144411
2	12590	0.139889
3	12584	0.139822
4	12399	0.137767
5	12240	0.136000
6	12200	0.135556
7	12140	0.134889
8	12024	0.133600
9	11973	0.133033
10	11890	0.132111
11	12017	0.133522
12	11687	0.129856
13	11544	0.128267
14	11636	0.129289
15	11535	0.128167
16	11371	0.126344
17	11149	0.123878
18	11207	0.124522
19	11144	0.123822
20	11187	0.124300
21	11051	0.122789
22	11130	0.123667
23	11076	0.123067
24	11082	0.123133
25	11027	0.122522
26	10746	0.119400
27	10764	0.119600
28	10888	0.120978
29	10740	0.119333
30	10625	0.118056
31	10497	0.116633
32	10433	0.115922
33	10469	0.116322
34	10547	0.117189
35	10649	0.118322
36	10494	0.116600
37	10224	0.113600
38	10218	0.113533
39	10205	0.113389
40	10113	0.112367
41	10211	0.113456
42	10074	0.111933
43	10124	0.112489
44	10237	0.113744
45	9802	0.108911
46	9701	0.107789
47	10080	0.112000
48	10143	0.112700
49	10114	0.112378
50	10171	0.113011
51	10163	0.112922
52	10134	0.112600
53	10069	0.111878
54	10103	0.112256
55	9965	0.110722
56	9833	0.109256
57	9654	0.107267
58	9503	0.105589
59	9635	0.107056
60	9684	0.107600
61	9779	0.108656
62	9846	0.109400
63	10024	0.111378
64	9963	0.110700
65	9763	0.108478
66	9733	0.108144
67	9753	0.108367
68	9482	0.105356
69	9775	0.108611
70	9781	0.108678
71	9894	0.109933
72	9774	0.108600
73	9791	0.108789
74	9732	0.108133
75	9498	0.105533
76	9327	0.103633
77	9419	0.104656
78	9509	0.105656
79	9596	0.106622
80	9672	0.107467
81	9552	0.106133
82	9436	0.104844
83	9412	0.104578
84	9425	0.104722
85	9309	0.103433
86	9396	0.104400
87	9552	0.106133
88	9350	0.103889
89	9105	0.101167
90	9100	0.101111
91	8959	0.099544
92	8806	0.097844
93	8999	0.099989
94	9174	0.101933
95	9262	0.102911
96	9405	0.104500
97	9244	0.102711
98	9089	0.100989
99	9111	0.101233
100	9232	0.102578
101	9306	0.103400
102	9234	0.102600
103	9430	0.104778
104	9303	0.103367
105	9501	0.105567
106	9328	0.103644
107	9204	0.102267
108	9296	0.103289
109	9359	0.103989
110	9285	0.103167
111	9331	0.103678
112	9264	0.102933
113	9199	0.102211
114	9319	0.103544
115	9181	0.102011
116	9382	0.104244
117	9440	0.104889
118	9261	0.102900
119	9265	0.102944
120	9430	0.104778
121	9494	0.105489
122	9244	0.102711
123	9011	0.100122
124	9104	0.101156
125	9176	0.101956
126	9170	0.101889
127	9198	0.102200
128	9100	0.101111
129	8898	0.098867
130	9074	0.100822
131	9099	0.101100
132	9083	0.100922
133	9119	0.101322
134	8995	0.099944
135	8813	0.097922
136	8926	0.099178
137	9026	0.100289
138	8809	0.097878
139	8771	0.097456
140	9025	0.100278
141	9175	0.101944
142	9119	0.101322
143	9036	0.100400
144	9149	0.101656
145	9184	0.102044
146	9219	0.102433
147	9021	0.100233
148	8970	0.099667
149	8898	0.098867
150	8868	0.098533
151	8832	0.098133
152	8932	0.099244
153	8815	0.097944
154	8652	0.096133
155	8747	0.097189
156	8923	0.099144
157	8886	0.098733
158	8959	0.099544
159	8939	0.099322
160	8854	0.098378
161	8845	0.098278
162	8908	0.098978
163	9018	0.100200
164	9047	0.100522
165	9091	0.101011
166	9152	0.101689
167	9091	0.101011
168	8746	0.097178
169	8766	0.097400
170	8708	0.096756
171	8623	0.095811
172	8671	0.096344
173	8682	0.096467
174	8826	0.098067
175	8777	0.097522
176	8578	0.095311
177	8445	0.093833
178	8627	0.095856
179	8742	0.097133
180	8607	0.095633
181	8636	0.095956
182	8689	0.096544
183	8794	0.097711
184	8768	0.097422
185	8780	0.097556
186	8860	0.098444
187	8797	0.097744
188	8835	0.098167
189	8920	0.099111
190	8543	0.094922
191	8513	0.094589
192	8555	0.095056
193	8756	0.097289
194	8899	0.098878
195	8866	0.098511
196	8905	0.098944
197	8909	0.098989
198	8563	0.095144
199	8482	0.094244
200	8606	0.095622
201	8502	0.094467
202	8408	0.093422
203	8522	0.094689
204	8612	0.095689
205	8558	0.095089
206	8370	0.093000
207	8456	0.093956
208	8812	0.097911
209	8925	0.099167
210	8773	0.097478
211	8616	0.095733
212	8616	0.095733
213	8704	0.096711
214	8490	0.094333
215	8534	0.094822
216	8584	0.095378
217	8722	0.096911
218	8716	0.096844
219	8544	0.094933
220	8488	0.094311
221	8540	0.094889
222	8436	0.093733
223	8488	0.094311
224	8753	0.097256
225	8700	0.096667
226	8733	0.097033
227	8577	0.095300
228	8626	0.095844
229	8674	0.096378
230	8777	0.097522
231	8345	0.092722
232	8354	0.092822
233	8398	0.093311
234	8577	0.095300
235	8588	0.095422
236	8333	0.092589
237	8058	0.089533
238	8245	0.091611
239	8268	0.091867
240	8401	0.093344
241	8372	0.093022
242	8284	0.092044
243	8275	0.091944
244	8609	0.095656
245	8466	0.094067
246	8264	0.091822
247	8423	0.093589
248	8525	0.094722
249	8551	0.095011
250	8693	0.096589
251	8719	0.096878
252	8807	0.097856
253	8682	0.096467
254	8538	0.094867
255	8565	0.095167
256	8524	0.094711
257	8697	0.096633
258	8801	0.097789
259	8648	0.096089
260	8458	0.093978
261	8451	0.093900
262	8543	0.094922
263	8461	0.094011
264	8371	0.093011
265	8378	0.093089
266	8493	0.094367
267	8585	0.095389
268	8680	0.096444
269	8698	0.096644
270	8642	0.096022
271	8665	0.096278
272	8596	0.095511
273	8553	0.095033
274	8594	0.095489
275	8425	0.093611
276	8408	0.093422
277	8535	0.094833
278	8608	0.095644
279	8587	0.095411
280	8660	0.096222
281	8372	0.093022
282	8459	0.093989
283	8734	0.097044
284	8827	0.098078
285	8750	0.097222
286	8467	0.094078
287	8469	0.094100
288	8786	0.097622
289	8685	0.096500
290	8450	0.093889
291	8392	0.093244
292	8573	0.095256
293	8594	0.095489
294	8701	0.096678
295	8673	0.096367
296	8517	0.094633
297	8665	0.096278
298	8614	0.095711
299	8572	0.095244
300	8668	0.096311
301	8614	0.095711
302	8670	0.096333
303	8723	0.096922
304	8514	0.094600
305	8467	0.094078
306	8562	0.095133
307	8605	0.095611
308	8706	0.096733
309	8635	0.095944
310	8754	0.097267
311	8593	0.095478
312	8584	0.095378
313	8472	0.094133
314	8510	0.094556
315	8557	0.095078
316	8611	0.095678
317	8347	0.092744
318	8464	0.094044
319	8555	0.095056
320	8484	0.094267
321	8610	0.095667
322	8638	0.095978
323	8711	0.096789
324	8651	0.096122
325	8791	0.097678
326	8662	0.096244
327	8593	0.095478
328	8561	0.095122
329	8612	0.095689
330	8838	0.098200
331	8825	0.098056
332	8769	0.097433
333	8518	0.094644
334	8540	0.094889
335	8671	0.096344
336	8619	0.095767
337	8361	0.092900
338	8559	0.095100
339	8760	0.097333
340	8823	0.098033
341	8667	0.096300
342	8644	0.096044
343	8568	0.095200
344	8400	0.093333
345	8176	0.090844
346	8212	0.091244
347	8358	0.092867
348	8213	0.091256
349	8233	0.091478
350	8353	0.092811
351	8392	0.093244
352	8369	0.092989
353	8662	0.096244
354	8705	0.096722
355	8608	0.095644
356	8500	0.094444
357	8524	0.094711
358	8479	0.094211
359	8352	0.092800
360	8297	0.092189
361	8576	0.095289
362	8309	0.092322
363	8273	0.091922
364	8340	0.092667
365	8481	0.094233
366	8411	0.093456
367	8344	0.092711
368	8481	0.094233
369	8551	0.095011
370	8639	0.095989
371	8587	0.095411
372	8646	0.096067
373	8545	0.094944
374	8532	0.094800
375	8339	0.092656
376	8328	0.092533
377	8414	0.093489
378	8586	0.095400
379	8507	0.094522
380	8419	0.093544
381	8223	0.091367
382	8289	0.092100
383	8494	0.094378
384	8589	0.095433
385	8585	0.095389
386	8538	0.094867
387	8273	0.091922
388	8317	0.092411
389	8379	0.093100
390	8345	0.092722
391	8339	0.092656
392	8404	0.093378
393	8556	0.095067
394	8461	0.094011
395	8389	0.093211
396	8457	0.093967
397	8409	0.093433
398	8287	0.092078
399	8448	0.093867
400	8343	0.092700
401	8460	0.094000
402	8436	0.093733
403	8353	0.092811
404	8313	0.092367
405	8006	0.088956
406	8227	0.091411
407	8243	0.091589
408	8214	0.091267
409	8260	0.091778
410	8289	0.092100
411	8306	0.092289
412	8442	0.093800
413	8407	0.093411
414	8326	0.092511
415	8282	0.092022
416	8235	0.091500
417	8181	0.090900
418	8367	0.092967
419	8286	0.092067
420	8462	0.094022
421	8392	0.093244
422	8471	0.094122
423	8536	0.094844
424	8437	0.093744
425	8079	0.089767
426	8215	0.091278
427	8298	0.092200
428	8446	0.093844
429	8373	0.093033
430	8165	0.090722
431	8135	0.090389
432	8294	0.092156
433	8174	0.090822
434	8247	0.091633
435	8075	0.089722
436	8362	0.092911
437	8375	0.093056
438	8408	0.093422
439	8547	0.094967
440	8522	0.094689
441	8317	0.092411
442	8241	0.091567
443	8193	0.091033
444	8223	0.091367
445	8217	0.091300
446	8067	0.089633
447	8257	0.091744
448	8304	0.092267
449	8176	0.090844
450	8134	0.090378
451	8154	0.090600
452	8156	0.090622
453	8267	0.091856
454	8290	0.092111
455	8498	0.094422
456	8430	0.093667
457	8259	0.091767
458	8196	0.091067
459	8235	0.091500
460	8174	0.090822
461	8130	0.090333
462	8225	0.091389
463	8326	0.092511
464	8356	0.092844
465	8328	0.092533
466	8130	0.090333
467	8164	0.090711
468	8146	0.090511
469	8079	0.089767
470	8214	0.091267
471	8263	0.091811
472	8231	0.091456
473	8081	0.089789
474	8116	0.090178
475	8376	0.093067
476	8482	0.094244
477	8380	0.093111
478	8245	0.091611
479	8241	0.091567
480	8344	0.092711
481	8285	0.092056
482	8293	0.092144
483	8251	0.091678
484	8226	0.091400
485	8223	0.091367
486	8320	0.092444
487	8254	0.091711
488	8230	0.091444
489	8027	0.089189
490	8043	0.089367
491	8124	0.090267
492	8259	0.091767
493	8361	0.092900
494	8357	0.092856
495	8421	0.093567
496	8443	0.093811
497	8268	0.091867
498	8458	0.093978
499	8485	0.094278
500	8046	0.089400
501	7982	0.088689
502	8158	0.090644
503	8238	0.091533
504	8141	0.090456
505	8202	0.091133
506	8066	0.089622
507	7841	0.087122
508	7930	0.088111
509	8135	0.090389
510	8285	0.092056
511	8298	0.092200
512	8229	0.091433
513	8136	0.090400
514	8241	0.091567
515	8032	0.089244
516	7985	0.088722
517	8157	0.090633
518	8222	0.091356
519	8107	0.090078
520	8021	0.089122
521	8184	0.090933
522	8274	0.091933
523	8128	0.090311
524	8019	0.089100
525	7863	0.087367
526	7932	0.088133
527	7965	0.088500
528	7939	0.088211
529	8096	0.089956
530	8105	0.090056
531	8164	0.090711
532	8391	0.093233
533	8151	0.090567
534	8345	0.092722
535	8357	0.092856
536	8610	0.095667
537	8326	0.092511
538	8180	0.090889
539	8395	0.093278
540	8310	0.092333
541	8376	0.093067
542	8423	0.093589
543	8147	0.090522
544	8078	0.089756
545	8034	0.089267
546	8173	0.090811
547	8217	0.091300
548	8228	0.091422
549	8377	0.093078
550	8168	0.090756
551	8246	0.091622
552	8246	0.091622
553	8286	0.092067
554	8155	0.090611
555	8016	0.089067
556	8094	0.089933
557	8096	0.089956
558	8071	0.089678
559	8139	0.090433
560	7987	0.088744
561	7852	0.087244
562	7937	0.088189
563	8048	0.089422
564	8049	0.089433
565	8148	0.090533
566	7944	0.088267
567	7985	0.088722
568	7974	0.088600
569	8009	0.088989
570	8015	0.089056
571	8055	0.089500
572	8011	0.089011
573	7934	0.088156
574	7850	0.087222
575	8015	0.089056
576	7916	0.087956
577	7920	0.088000
578	8119	0.090211
579	8139	0.090433
580	8080	0.089778
581	7947	0.088300
582	8002	0.088911
583	8031	0.089233
584	8114	0.090156
585	8236	0.091511
586	8456	0.093956
587	8282	0.092022
588	8170	0.090778
589	8170	0.090778
590	8084	0.089822
591	7948	0.088311
592	8102	0.090022
593	7964	0.088489
594	7833	0.087033
595	8207	0.091189
596	8303	0.092256
597	8428	0.093644
598	8548	0.094978
599	8383	0.093144
600	8120	0.090222
601	7925	0.088056
602	8098	0.089978
603	8004	0.088933
604	8145	0.090500
605	8215	0.091278
606	8012	0.089022
607	7982	0.088689
608	7886	0.087622
609	7923	0.088033
610	8061	0.089567
611	7883	0.087589
612	8000	0.088889
613	7963	0.088478
614	8203	0.091144
615	8102	0.090022
616	7977	0.088633
617	8125	0.090278
618	8125	0.090278
619	8247	0.091633
620	8297	0.092189
621	8185	0.090944
622	7999	0.088878
623	8032	0.089244
624	8075	0.089722
625	8099	0.089989
626	7965	0.088500
627	7901	0.087789
628	8024	0.089156
629	8185	0.090944
630	8162	0.090689
631	8375	0.093056
632	8487	0.094300
633	8404	0.093378
634	8300	0.092222
635	8361	0.092900
636	8065	0.089611
637	8071	0.089678
638	8018	0.089089
639	8012	0.089022
640	8160	0.090667
641	8166	0.090733
642	8050	0.089444
643	8125	0.090278
644	7998	0.088867
645	7861	0.087344
646	7952	0.088356
647	7970	0.088556
648	7799	0.086656
649	7911	0.087900
650	8108	0.090089
651	8185	0.090944
652	8067	0.089633
653	7838	0.087089
654	8000	0.088889
655	8122	0.090244
656	8242	0.091578
657	8239	0.091544
658	8119	0.090211
659	8184	0.090933
660	8050	0.089444
661	7987	0.088744
662	7914	0.087933
663	7808	0.086756
664	7958	0.088422
665	8208	0.091200
666	8308	0.092311
667	8092	0.089911
668	7676	0.085289
669	7876	0.087511
670	7913	0.087922
671	7885	0.087611
672	8022	0.089133
673	8205	0.091167
674	8074	0.089711
675	8199	0.091100
676	8212	0.091244
677	8031	0.089233
678	7945	0.088278
679	8080	0.089778
680	8167	0.090744
681	8041	0.089344
682	8051	0.089456
683	7968	0.088533
684	7890	0.087667
685	7952	0.088356
686	8005	0.088944
687	7912	0.087911
688	7779	0.086433
689	7790	0.086556
690	7913	0.087922
691	8110	0.090111
692	8219	0.091322
693	8207	0.091189
694	8239	0.091544
695	8119	0.090211
696	8103	0.090033
697	8058	0.089533
698	8089	0.089878
699	8181	0.090900
700	8164	0.090711
701	7877	0.087522
702	7845	0.087167
703	7993	0.088811
704	8130	0.090333
705	8017	0.089078
706	7970	0.088556
707	7985	0.088722
708	7900	0.087778
709	8139	0.090433
710	8195	0.091056
711	8151	0.090567
712	8163	0.090700
713	8163	0.090700
714	8040	0.089333
715	7878	0.087533
716	7967	0.088522
717	7839	0.087100
718	7988	0.088756
719	7948	0.088311
720	7929	0.088100
721	7972	0.088578
722	8287	0.092078
723	8449	0.093878
724	8274	0.091933
725	8240	0.091556
726	8049	0.089433
727	8129	0.090322
728	8272	0.091911
729	8026	0.089178
730	7951	0.088344
731	8072	0.089689
732	8149	0.090544
733	7991	0.088789
734	7879	0.087544
735	7936	0.088178
736	7916	0.087956
737	7928	0.088089
738	7824	0.086933
739	7775	0.086389
740	7890	0.087667
741	8160	0.090667
742	8124	0.090267
743	8107	0.090078
744	8091	0.089900
745	8011	0.089011
746	7848	0.087200
747	7966	0.088511
748	7900	0.087778
749	7927	0.088078
750	8078	0.089756
751	8109	0.090100
752	8049	0.089433
753	8027	0.089189
754	7994	0.088822
755	7900	0.087778
756	7801	0.086678
757	7868	0.087422
758	7966	0.088511
759	7910	0.087889
760	7816	0.086844
761	8004	0.088933
762	7946	0.088289
763	7806	0.086733
764	7822	0.086911
765	7771	0.086344
766	7614	0.084600
767	7482	0.083133
768	7657	0.085078
769	7903	0.087811
770	8242	0.091578
771	8344	0.092711
772	8261	0.091789
773	8086	0.089844
774	7986	0.088733
775	8038	0.089311
776	7932	0.088133
777	7901	0.087789
778	7855	0.087278
779	7815	0.086833
780	7887	0.087633
781	8027	0.089189
782	8098	0.089978
783	8058	0.089533
784	7962	0.088467
785	7919	0.087989
786	8056	0.089511
787	7977	0.088633
788	7687	0.085411
789	7843	0.087144
790	8068	0.089644
791	8130	0.090333
792	8038	0.089311
793	7946	0.088289
794	7891	0.087678
795	7699	0.085544
796	7752	0.086133
797	7727	0.085856
798	7822	0.086911
799	7865	0.087389
800	7799	0.086656
801	8035	0.089278
802	8191	0.091011
803	8154	0.090600
804	8108	0.090089
805	8002	0.088911
806	7848	0.087200
807	7716	0.085733
808	7639	0.084878
809	7611	0.084567
810	7838	0.087089
811	8060	0.089556
812	8187	0.090967
813	7894	0.087711
814	7888	0.087644
815	7796	0.086622
816	7588	0.084311
817	7676	0.085289
818	7873	0.087478
819	7982	0.088689
820	7794	0.086600
821	7778	0.086422
822	8005	0.088944
823	7968	0.088533
824	7915	0.087944
825	7793	0.086589
826	7871	0.087456
827	7905	0.087833
828	7801	0.086678
829	7657	0.085078
830	7756	0.086178
831	7637	0.084856
832	7718	0.085756
833	7783	0.086478
834	7790	0.086556
835	7804	0.086711
836	7829	0.086989
837	7903	0.087811
838	7943	0.088256
839	7962	0.088467
840	7839	0.087100
841	7905	0.087833
842	7896	0.087733
843	8044	0.089378
844	8186	0.090956
845	8149	0.090544
846	8141	0.090456
847	8163	0.090700
848	8108	0.090089
849	8033	0.089256
850	7896	0.087733
851	7865	0.087389
852	7794	0.086600
853	7811	0.086789
854	7868	0.087422
855	7712	0.085689
856	7624	0.084711
857	7855	0.087278
858	7953	0.088367
859	7916	0.087956
860	7936	0.088178
861	8005	0.088944
862	8027	0.089189
863	7832	0.087022
864	7644	0.084933
865	7723	0.085811
866	7680	0.085333
867	7839	0.087100
868	8036	0.089289
869	8010	0.089000
870	7939	0.088211
871	7920	0.088000
872	7857	0.087300
873	7859	0.087322
874	7913	0.087922
875	7949	0.088322
876	8029	0.089211
877	7908	0.087867
878	7811	0.086789
879	7794	0.086600
880	7923	0.088033
881	7955	0.088389
882	7982	0.088689
883	7897	0.087744
884	7896	0.087733
885	7774	0.086378
886	7607	0.084522
887	7693	0.085478
888	7847	0.087189
889	7555	0.083944
890	7568	0.084089
891	7670	0.085222
892	7904	0.087822
893	7915	0.087944
894	7765	0.086278
895	7733	0.085922
896	7618	0.084644
897	7511	0.083456
898	7650	0.085000
899	7749	0.086100
900	7908	0.087867
901	8023	0.089144
902	8028	0.089200
903	8050	0.089444
904	7970	0.088556
905	8064	0.089600
906	7953	0.088367
907	7789	0.086544
908	7901	0.087789
909	7815	0.086833
910	7735	0.085944
911	7822	0.086911
912	7721	0.085789
913	7666	0.085178
914	7683	0.085367
915	7735	0.085944
916	7980	0.088667
917	7953	0.088367
918	7793	0.086589
919	7616	0.084622
920	7620	0.084667
921	7708	0.085644
922	7698	0.085533
923	7665	0.085167
924	7969	0.088544
925	8119	0.090211
926	7905	0.087833
927	8005	0.088944
928	8032	0.089244
929	7913	0.087922
930	7669	0.085211
931	7909	0.087878
932	7746	0.086067
933	7619	0.084656
934	7581	0.084233
935	7572	0.084133
936	7460	0.082889
937	7673	0.085256
938	7541	0.083789
939	7568	0.084089
940	7616	0.084622
941	7755	0.086167
942	7822	0.086911
943	7776	0.086400
944	7816	0.086844
945	7842	0.087133
946	8044	0.089378
947	8091	0.089900
948	7801	0.086678
949	7931	0.088122
950	7922	0.088022
951	7724	0.085822
952	7817	0.086856
953	7816	0.086844
954	7833	0.087033
955	8008	0.088978
956	7984	0.088711
957	7911	0.087900
958	7981	0.088678
959	8042	0.089356
960	7877	0.087522
961	7787	0.086522
962	7593	0.084367
963	7652	0.085022
964	7737	0.085967
965	7812	0.086800
966	7782	0.086467
967	7901	0.087789
968	7849	0.087211
969	7819	0.086878
970	7722	0.085800
971	7892	0.087689
972	7914	0.087933
973	7867	0.087411
974	7807	0.086744
975	7769	0.086322
976	7725	0.085833
977	7752	0.086133
978	7740	0.086000
979	7975	0.088611
980	8049	0.089433
981	8056	0.089511
982	8107	0.090078
983	8296	0.092178
984	8348	0.092756
985	8156	0.090622
986	8109	0.090100
987	7956	0.088400
988	7884	0.087600
989	7961	0.088456
990	7869	0.087433
991	7869	0.087433
992	7923	0.088033
993	7970	0.088556
994	7813	0.086811
995	7576	0.084178
996	7480	0.083111
997	7607	0.084522
998	7695	0.085500
999	7743	0.086033
