0	74830	0.831444
1	74722	0.830244
2	75037	0.833744
3	74729	0.830322
4	74796	0.831067
5	74846	0.831622
6	74737	0.830411
7	74971	0.833011
8	74920	0.832444
9	74756	0.830622
10	74934	0.832600
11	74696	0.829956
12	74620	0.829111
13	74600	0.828889
14	74848	0.831644
15	74853	0.831700
16	74790	0.831000
17	74893	0.832144
18	74854	0.831711
19	74999	0.833322
20	74768	0.830756
21	74679	0.829767
22	74831	0.831456
23	74986	0.833178
24	74803	0.831144
25	74889	0.832100
26	75120	0.834667
27	74726	0.830289
28	74930	0.832556
29	74967	0.832967
30	74861	0.831789
31	74780	0.830889
32	74827	0.831411
33	74844	0.831600
34	74925	0.832500
35	74771	0.830789
36	74681	0.829789
37	74958	0.832867
38	75075	0.834167
39	74935	0.832611
40	74725	0.830278
41	75017	0.833522
42	74825	0.831389
43	74885	0.832056
44	74933	0.832589
45	75043	0.833811
46	74707	0.830078
47	75029	0.833656
48	74948	0.832756
49	74914	0.832378
50	75020	0.833556
51	74843	0.831589
52	74874	0.831933
53	74941	0.832678
54	74923	0.832478
55	74690	0.829889
56	74881	0.832011
57	74745	0.830500
58	74859	0.831767
59	75047	0.833856
60	74894	0.832156
61	74723	0.830256
62	74853	0.831700
63	74873	0.831922
64	74982	0.833133
65	74852	0.831689
66	74885	0.832056
67	75251	0.836122
68	74911	0.832344
69	75058	0.833978
70	74919	0.832433
71	74983	0.833144
72	74877	0.831967
73	74825	0.831389
74	74614	0.829044
75	74659	0.829544
76	74883	0.832033
77	74935	0.832611
78	74737	0.830411
79	75000	0.833333
80	74969	0.832989
81	74784	0.830933
82	74942	0.832689
83	75029	0.833656
84	74785	0.830944
85	75008	0.833422
86	74756	0.830622
87	74774	0.830822
88	74898	0.832200
89	74952	0.832800
90	74932	0.832578
91	74933	0.832589
92	74807	0.831189
93	74758	0.830644
94	74776	0.830844
95	74986	0.833178
96	74772	0.830800
97	74989	0.833211
98	74812	0.831244
99	74776	0.830844
100	74832	0.831467
101	75226	0.835844
102	74857	0.831744
103	74846	0.831622
104	74834	0.831489
105	74847	0.831633
106	74885	0.832056
107	74644	0.829378
108	74882	0.832022
109	75015	0.833500
110	74791	0.831011
111	74722	0.830244
112	75157	0.835078
113	74982	0.833133
114	75131	0.834789
115	75210	0.835667
116	75026	0.833622
117	74785	0.830944
118	74882	0.832022
119	74844	0.831600
120	75015	0.833500
121	74811	0.831233
122	74936	0.832622
123	74742	0.830467
124	74827	0.831411
125	75110	0.834556
126	74690	0.829889
127	74877	0.831967
128	75053	0.833922
129	74871	0.831900
130	74700	0.830000
131	74949	0.832767
132	74850	0.831667
133	74950	0.832778
134	74943	0.832700
135	74740	0.830444
136	74620	0.829111
137	74758	0.830644
138	74642	0.829356
139	74785	0.830944
140	74757	0.830633
141	74943	0.832700
142	74735	0.830389
143	74862	0.831800
144	74886	0.832067
145	74778	0.830867
146	74710	0.830111
147	74641	0.829344
148	74814	0.831267
149	75008	0.833422
150	74727	0.830300
151	74917	0.832411
152	74887	0.832078
153	75000	0.833333
154	74873	0.831922
155	75120	0.834667
156	75042	0.833800
157	74794	0.831044
158	75073	0.834144
159	74990	0.833222
160	74978	0.833089
161	75225	0.835833
162	75016	0.833511
163	75058	0.833978
164	74665	0.829611
165	74897	0.832189
166	74729	0.830322
167	74880	0.832000
168	74860	0.831778
169	74762	0.830689
170	74823	0.831367
171	74780	0.830889
172	75084	0.834267
173	75013	0.833478
174	74677	0.829744
175	74878	0.831978
176	74930	0.832556
177	74650	0.829444
178	74860	0.831778
179	75096	0.834400
180	74731	0.830344
181	74946	0.832733
182	74932	0.832578
183	74968	0.832978
184	74713	0.830144
185	74832	0.831467
186	75070	0.834111
187	74980	0.833111
188	74958	0.832867
189	74939	0.832656
190	74720	0.830222
191	74943	0.832700
192	74944	0.832711
193	74876	0.831956
194	74726	0.830289
195	74830	0.831444
196	74780	0.830889
197	74953	0.832811
198	74739	0.830433
199	74986	0.833178
200	75145	0.834944
201	74798	0.831089
202	74976	0.833067
203	74949	0.832767
204	74883	0.832033
205	74880	0.832000
206	74649	0.829433
207	74905	0.832278
208	74815	0.831278
209	74966	0.832956
210	75055	0.833944
211	74974	0.833044
212	74907	0.832300
213	74800	0.831111
214	74889	0.832100
215	74821	0.831344
216	74775	0.830833
217	74932	0.832578
218	74847	0.831633
219	74780	0.830889
220	74980	0.833111
221	74958	0.832867
222	74878	0.831978
223	74752	0.830578
224	74937	0.832633
225	74907	0.832300
226	75020	0.833556
227	74863	0.831811
228	75022	0.833578
229	74842	0.831578
230	74764	0.830711
231	74894	0.832156
232	74706	0.830067
233	74725	0.830278
234	74968	0.832978
235	74845	0.831611
236	75173	0.835256
237	75027	0.833633
238	74822	0.831356
239	74833	0.831478
240	74932	0.832578
241	74736	0.830400
242	74935	0.832611
243	74799	0.831100
244	74887	0.832078
245	75016	0.833511
246	74931	0.832567
247	75019	0.833544
248	75036	0.833733
249	74793	0.831033
250	74919	0.832433
251	75071	0.834122
252	74547	0.828300
253	74749	0.830544
254	75152	0.835022
255	75053	0.833922
256	75049	0.833878
257	75040	0.833778
258	75005	0.833389
259	74768	0.830756
260	74974	0.833044
261	74817	0.831300
262	74769	0.830767
263	74726	0.830289
264	74757	0.830633
265	74682	0.829800
266	74824	0.831378
267	74737	0.830411
268	74767	0.830744
269	74957	0.832856
270	74602	0.828911
271	74875	0.831944
272	74796	0.831067
273	75052	0.833911
274	74918	0.832422
275	74823	0.831367
276	75025	0.833611
277	74842	0.831578
278	75132	0.834800
279	74800	0.831111
280	74701	0.830011
281	74964	0.832933
282	74736	0.830400
283	74943	0.832700
284	75008	0.833422
285	75092	0.834356
286	74934	0.832600
287	74784	0.830933
288	74720	0.830222
289	74599	0.828878
290	74981	0.833122
291	74810	0.831222
292	74931	0.832567
293	74751	0.830567
294	74952	0.832800
295	74637	0.829300
296	74822	0.831356
297	74600	0.828889
298	74670	0.829667
299	74908	0.832311
300	74714	0.830156
301	74837	0.831522
302	74879	0.831989
303	74721	0.830233
304	74919	0.832433
305	74994	0.833267
306	74613	0.829033
307	74916	0.832400
308	74961	0.832900
309	74871	0.831900
310	74839	0.831544
311	74839	0.831544
312	74944	0.832711
313	74774	0.830822
314	74689	0.829878
315	75094	0.834378
316	74990	0.833222
317	74975	0.833056
318	74847	0.831633
319	74837	0.831522
320	74819	0.831322
321	74843	0.831589
322	74783	0.830922
323	74994	0.833267
324	75006	0.833400
325	74688	0.829867
326	74900	0.832222
327	74879	0.831989
328	74991	0.833233
329	74829	0.831433
330	74852	0.831689
331	74921	0.832456
332	74723	0.830256
333	74887	0.832078
334	74717	0.830189
335	74845	0.831611
336	74859	0.831767
337	74757	0.830633
338	74880	0.832000
339	74867	0.831856
340	74755	0.830611
341	74973	0.833033
342	74796	0.831067
343	74668	0.829644
344	74701	0.830011
345	74648	0.829422
346	74921	0.832456
347	74971	0.833011
348	74779	0.830878
349	74868	0.831867
350	74754	0.830600
351	74569	0.828544
352	74809	0.831211
353	74743	0.830478
354	74923	0.832478
355	74721	0.830233
356	75061	0.834011
357	74695	0.829944
358	74885	0.832056
359	74732	0.830356
360	75041	0.833789
361	75103	0.834478
362	74751	0.830567
363	74675	0.829722
364	75118	0.834644
365	74732	0.830356
366	74753	0.830589
367	74738	0.830422
368	74798	0.831089
369	75028	0.833644
370	74754	0.830600
371	75004	0.833378
372	75023	0.833589
373	74667	0.829633
374	74826	0.831400
375	75025	0.833611
376	75017	0.833522
377	74822	0.831356
378	74707	0.830078
379	74934	0.832600
380	74984	0.833156
381	74868	0.831867
382	75087	0.834300
383	74681	0.829789
384	75088	0.834311
385	74768	0.830756
386	74966	0.832956
387	74683	0.829811
388	74959	0.832878
389	75041	0.833789
390	74879	0.831989
391	74941	0.832678
392	74814	0.831267
393	74809	0.831211
394	74854	0.831711
395	74936	0.832622
396	74825	0.831389
397	74862	0.831800
398	75165	0.835167
399	74872	0.831911
400	74883	0.832033
401	75043	0.833811
402	74718	0.830200
403	74866	0.831844
404	75038	0.833756
405	74854	0.831711
406	74964	0.832933
407	74833	0.831478
408	74966	0.832956
409	74969	0.832989
410	74879	0.831989
411	74849	0.831656
412	74683	0.829811
413	74845	0.831611
414	74899	0.832211
415	75003	0.833367
416	74949	0.832767
417	74861	0.831789
418	74883	0.832033
419	74960	0.832889
420	75081	0.834233
421	74859	0.831767
422	75122	0.834689
423	74812	0.831244
424	74862	0.831800
425	75039	0.833767
426	74850	0.831667
427	74938	0.832644
428	74871	0.831900
429	74614	0.829044
430	75159	0.835100
431	75120	0.834667
432	74999	0.833322
433	74863	0.831811
434	75010	0.833444
435	74913	0.832367
436	75212	0.835689
437	74865	0.831833
438	74995	0.833278
439	74898	0.832200
440	74880	0.832000
441	74803	0.831144
442	74892	0.832133
443	74894	0.832156
444	74871	0.831900
445	74692	0.829911
446	74815	0.831278
447	74920	0.832444
448	74773	0.830811
449	74940	0.832667
450	74940	0.832667
451	74804	0.831156
452	74969	0.832989
453	74709	0.830100
454	74927	0.832522
455	74882	0.832022
456	74822	0.831356
457	74880	0.832000
458	75002	0.833356
459	74991	0.833233
460	74730	0.830333
461	74723	0.830256
462	74941	0.832678
463	74951	0.832789
464	74942	0.832689
465	74760	0.830667
466	74803	0.831144
467	74786	0.830956
468	74922	0.832467
469	74894	0.832156
470	74740	0.830444
471	74861	0.831789
472	74998	0.833311
473	74893	0.832144
474	74833	0.831478
475	74938	0.832644
476	74743	0.830478
477	74938	0.832644
478	74972	0.833022
479	74922	0.832467
480	74876	0.831956
481	74914	0.832378
482	74848	0.831644
483	74878	0.831978
484	74742	0.830467
485	75024	0.833600
486	74812	0.831244
487	74728	0.830311
488	74998	0.833311
489	74887	0.832078
490	75026	0.833622
491	74872	0.831911
492	74908	0.832311
493	75064	0.834044
494	74820	0.831333
495	74816	0.831289
496	74967	0.832967
497	75064	0.834044
498	74771	0.830789
499	74869	0.831878
500	74739	0.830433
501	74946	0.832733
502	74938	0.832644
503	74693	0.829922
504	75083	0.834256
505	74886	0.832067
506	74841	0.831567
507	74641	0.829344
508	75033	0.833700
509	74990	0.833222
510	74978	0.833089
511	74993	0.833256
512	75012	0.833467
513	74830	0.831444
514	74898	0.832200
515	74715	0.830167
516	74831	0.831456
517	75072	0.834133
518	75114	0.834600
519	75133	0.834811
520	75185	0.835389
521	74676	0.829733
522	74690	0.829889
523	74650	0.829444
524	74977	0.833078
525	74756	0.830622
526	74708	0.830089
527	74824	0.831378
528	74757	0.830633
529	74671	0.829678
530	74784	0.830933
531	74953	0.832811
532	74932	0.832578
533	74770	0.830778
534	74889	0.832100
535	74668	0.829644
536	74746	0.830511
537	74613	0.829033
538	74716	0.830178
539	74791	0.831011
540	74896	0.832178
541	74712	0.830133
542	74621	0.829122
543	74848	0.831644
544	74740	0.830444
545	74909	0.832322
546	74962	0.832911
547	74809	0.831211
548	74992	0.833244
549	74922	0.832467
550	74589	0.828767
551	74647	0.829411
552	74932	0.832578
553	74900	0.832222
554	74938	0.832644
555	74966	0.832956
556	75221	0.835789
557	75028	0.833644
558	75080	0.834222
559	75224	0.835822
560	74654	0.829489
561	75045	0.833833
562	74944	0.832711
563	74612	0.829022
564	75032	0.833689
565	74895	0.832167
566	74827	0.831411
567	74862	0.831800
568	74809	0.831211
569	74748	0.830533
570	75062	0.834022
571	74890	0.832111
572	74851	0.831678
573	74838	0.831533
574	74694	0.829933
575	74849	0.831656
576	74596	0.828844
577	75002	0.833356
578	74988	0.833200
579	74758	0.830644
580	74775	0.830833
581	74984	0.833156
582	74700	0.830000
583	74702	0.830022
584	74718	0.830200
585	74665	0.829611
586	75048	0.833867
587	74872	0.831911
588	74868	0.831867
589	74940	0.832667
590	74761	0.830678
591	74858	0.831756
592	74838	0.831533
593	74855	0.831722
594	74677	0.829744
595	74738	0.830422
596	75131	0.834789
597	74931	0.832567
598	74777	0.830856
599	75154	0.835044
600	74759	0.830656
601	74619	0.829100
602	74892	0.832133
603	74741	0.830456
604	74710	0.830111
605	74964	0.832933
606	74911	0.832344
607	74801	0.831122
608	74858	0.831756
609	74846	0.831622
610	75005	0.833389
611	75045	0.833833
612	74870	0.831889
613	74767	0.830744
614	74910	0.832333
615	74865	0.831833
616	74814	0.831267
617	74850	0.831667
618	75014	0.833489
619	74840	0.831556
620	74988	0.833200
621	74837	0.831522
622	75072	0.834133
623	74792	0.831022
624	75063	0.834033
625	74725	0.830278
626	74979	0.833100
627	74764	0.830711
628	74713	0.830144
629	74902	0.832244
630	75052	0.833911
631	75033	0.833700
632	75002	0.833356
633	74858	0.831756
634	74697	0.829967
635	74891	0.832122
636	74949	0.832767
637	74805	0.831167
638	74979	0.833100
639	74863	0.831811
640	74899	0.832211
641	74830	0.831444
642	74835	0.831500
643	74864	0.831822
644	74557	0.828411
645	74659	0.829544
646	74849	0.831656
647	74979	0.833100
648	74911	0.832344
649	74849	0.831656
650	75023	0.833589
651	74894	0.832156
652	74840	0.831556
653	74854	0.831711
654	74779	0.830878
655	74974	0.833044
656	74824	0.831378
657	74767	0.830744
658	74943	0.832700
659	74948	0.832756
660	74827	0.831411
661	75107	0.834522
662	74811	0.831233
663	74769	0.830767
664	74748	0.830533
665	74858	0.831756
666	74838	0.831533
667	74921	0.832456
668	74915	0.832389
669	74813	0.831256
670	74852	0.831689
671	74581	0.828678
672	74622	0.829133
673	74639	0.829322
674	74689	0.829878
675	74826	0.831400
676	74817	0.831300
677	74719	0.830211
678	74896	0.832178
679	74827	0.831411
680	74753	0.830589
681	74787	0.830967
682	75121	0.834678
683	74856	0.831733
684	74914	0.832378
685	74924	0.832489
686	74951	0.832789
687	74868	0.831867
688	75025	0.833611
689	74832	0.831467
690	74879	0.831989
691	74695	0.829944
692	75168	0.835200
693	75017	0.833522
694	75001	0.833344
695	74901	0.832233
696	75207	0.835633
697	74782	0.830911
698	74738	0.830422
699	75072	0.834133
700	74872	0.831911
701	74984	0.833156
702	74669	0.829656
703	74909	0.832322
704	74725	0.830278
705	74990	0.833222
706	74532	0.828133
707	74904	0.832267
708	74736	0.830400
709	74830	0.831444
710	74669	0.829656
711	74782	0.830911
712	74718	0.830200
713	74803	0.831144
714	74854	0.831711
715	75176	0.835289
716	75085	0.834278
717	74707	0.830078
718	74960	0.832889
719	75239	0.835989
720	74929	0.832544
721	74639	0.829322
722	74856	0.831733
723	74999	0.833322
724	74915	0.832389
725	74926	0.832511
726	74840	0.831556
727	74941	0.832678
728	74849	0.831656
729	74942	0.832689
730	74755	0.830611
731	74773	0.830811
732	74984	0.833156
733	74871	0.831900
734	74932	0.832578
735	74779	0.830878
736	74873	0.831922
737	74663	0.829589
738	74769	0.830767
739	74906	0.832289
740	74835	0.831500
741	75033	0.833700
742	74809	0.831211
743	75097	0.834411
744	75046	0.833844
745	74788	0.830978
746	75023	0.833589
747	74699	0.829989
748	75229	0.835878
749	74822	0.831356
750	74647	0.829411
751	74807	0.831189
752	74748	0.830533
753	74934	0.832600
754	74967	0.832967
755	74927	0.832522
756	75103	0.834478
757	74858	0.831756
758	74889	0.832100
759	75120	0.834667
760	74770	0.830778
761	74869	0.831878
762	75105	0.834500
763	74871	0.831900
764	74889	0.832100
765	74998	0.833311
766	75027	0.833633
767	74772	0.830800
768	74813	0.831256
769	74896	0.832178
770	75042	0.833800
771	74859	0.831767
772	74831	0.831456
773	74866	0.831844
774	74838	0.831533
775	74778	0.830867
776	74793	0.831033
777	74886	0.832067
778	74903	0.832256
779	74950	0.832778
780	74824	0.831378
781	74993	0.833256
782	74671	0.829678
783	74796	0.831067
784	74863	0.831811
785	74968	0.832978
786	74741	0.830456
787	74930	0.832556
788	74808	0.831200
789	74785	0.830944
790	74764	0.830711
791	74875	0.831944
792	74912	0.832356
793	74933	0.832589
794	75063	0.834033
795	74736	0.830400
796	74994	0.833267
797	74776	0.830844
798	74680	0.829778
799	74877	0.831967
800	74626	0.829178
801	74868	0.831867
802	74887	0.832078
803	74724	0.830267
804	74625	0.829167
805	75177	0.835300
806	74884	0.832044
807	75070	0.834111
808	74644	0.829378
809	74875	0.831944
810	74887	0.832078
811	75029	0.833656
812	74875	0.831944
813	74861	0.831789
814	74703	0.830033
815	74894	0.832156
816	74978	0.833089
817	74883	0.832033
818	74673	0.829700
819	74976	0.833067
820	74883	0.832033
821	74815	0.831278
822	75059	0.833989
823	74812	0.831244
824	74729	0.830322
825	74827	0.831411
826	74839	0.831544
827	74952	0.832800
828	74668	0.829644
829	74863	0.831811
830	74967	0.832967
831	75001	0.833344
832	74742	0.830467
833	74909	0.832322
834	74922	0.832467
835	74848	0.831644
836	75102	0.834467
837	74911	0.832344
838	75079	0.834211
839	74913	0.832367
840	75032	0.833689
841	75009	0.833433
842	74907	0.832300
843	74777	0.830856
844	74611	0.829011
845	75150	0.835000
846	75008	0.833422
847	74934	0.832600
848	74795	0.831056
849	74917	0.832411
850	74740	0.830444
851	74928	0.832533
852	74672	0.829689
853	75074	0.834156
854	74840	0.831556
855	74791	0.831011
856	74895	0.832167
857	75264	0.836267
858	74926	0.832511
859	74719	0.830211
860	74801	0.831122
861	74719	0.830211
862	74812	0.831244
863	74964	0.832933
864	74960	0.832889
865	74953	0.832811
866	75296	0.836622
867	75017	0.833522
868	74673	0.829700
869	74893	0.832144
870	74843	0.831589
871	75075	0.834167
872	74886	0.832067
873	74422	0.826911
874	75010	0.833444
875	74818	0.831311
876	74979	0.833100
877	75083	0.834256
878	74886	0.832067
879	74812	0.831244
880	75099	0.834433
881	74844	0.831600
882	74857	0.831744
883	74802	0.831133
884	74663	0.829589
885	74857	0.831744
886	74843	0.831589
887	74771	0.830789
888	75090	0.834333
889	74971	0.833011
890	74885	0.832056
891	74874	0.831933
892	74852	0.831689
893	74738	0.830422
894	75010	0.833444
895	75179	0.835322
896	74923	0.832478
897	74774	0.830822
898	74999	0.833322
899	74968	0.832978
900	74677	0.829744
901	74758	0.830644
902	75000	0.833333
903	74995	0.833278
904	75147	0.834967
905	74892	0.832133
906	74831	0.831456
907	74755	0.830611
908	74905	0.832278
909	74871	0.831900
910	74974	0.833044
911	74971	0.833011
912	74776	0.830844
913	74525	0.828056
914	74787	0.830967
915	74914	0.832378
916	74925	0.832500
917	74687	0.829856
918	74979	0.833100
919	74783	0.830922
920	75011	0.833456
921	75080	0.834222
922	74905	0.832278
923	75195	0.835500
924	75141	0.834900
925	75013	0.833478
926	74769	0.830767
927	74963	0.832922
928	74850	0.831667
929	74818	0.831311
930	74812	0.831244
931	74978	0.833089
932	74735	0.830389
933	74990	0.833222
934	74681	0.829789
935	74793	0.831033
936	74927	0.832522
937	75006	0.833400
938	75039	0.833767
939	74765	0.830722
940	74742	0.830467
941	74963	0.832922
942	74969	0.832989
943	74945	0.832722
944	74506	0.827844
945	74983	0.833144
946	74813	0.831256
947	74686	0.829844
948	74894	0.832156
949	74730	0.830333
950	74995	0.833278
951	74992	0.833244
952	74816	0.831289
953	74903	0.832256
954	74902	0.832244
955	74944	0.832711
956	74892	0.832133
957	74835	0.831500
958	74569	0.828544
959	74870	0.831889
960	74782	0.830911
961	74855	0.831722
962	74838	0.831533
963	74838	0.831533
964	74788	0.830978
965	75160	0.835111
966	74859	0.831767
967	74750	0.830556
968	74990	0.833222
969	75082	0.834244
970	74879	0.831989
971	74609	0.828989
972	74796	0.831067
973	74717	0.830189
974	74816	0.831289
975	74804	0.831156
976	74946	0.832733
977	74935	0.832611
978	74763	0.830700
979	74576	0.828622
980	74933	0.832589
981	74849	0.831656
982	74809	0.831211
983	74832	0.831467
984	74871	0.831900
985	74937	0.832633
986	75018	0.833533
987	74800	0.831111
988	74942	0.832689
989	74930	0.832556
990	74591	0.828789
991	74685	0.829833
992	74808	0.831200
993	74918	0.832422
994	74616	0.829067
995	74729	0.830322
996	74944	0.832711
997	74622	0.829133
998	74725	0.830278
999	74730	0.830333
