0 72528.000000
1 45468.000000
2 18664.000000
3 9168.000000
4 5736.000000
5 3528.000000
6 2816.000000
7 1852.000000
8 1804.000000
9 1572.000000
10 1772.000000
11 1204.000000
12 796.000000
13 700.000000
14 640.000000
15 516.000000
16 872.000000
17 676.000000
18 560.000000
19 740.000000
20 404.000000
21 236.000000
22 408.000000
23 176.000000
24 292.000000
25 424.000000
26 244.000000
27 340.000000
28 104.000000
29 152.000000
30 76.000000
31 68.000000
32 416.000000
33 84.000000
34 72.000000
35 312.000000
36 320.000000
37 96.000000
38 48.000000
39 32.000000
40 56.000000
41 20.000000
42 64.000000
43 44.000000
44 44.000000
45 300.000000
46 80.000000
47 28.000000
48 12.000000
49 184.000000
50 112.000000
51 44.000000
52 56.000000
53 84.000000
54 28.000000
55 300.000000
56 8.000000
57 8.000000
58 8.000000
59 8.000000
60 16.000000
61 12.000000
62 8.000000
63 8.000000
64 8.000000
65 4.000000
66 8.000000
67 12.000000
68 8.000000
69 8.000000
70 8.000000
71 0.000000
