70.000000	0.100000	10.000000	0.499913	0.007262	0.011617	0.008901	0.100000	0.231978
70.000000	0.300000	3.333333	0.499913	0.007262	0.011435	0.008619	0.300000	0.295329
70.000000	0.500000	2.000000	0.499913	0.007262	0.011617	0.008901	0.500000	0.231978
70.000000	0.700000	1.428571	0.499913	0.007262	0.011435	0.008619	0.700000	0.295329
70.000000	0.900000	1.111111	0.499913	0.007262	0.011617	0.008901	0.900000	0.231978
70.000000	1.100000	0.909091	0.499913	0.007262	0.011435	0.008619	1.100000	0.295329
70.000000	1.300000	0.769231	0.499913	0.007262	0.011617	0.008901	1.300000	0.231978
70.000000	1.500000	0.666667	0.499913	0.007262	0.011435	0.008619	1.500000	0.295329
70.000000	1.700000	0.588235	0.499913	0.007262	0.011617	0.008901	1.700000	0.231978
70.000000	1.900000	0.526316	0.499913	0.007262	0.011435	0.008619	1.900000	0.295329
70.000000	2.000000	0.500000	0.499913	0.007262	0.011617	0.008901	2.000000	0.231978
70.000000	2.008000	0.498008	0.499958	0.007154	0.011469	0.008627	2.008000	0.298445
70.000000	2.016000	0.496032	0.499958	0.007154	0.011392	0.008616	2.016000	0.336771
70.000000	2.024000	0.494071	0.499958	0.007154	0.011469	0.008627	2.024000	0.298445
70.000000	2.032000	0.492126	0.499958	0.007154	0.011392	0.008616	2.032000	0.336771
70.000000	2.040000	0.490196	0.499958	0.007154	0.011469	0.008627	2.040000	0.298445
70.000000	2.048000	0.488281	0.499958	0.007154	0.011392	0.008616	2.048000	0.336771
70.000000	2.056000	0.486381	0.499958	0.007154	0.011469	0.008627	2.056000	0.298445
70.000000	2.064000	0.484496	0.499958	0.007154	0.011392	0.008616	2.064000	0.336771
70.000000	2.072000	0.482625	0.499958	0.007154	0.011469	0.008627	2.072000	0.298445
70.000000	2.080000	0.480769	0.499958	0.007154	0.011392	0.008616	2.080000	0.336771
70.000000	2.088000	0.478927	0.499958	0.007154	0.011469	0.008627	2.088000	0.298445
70.000000	2.096000	0.477099	0.499958	0.007154	0.011392	0.008616	2.096000	0.336771
70.000000	2.104000	0.475285	0.499958	0.007154	0.011469	0.008627	2.104000	0.298445
70.000000	2.112000	0.473485	0.499958	0.007154	0.011392	0.008616	2.112000	0.336771
70.000000	2.120000	0.471698	0.499958	0.007154	0.011469	0.008627	2.120000	0.298445
70.000000	2.128000	0.469925	0.499958	0.007154	0.011392	0.008616	2.128000	0.336771
70.000000	2.136000	0.468165	0.499958	0.007154	0.011469	0.008627	2.136000	0.298445
70.000000	2.144000	0.466418	0.499958	0.007154	0.011392	0.008616	2.144000	0.336771
70.000000	2.152000	0.464684	0.499958	0.007154	0.011469	0.008627	2.152000	0.298445
70.000000	2.200000	0.454545	0.499958	0.007154	0.011392	0.008616	2.200000	0.336771
70.000000	2.202000	0.454133	0.499958	0.007154	0.011469	0.008627	2.202000	0.298445
70.000000	2.204000	0.453721	0.499958	0.007154	0.011392	0.008616	2.204000	0.336771
70.000000	2.206000	0.453309	0.499958	0.007154	0.011469	0.008627	2.206000	0.298445
70.000000	2.208000	0.452899	0.499958	0.007154	0.011392	0.008616	2.208000	0.336771
70.000000	2.210000	0.452489	0.499958	0.007154	0.011469	0.008627	2.210000	0.298445
70.000000	2.212000	0.452080	0.499958	0.007154	0.011392	0.008616	2.212000	0.336771
70.000000	2.214000	0.451671	0.499958	0.007154	0.011469	0.008627	2.214000	0.298445
70.000000	2.216000	0.451264	0.499958	0.007154	0.011392	0.008616	2.216000	0.336771
70.000000	2.218000	0.450857	0.499958	0.007154	0.011469	0.008627	2.218000	0.298445
70.000000	2.220000	0.450450	0.499958	0.007154	0.011392	0.008616	2.220000	0.336771
70.000000	2.222000	0.450045	0.499958	0.007154	0.011469	0.008627	2.222000	0.298445
70.000000	2.224000	0.449640	0.499958	0.007154	0.011392	0.008616	2.224000	0.336771
70.000000	2.226000	0.449236	0.499958	0.007154	0.011469	0.008627	2.226000	0.298445
70.000000	2.228000	0.448833	0.499958	0.007154	0.011392	0.008616	2.228000	0.336771
70.000000	2.230000	0.448430	0.499958	0.007154	0.011469	0.008627	2.230000	0.298445
70.000000	2.232000	0.448029	0.499958	0.007154	0.011392	0.008616	2.232000	0.336771
70.000000	2.234000	0.447628	0.499958	0.007154	0.011469	0.008627	2.234000	0.298445
70.000000	2.236000	0.447227	0.499958	0.007154	0.011392	0.008616	2.236000	0.336771
70.000000	2.238000	0.446828	0.499958	0.007154	0.011469	0.008627	2.238000	0.298445
70.000000	2.240000	0.446429	0.499958	0.007154	0.011392	0.008616	2.240000	0.336771
70.000000	2.242000	0.446030	0.499958	0.007154	0.011469	0.008627	2.242000	0.298445
70.000000	2.244000	0.445633	0.499958	0.007154	0.011392	0.008616	2.244000	0.336771
70.000000	2.246000	0.445236	0.499958	0.007154	0.011469	0.008627	2.246000	0.298445
70.000000	2.248000	0.444840	0.499958	0.007154	0.011392	0.008616	2.248000	0.336771
70.000000	2.250000	0.444444	0.499958	0.007154	0.011469	0.008627	2.250000	0.298445
70.000000	2.252000	0.444050	0.499958	0.007154	0.011392	0.008616	2.252000	0.336771
70.000000	2.254000	0.443656	0.499958	0.007154	0.011469	0.008627	2.254000	0.298445
70.000000	2.256000	0.443262	0.499958	0.007154	0.011392	0.008616	2.256000	0.336771
70.000000	2.258000	0.442870	0.499958	0.007154	0.011469	0.008627	2.258000	0.298445
70.000000	2.260000	0.442478	0.499958	0.007154	0.011392	0.008616	2.260000	0.336771
70.000000	2.262000	0.442087	0.499958	0.007154	0.011469	0.008627	2.262000	0.298445
70.000000	2.264000	0.441696	0.499958	0.007154	0.011392	0.008616	2.264000	0.336771
70.000000	2.266000	0.441306	0.499958	0.007154	0.011469	0.008627	2.266000	0.298445
70.000000	2.268000	0.440917	0.499958	0.007154	0.011392	0.008616	2.268000	0.336771
70.000000	2.270000	0.440529	0.499958	0.007154	0.011469	0.008627	2.270000	0.298445
70.000000	2.272000	0.440141	0.499958	0.007154	0.011392	0.008616	2.272000	0.336771
70.000000	2.274000	0.439754	0.499958	0.007154	0.011469	0.008627	2.274000	0.298445
70.000000	2.276000	0.439367	0.499958	0.007154	0.011392	0.008616	2.276000	0.336771
70.000000	2.278000	0.438982	0.499958	0.007154	0.011469	0.008627	2.278000	0.298445
70.000000	2.280000	0.438596	0.499958	0.007154	0.011392	0.008616	2.280000	0.336771
70.000000	2.282000	0.438212	0.499958	0.007154	0.011469	0.008627	2.282000	0.298445
70.000000	2.284000	0.437828	0.499958	0.007154	0.011392	0.008616	2.284000	0.336771
70.000000	2.286000	0.437445	0.499958	0.007154	0.011469	0.008627	2.286000	0.298445
70.000000	2.288000	0.437063	0.499958	0.007154	0.011392	0.008616	2.288000	0.336771
70.000000	2.290000	0.436681	0.499958	0.007154	0.011469	0.008627	2.290000	0.298445
70.000000	2.292000	0.436300	0.499958	0.007154	0.011392	0.008616	2.292000	0.336771
70.000000	2.294000	0.435920	0.499958	0.007154	0.011469	0.008627	2.294000	0.298445
70.000000	2.296000	0.435540	0.499958	0.007154	0.011392	0.008616	2.296000	0.336771
70.000000	2.298000	0.435161	0.499958	0.007154	0.011469	0.008627	2.298000	0.298445
70.000000	2.300000	0.434783	0.499958	0.007154	0.011392	0.008616	2.300000	0.336771
70.000000	2.302000	0.434405	0.499958	0.007154	0.011469	0.008627	2.302000	0.298445
70.000000	2.304000	0.434028	0.499958	0.007154	0.011392	0.008616	2.304000	0.336771
70.000000	2.306000	0.433651	0.499958	0.007154	0.011469	0.008627	2.306000	0.298445
70.000000	2.308000	0.433276	0.499958	0.007154	0.011392	0.008616	2.308000	0.336771
70.000000	2.310000	0.432900	0.499958	0.007154	0.011469	0.008627	2.310000	0.298445
70.000000	2.312000	0.432526	0.499958	0.007154	0.011392	0.008616	2.312000	0.336771
70.000000	2.314000	0.432152	0.499958	0.007154	0.011469	0.008627	2.314000	0.298445
70.000000	2.316000	0.431779	0.499958	0.007154	0.011392	0.008616	2.316000	0.336771
70.000000	2.318000	0.431406	0.499958	0.007154	0.011469	0.008627	2.318000	0.298445
70.000000	2.320000	0.431034	0.499958	0.007154	0.011392	0.008616	2.320000	0.336771
70.000000	2.322000	0.430663	0.499958	0.007154	0.011469	0.008627	2.322000	0.298445
70.000000	2.324000	0.430293	0.499958	0.007154	0.011392	0.008616	2.324000	0.336771
70.000000	2.326000	0.429923	0.499958	0.007154	0.011469	0.008627	2.326000	0.298445
70.000000	2.328000	0.429553	0.499958	0.007154	0.011392	0.008616	2.328000	0.336771
70.000000	2.330000	0.429185	0.499958	0.007154	0.011469	0.008627	2.330000	0.298445
70.000000	2.332000	0.428816	0.499958	0.007154	0.011392	0.008616	2.332000	0.336771
70.000000	2.334000	0.428449	0.499958	0.007154	0.011469	0.008627	2.334000	0.298445
70.000000	2.336000	0.428082	0.499958	0.007154	0.011392	0.008616	2.336000	0.336771
70.000000	2.338000	0.427716	0.499958	0.007154	0.011469	0.008627	2.338000	0.298445
70.000000	2.340000	0.427350	0.499958	0.007154	0.011392	0.008616	2.340000	0.336771
70.000000	2.342000	0.426985	0.499958	0.007154	0.011469	0.008627	2.342000	0.298445
70.000000	2.344000	0.426621	0.499958	0.007154	0.011392	0.008616	2.344000	0.336771
70.000000	2.346000	0.426257	0.499958	0.007154	0.011469	0.008627	2.346000	0.298445
70.000000	2.348000	0.425894	0.499958	0.007154	0.011392	0.008616	2.348000	0.336771
70.000000	2.350000	0.425532	0.499958	0.007154	0.011469	0.008627	2.350000	0.298445
70.000000	2.352000	0.425170	0.499958	0.007154	0.011392	0.008616	2.352000	0.336771
70.000000	2.354000	0.424809	0.499958	0.007154	0.011469	0.008627	2.354000	0.298445
70.000000	2.356000	0.424448	0.499958	0.007154	0.011392	0.008616	2.356000	0.336771
70.000000	2.358000	0.424088	0.499958	0.007154	0.011469	0.008627	2.358000	0.298445
70.000000	2.360000	0.423729	0.499958	0.007154	0.011392	0.008616	2.360000	0.336771
70.000000	2.362000	0.423370	0.499958	0.007154	0.011469	0.008627	2.362000	0.298445
70.000000	2.364000	0.423012	0.499958	0.007154	0.011392	0.008616	2.364000	0.336771
70.000000	2.366000	0.422654	0.499958	0.007154	0.011469	0.008627	2.366000	0.298445
70.000000	2.368000	0.422297	0.499958	0.007154	0.011392	0.008616	2.368000	0.336771
70.000000	2.370000	0.421941	0.499958	0.007154	0.011469	0.008627	2.370000	0.298445
70.000000	2.372000	0.421585	0.499958	0.007154	0.011392	0.008616	2.372000	0.336771
70.000000	2.374000	0.421230	0.499958	0.007154	0.011469	0.008627	2.374000	0.298445
70.000000	2.376000	0.420875	0.499958	0.007154	0.011392	0.008616	2.376000	0.336771
70.000000	2.378000	0.420521	0.499958	0.007154	0.011469	0.008627	2.378000	0.298445
70.000000	2.380000	0.420168	0.499958	0.007154	0.011392	0.008616	2.380000	0.336771
70.000000	2.382000	0.419815	0.499958	0.007154	0.011469	0.008627	2.382000	0.298445
70.000000	2.384000	0.419463	0.499958	0.007154	0.011392	0.008616	2.384000	0.336771
70.000000	2.386000	0.419111	0.499958	0.007154	0.011469	0.008627	2.386000	0.298445
70.000000	2.388000	0.418760	0.499958	0.007154	0.011392	0.008616	2.388000	0.336771
70.000000	2.390000	0.418410	0.499958	0.007154	0.011469	0.008627	2.390000	0.298445
70.000000	2.392000	0.418060	0.499958	0.007154	0.011392	0.008616	2.392000	0.336771
70.000000	2.394000	0.417711	0.499958	0.007154	0.011469	0.008627	2.394000	0.298445
70.000000	2.396000	0.417362	0.499958	0.007154	0.011392	0.008616	2.396000	0.336771
70.000000	2.398000	0.417014	0.499958	0.007154	0.011469	0.008627	2.398000	0.298445
70.000000	2.400000	0.416667	0.499958	0.007154	0.011392	0.008616	2.400000	0.336771
70.000000	2.408000	0.415282	0.499958	0.007154	0.011469	0.008627	2.408000	0.298445
70.000000	2.416000	0.413907	0.499958	0.007154	0.011392	0.008616	2.416000	0.336771
70.000000	2.424000	0.412541	0.499958	0.007154	0.011469	0.008627	2.424000	0.298445
70.000000	2.432000	0.411184	0.499958	0.007154	0.011392	0.008616	2.432000	0.336771
70.000000	2.440000	0.409836	0.499958	0.007154	0.011469	0.008627	2.440000	0.298445
70.000000	2.448000	0.408497	0.499958	0.007154	0.011392	0.008616	2.448000	0.336771
70.000000	2.456000	0.407166	0.499958	0.007154	0.011469	0.008627	2.456000	0.298445
70.000000	2.464000	0.405844	0.499958	0.007154	0.011392	0.008616	2.464000	0.336771
70.000000	2.472000	0.404531	0.499958	0.007154	0.011469	0.008627	2.472000	0.298445
70.000000	2.480000	0.403226	0.499958	0.007154	0.011392	0.008616	2.480000	0.336771
70.000000	2.488000	0.401929	0.499958	0.007154	0.011469	0.008627	2.488000	0.298445
70.000000	2.496000	0.400641	0.499958	0.007154	0.011392	0.008616	2.496000	0.336771
70.000000	2.504000	0.399361	0.499958	0.007154	0.011469	0.008627	2.504000	0.298445
70.000000	2.512000	0.398089	0.499958	0.007154	0.011392	0.008616	2.512000	0.336771
70.000000	2.520000	0.396825	0.499958	0.007154	0.011469	0.008627	2.520000	0.298445
70.000000	2.528000	0.395570	0.499958	0.007154	0.011392	0.008616	2.528000	0.336771
70.000000	2.536000	0.394322	0.499958	0.007154	0.011469	0.008627	2.536000	0.298445
70.000000	2.544000	0.393082	0.499958	0.007154	0.011392	0.008616	2.544000	0.336771
70.000000	2.552000	0.391850	0.499958	0.007154	0.011469	0.008627	2.552000	0.298445
70.000000	2.560000	0.390625	0.499958	0.007154	0.011392	0.008616	2.560000	0.336771
70.000000	2.568000	0.389408	0.499958	0.007154	0.011469	0.008627	2.568000	0.298445
70.000000	2.576000	0.388199	0.499958	0.007154	0.011392	0.008616	2.576000	0.336771
70.000000	2.584000	0.386997	0.499958	0.007154	0.011469	0.008627	2.584000	0.298445
70.000000	2.592000	0.385802	0.499958	0.007154	0.011392	0.008616	2.592000	0.336771
70.000000	2.600000	0.384615	0.499958	0.007154	0.011469	0.008627	2.600000	0.298445
70.000000	2.608000	0.383436	0.499958	0.007154	0.011392	0.008616	2.608000	0.336771
70.000000	2.616000	0.382263	0.499958	0.007154	0.011469	0.008627	2.616000	0.298445
70.000000	2.624000	0.381098	0.499958	0.007154	0.011392	0.008616	2.624000	0.336771
70.000000	2.632000	0.379939	0.499958	0.007154	0.011469	0.008627	2.632000	0.298445
70.000000	2.640000	0.378788	0.499958	0.007154	0.011392	0.008616	2.640000	0.336771
70.000000	2.648000	0.377644	0.499958	0.007154	0.011469	0.008627	2.648000	0.298445
70.000000	2.656000	0.376506	0.499958	0.007154	0.011392	0.008616	2.656000	0.336771
70.000000	2.664000	0.375375	0.499958	0.007154	0.011469	0.008627	2.664000	0.298445
70.000000	2.672000	0.374251	0.499958	0.007154	0.011392	0.008616	2.672000	0.336771
70.000000	2.680000	0.373134	0.499958	0.007154	0.011469	0.008627	2.680000	0.298445
70.000000	2.688000	0.372024	0.499958	0.007154	0.011392	0.008616	2.688000	0.336771
70.000000	2.696000	0.370920	0.499958	0.007154	0.011469	0.008627	2.696000	0.298445
70.000000	2.704000	0.369822	0.499958	0.007154	0.011392	0.008616	2.704000	0.336771
70.000000	2.712000	0.368732	0.499958	0.007154	0.011469	0.008627	2.712000	0.298445
70.000000	2.720000	0.367647	0.499958	0.007154	0.011392	0.008616	2.720000	0.336771
70.000000	2.728000	0.366569	0.499958	0.007154	0.011469	0.008627	2.728000	0.298445
70.000000	2.736000	0.365497	0.499958	0.007154	0.011392	0.008616	2.736000	0.336771
70.000000	2.744000	0.364431	0.499958	0.007154	0.011469	0.008627	2.744000	0.298445
70.000000	2.752000	0.363372	0.499958	0.007154	0.011392	0.008616	2.752000	0.336771
70.000000	2.760000	0.362319	0.499958	0.007154	0.011469	0.008627	2.760000	0.298445
70.000000	2.768000	0.361272	0.499958	0.007154	0.011392	0.008616	2.768000	0.336771
70.000000	2.776000	0.360231	0.499958	0.007154	0.011469	0.008627	2.776000	0.298445
70.000000	2.784000	0.359195	0.499958	0.007154	0.011392	0.008616	2.784000	0.336771
70.000000	2.792000	0.358166	0.499958	0.007154	0.011469	0.008627	2.792000	0.298445
70.000000	2.800000	0.357143	0.499958	0.007154	0.011392	0.008616	2.800000	0.336771
70.000000	2.808000	0.356125	0.499958	0.007154	0.011469	0.008627	2.808000	0.298445
70.000000	2.816000	0.355114	0.499958	0.007154	0.011392	0.008616	2.816000	0.336771
70.000000	2.824000	0.354108	0.499958	0.007154	0.011469	0.008627	2.824000	0.298445
70.000000	2.832000	0.353107	0.499958	0.007154	0.011392	0.008616	2.832000	0.336771
70.000000	2.840000	0.352113	0.499958	0.007154	0.011469	0.008627	2.840000	0.298445
70.000000	2.848000	0.351124	0.499958	0.007154	0.011392	0.008616	2.848000	0.336771
70.000000	2.856000	0.350140	0.499958	0.007154	0.011469	0.008627	2.856000	0.298445
70.000000	2.864000	0.349162	0.499958	0.007154	0.011392	0.008616	2.864000	0.336771
70.000000	2.872000	0.348189	0.499958	0.007154	0.011469	0.008627	2.872000	0.298445
70.000000	2.880000	0.347222	0.499958	0.007154	0.011392	0.008616	2.880000	0.336771
70.000000	2.888000	0.346260	0.499958	0.007154	0.011469	0.008627	2.888000	0.298445
70.000000	2.896000	0.345304	0.499958	0.007154	0.011392	0.008616	2.896000	0.336771
70.000000	2.904000	0.344353	0.499958	0.007154	0.011469	0.008627	2.904000	0.298445
70.000000	2.912000	0.343407	0.499958	0.007154	0.011392	0.008616	2.912000	0.336771
70.000000	2.920000	0.342466	0.499958	0.007154	0.011469	0.008627	2.920000	0.298445
70.000000	2.928000	0.341530	0.499958	0.007154	0.011392	0.008616	2.928000	0.336771
70.000000	2.936000	0.340599	0.499958	0.007154	0.011469	0.008627	2.936000	0.298445
70.000000	2.944000	0.339674	0.499958	0.007154	0.011392	0.008616	2.944000	0.336771
70.000000	2.952000	0.338753	0.499958	0.007154	0.011469	0.008627	2.952000	0.298445
70.000000	2.960000	0.337838	0.499958	0.007154	0.011392	0.008616	2.960000	0.336771
70.000000	2.968000	0.336927	0.499958	0.007154	0.011469	0.008627	2.968000	0.298445
70.000000	2.976000	0.336022	0.499958	0.007154	0.011392	0.008616	2.976000	0.336771
70.000000	2.984000	0.335121	0.499958	0.007154	0.011469	0.008627	2.984000	0.298445
70.000000	2.992000	0.334225	0.499958	0.007154	0.011392	0.008616	2.992000	0.336771
70.000000	3.000000	0.333333	0.499913	0.007262	0.011435	0.008619	3.000000	0.295329
70.000000	3.008000	0.332447	0.499913	0.007262	0.011617	0.008901	3.008000	0.231978
70.000000	3.016000	0.331565	0.499913	0.007262	0.011435	0.008619	3.016000	0.295329
70.000000	3.024000	0.330688	0.499913	0.007262	0.011617	0.008901	3.024000	0.231978
70.000000	3.032000	0.329815	0.499913	0.007262	0.011435	0.008619	3.032000	0.295329
