14.000000	0.050000	20.000000	0.000000	0.000000	1.000000	0.000000	0.050000	0.666667
14.000000	0.150000	6.666667	0.000000	0.000000	1.000000	0.000000	0.150000	0.666667
14.000000	0.250000	4.000000	0.000000	0.000000	1.000000	0.000000	0.250000	0.666667
14.000000	0.350000	2.857143	0.000000	0.000000	1.000000	0.000000	0.350000	0.666667
14.000000	0.450000	2.222222	0.000000	0.000000	1.000000	0.000000	0.450000	0.666667
14.000000	0.550000	1.818182	0.000001	0.000071	0.999999	0.000100	0.550000	0.666667
14.000000	0.650000	1.538462	0.000015	0.000274	0.999985	0.000388	0.650000	0.666666
14.000000	0.750000	1.333333	0.000050	0.000528	0.999950	0.000728	0.750000	0.666666
14.000000	0.850000	1.176471	0.000168	0.000930	0.999832	0.001315	0.850000	0.666664
14.000000	0.950000	1.052632	0.000438	0.001586	0.999562	0.002200	0.950000	0.666660
14.000000	1.050000	0.952381	0.001080	0.002519	0.998919	0.003494	1.050000	0.666651
14.000000	1.150000	0.869565	0.002115	0.003572	0.997885	0.004909	1.150000	0.666635
14.000000	1.250000	0.800000	0.003879	0.005087	0.996120	0.006899	1.250000	0.666604
14.000000	1.350000	0.740741	0.006635	0.007039	0.993342	0.009455	1.350000	0.666548
14.000000	1.450000	0.689655	0.010837	0.009398	0.989107	0.012460	1.450000	0.666459
14.000000	1.550000	0.645161	0.016234	0.012035	0.983612	0.015988	1.550000	0.666322
14.000000	1.650000	0.606061	0.024329	0.016012	0.975167	0.021571	1.650000	0.666036
14.000000	1.750000	0.571429	0.034946	0.020610	0.963997	0.027847	1.750000	0.665604
14.000000	1.850000	0.540541	0.048671	0.026380	0.947968	0.042420	1.850000	0.664414
14.000000	1.950000	0.512821	0.066659	0.031989	0.928159	0.047388	1.950000	0.663493
14.000000	2.000000	0.500000	0.078784	0.036609	0.911418	0.067431	2.000000	0.661264
14.000000	2.008000	0.498008	0.080481	0.038563	0.909036	0.069413	2.008000	0.660731
14.000000	2.016000	0.496032	0.083084	0.038810	0.905710	0.066280	2.016000	0.660700
14.000000	2.024000	0.494071	0.086924	0.040425	0.898371	0.082381	2.024000	0.658917
14.000000	2.032000	0.492126	0.086778	0.040203	0.900983	0.070760	2.032000	0.659945
14.000000	2.040000	0.490196	0.088812	0.040079	0.898889	0.071459	2.040000	0.659950
14.000000	2.048000	0.488281	0.091040	0.041062	0.896289	0.070042	2.048000	0.659799
14.000000	2.056000	0.486381	0.093599	0.041475	0.891887	0.074063	2.056000	0.659108
14.000000	2.064000	0.484496	0.096789	0.042103	0.887850	0.075726	2.064000	0.658765
14.000000	2.072000	0.482625	0.098746	0.043707	0.883813	0.085613	2.072000	0.657464
14.000000	2.080000	0.480769	0.104051	0.047778	0.873196	0.102709	2.080000	0.654330
14.000000	2.088000	0.478927	0.101404	0.043618	0.882315	0.077023	2.088000	0.658236
14.000000	2.096000	0.477099	0.107184	0.046932	0.872636	0.088109	2.096000	0.656121
14.000000	2.104000	0.475285	0.108806	0.048248	0.867458	0.101457	2.104000	0.653944
14.000000	2.112000	0.473485	0.112610	0.049259	0.861648	0.107545	2.112000	0.652927
14.000000	2.120000	0.471698	0.113314	0.048018	0.861529	0.099900	2.120000	0.653843
14.000000	2.128000	0.469925	0.118322	0.051310	0.850554	0.118044	2.128000	0.649987
14.000000	2.136000	0.468165	0.121688	0.051795	0.846480	0.116090	2.136000	0.649845
14.000000	2.144000	0.466418	0.123166	0.051013	0.849171	0.103563	2.144000	0.652174
14.000000	2.152000	0.464684	0.128321	0.054398	0.834327	0.129067	2.152000	0.646608
14.000000	2.160000	0.462963	0.130799	0.054512	0.831320	0.125665	2.160000	0.646295
14.000000	2.168000	0.461255	0.133185	0.054701	0.826882	0.133337	2.168000	0.645518
14.000000	2.176000	0.459559	0.139228	0.057192	0.813548	0.142426	2.176000	0.641338
14.000000	2.184000	0.457875	0.142941	0.060209	0.803487	0.157375	2.184000	0.636832
14.000000	2.192000	0.456204	0.146050	0.060922	0.799212	0.154806	2.192000	0.636248
14.000000	2.200000	0.454545	0.150326	0.061571	0.793634	0.154872	2.200000	0.635270
14.000000	2.208000	0.452899	0.150409	0.060021	0.796879	0.146640	2.208000	0.637777
14.000000	2.216000	0.451264	0.153032	0.059574	0.792518	0.146635	2.216000	0.637005
14.000000	2.224000	0.449640	0.161407	0.062905	0.774124	0.164859	2.224000	0.630610
14.000000	2.226000	0.449236	0.158224	0.062389	0.781667	0.159293	2.226000	0.633017
14.000000	2.228000	0.448833	0.161418	0.062718	0.773201	0.164945	2.228000	0.630002
14.000000	2.230000	0.448430	0.162014	0.062831	0.772905	0.162175	2.230000	0.630370
14.000000	2.232000	0.448029	0.164396	0.064850	0.760527	0.183691	2.232000	0.623222
14.000000	2.234000	0.447628	0.161228	0.061630	0.777856	0.158269	2.234000	0.632797
14.000000	2.236000	0.447227	0.166176	0.063960	0.761806	0.175677	2.236000	0.625758
14.000000	2.238000	0.446828	0.166468	0.063954	0.764784	0.168015	2.238000	0.627631
14.000000	2.240000	0.446429	0.165771	0.064025	0.766345	0.168732	2.240000	0.627995
14.000000	2.242000	0.446030	0.168980	0.065200	0.757527	0.174638	2.242000	0.624577
14.000000	2.244000	0.445633	0.169971	0.066457	0.749800	0.187134	2.244000	0.619507
14.000000	2.246000	0.445236	0.171440	0.065853	0.752332	0.179763	2.246000	0.621961
14.000000	2.248000	0.444840	0.169578	0.065136	0.758544	0.172518	2.248000	0.625073
14.000000	2.250000	0.444444	0.172964	0.064443	0.749927	0.173613	2.250000	0.623221
14.000000	2.252000	0.444050	0.175804	0.068039	0.739284	0.190970	2.252000	0.615987
14.000000	2.254000	0.443656	0.174963	0.067320	0.744715	0.182199	2.254000	0.619468
14.000000	2.256000	0.443262	0.173056	0.067572	0.747915	0.184533	2.256000	0.619267
14.000000	2.258000	0.442870	0.178860	0.065941	0.734879	0.187828	2.258000	0.616260
14.000000	2.260000	0.442478	0.175954	0.065863	0.745494	0.178576	2.260000	0.620449
14.000000	2.262000	0.442087	0.175124	0.066332	0.748422	0.175981	2.262000	0.621755
14.000000	2.264000	0.441696	0.184957	0.069006	0.719661	0.200410	2.264000	0.608606
14.000000	2.266000	0.441306	0.182225	0.068000	0.723538	0.199409	2.266000	0.609988
14.000000	2.268000	0.440917	0.183962	0.068533	0.718442	0.198639	2.268000	0.608086
14.000000	2.270000	0.440529	0.182450	0.068410	0.726118	0.197182	2.270000	0.611281
14.000000	2.272000	0.440141	0.183111	0.067907	0.730690	0.186455	2.272000	0.615168
14.000000	2.274000	0.439754	0.189738	0.070347	0.707575	0.205844	2.274000	0.603047
14.000000	2.276000	0.439367	0.186297	0.069782	0.718191	0.198722	2.276000	0.607846
14.000000	2.278000	0.438982	0.190672	0.071700	0.700503	0.217062	2.278000	0.597149
14.000000	2.280000	0.438596	0.186878	0.068693	0.715332	0.204181	2.280000	0.606800
14.000000	2.282000	0.438212	0.186467	0.068066	0.727088	0.183370	2.282000	0.615656
14.000000	2.284000	0.437828	0.187093	0.067859	0.724119	0.185553	2.284000	0.613401
14.000000	2.286000	0.437445	0.190105	0.069880	0.714057	0.198358	2.286000	0.608379
14.000000	2.288000	0.437063	0.193097	0.072201	0.699764	0.212360	2.288000	0.598224
14.000000	2.290000	0.436681	0.197646	0.072427	0.689860	0.216019	2.290000	0.594232
14.000000	2.292000	0.436300	0.194130	0.070568	0.700320	0.208242	2.292000	0.600962
14.000000	2.294000	0.435920	0.196204	0.070028	0.697258	0.202984	2.294000	0.600895
14.000000	2.296000	0.435540	0.198373	0.071662	0.690503	0.216215	2.296000	0.596258
14.000000	2.298000	0.435161	0.194616	0.070148	0.707692	0.198929	2.298000	0.605773
14.000000	2.300000	0.434783	0.199145	0.071448	0.692937	0.204659	2.300000	0.598765
14.000000	2.302000	0.434405	0.201496	0.073536	0.679009	0.222006	2.302000	0.588034
14.000000	2.304000	0.434028	0.204125	0.071843	0.677889	0.215352	2.304000	0.591405
14.000000	2.306000	0.433651	0.205529	0.072097	0.676209	0.211359	2.306000	0.590931
14.000000	2.308000	0.433276	0.202607	0.071009	0.683260	0.209745	2.308000	0.594859
14.000000	2.310000	0.432900	0.210876	0.075151	0.654333	0.230563	2.310000	0.575344
14.000000	2.312000	0.432526	0.207346	0.072727	0.674841	0.210394	2.312000	0.591446
14.000000	2.314000	0.432152	0.206914	0.073145	0.671590	0.219145	2.314000	0.587607
14.000000	2.316000	0.431779	0.213862	0.076022	0.646917	0.235271	2.316000	0.569710
14.000000	2.318000	0.431406	0.210843	0.072050	0.664052	0.218360	2.318000	0.585232
14.000000	2.320000	0.431034	0.209696	0.072691	0.669787	0.214095	2.320000	0.588925
14.000000	2.322000	0.430663	0.211436	0.072866	0.659068	0.223438	2.322000	0.581150
14.000000	2.324000	0.430293	0.212383	0.073116	0.666974	0.213528	2.324000	0.587665
14.000000	2.326000	0.429923	0.218651	0.074485	0.642526	0.226592	2.326000	0.572461
14.000000	2.328000	0.429553	0.215351	0.071830	0.660802	0.210658	2.328000	0.587061
14.000000	2.330000	0.429185	0.217859	0.072650	0.647273	0.222579	2.330000	0.577624
14.000000	2.332000	0.428816	0.221430	0.074047	0.633260	0.233132	2.332000	0.566469
14.000000	2.334000	0.428449	0.219155	0.075105	0.642962	0.228216	2.334000	0.572190
14.000000	2.336000	0.428082	0.221655	0.073991	0.640014	0.225857	2.336000	0.573591
14.000000	2.338000	0.427716	0.220288	0.074719	0.640537	0.230669	2.338000	0.570666
14.000000	2.340000	0.427350	0.224207	0.073331	0.630058	0.229860	2.340000	0.567637
14.000000	2.342000	0.426985	0.225495	0.074958	0.629167	0.230974	2.342000	0.565166
14.000000	2.344000	0.426621	0.225543	0.072759	0.628525	0.227029	2.344000	0.567388
14.000000	2.346000	0.426257	0.223169	0.074841	0.638145	0.225364	2.346000	0.571290
14.000000	2.348000	0.425894	0.229105	0.075534	0.616248	0.233952	2.348000	0.557448
14.000000	2.350000	0.425532	0.229910	0.075083	0.620383	0.229396	2.350000	0.562271
14.000000	2.352000	0.425170	0.229958	0.075538	0.617828	0.233485	2.352000	0.559276
14.000000	2.354000	0.424809	0.232417	0.074639	0.614015	0.231146	2.354000	0.560280
14.000000	2.356000	0.424448	0.228933	0.074674	0.627608	0.224912	2.356000	0.568695
14.000000	2.358000	0.424088	0.237870	0.073159	0.596021	0.232202	2.358000	0.550453
14.000000	2.360000	0.423729	0.233597	0.073915	0.604763	0.238873	2.360000	0.551615
14.000000	2.362000	0.423370	0.238012	0.074725	0.599305	0.234357	2.362000	0.548978
14.000000	2.364000	0.423012	0.239659	0.074453	0.592459	0.239125	2.364000	0.545089
14.000000	2.366000	0.422654	0.238441	0.075304	0.589032	0.245532	2.366000	0.539428
14.000000	2.368000	0.422297	0.240809	0.075079	0.596613	0.231641	2.368000	0.550258
14.000000	2.370000	0.421941	0.240822	0.074748	0.592812	0.235693	2.370000	0.547153
14.000000	2.372000	0.421585	0.244517	0.074755	0.577961	0.241053	2.372000	0.534517
14.000000	2.374000	0.421230	0.246647	0.075529	0.575586	0.242889	2.374000	0.533720
14.000000	2.376000	0.420875	0.247639	0.074651	0.571559	0.240265	2.376000	0.531016
14.000000	2.378000	0.420521	0.244850	0.073212	0.585440	0.232464	2.378000	0.543776
14.000000	2.380000	0.420168	0.245292	0.075243	0.578152	0.238788	2.380000	0.534352
14.000000	2.382000	0.419815	0.244802	0.075091	0.584689	0.237204	2.382000	0.540805
14.000000	2.384000	0.419463	0.250656	0.074512	0.565982	0.242788	2.384000	0.527833
14.000000	2.386000	0.419111	0.249813	0.073041	0.572754	0.235601	2.386000	0.537180
14.000000	2.388000	0.418760	0.247125	0.074837	0.585801	0.234860	2.388000	0.545184
14.000000	2.390000	0.418410	0.253313	0.075737	0.559414	0.244012	2.390000	0.522331
14.000000	2.392000	0.418060	0.255583	0.074969	0.554151	0.242271	2.392000	0.520536
14.000000	2.394000	0.417711	0.252529	0.075237	0.563589	0.243091	2.394000	0.526825
14.000000	2.396000	0.417362	0.254446	0.074442	0.560296	0.241444	2.396000	0.525511
14.000000	2.398000	0.417014	0.255817	0.074423	0.561436	0.233733	2.398000	0.529346
14.000000	2.400000	0.416667	0.257754	0.073563	0.552654	0.240440	2.400000	0.522520
14.000000	2.408000	0.415282	0.262179	0.075362	0.547093	0.238315	2.408000	0.519011
14.000000	2.416000	0.413907	0.267980	0.075504	0.522308	0.248032	2.416000	0.492434
14.000000	2.424000	0.412541	0.274321	0.075441	0.501596	0.251611	2.424000	0.473319
14.000000	2.432000	0.411184	0.277990	0.074696	0.505395	0.242915	2.432000	0.486311
14.000000	2.440000	0.409836	0.281600	0.073995	0.493242	0.244557	2.440000	0.476163
14.000000	2.448000	0.408497	0.285193	0.071980	0.488085	0.239340	2.448000	0.475105
14.000000	2.456000	0.407166	0.285385	0.074110	0.492140	0.240462	2.456000	0.475560
14.000000	2.464000	0.405844	0.292026	0.074218	0.471409	0.243024	2.464000	0.456417
14.000000	2.472000	0.404531	0.296703	0.072387	0.458298	0.238865	2.472000	0.447149
14.000000	2.480000	0.403226	0.299134	0.074214	0.458640	0.242877	2.480000	0.443298
14.000000	2.488000	0.401929	0.305521	0.071700	0.434004	0.239314	2.488000	0.417641
14.000000	2.496000	0.400641	0.305072	0.073632	0.445457	0.239502	2.496000	0.433816
14.000000	2.504000	0.399361	0.307491	0.071683	0.437911	0.236245	2.504000	0.429153
14.000000	2.512000	0.398089	0.315803	0.071737	0.413158	0.238311	2.512000	0.394515
14.000000	2.520000	0.396825	0.317822	0.071313	0.408862	0.233335	2.520000	0.392530
14.000000	2.528000	0.395570	0.321993	0.070147	0.401007	0.231550	2.528000	0.385698
14.000000	2.536000	0.394322	0.324841	0.069943	0.400643	0.229670	2.536000	0.389690
14.000000	2.544000	0.393082	0.329121	0.069988	0.385442	0.232083	2.544000	0.362160
14.000000	2.552000	0.391850	0.330508	0.068526	0.387759	0.224626	2.552000	0.382012
14.000000	2.560000	0.390625	0.336251	0.069260	0.369033	0.226334	2.560000	0.344068
14.000000	2.568000	0.389408	0.339513	0.067595	0.361485	0.221301	2.568000	0.339941
14.000000	2.576000	0.388199	0.342930	0.067721	0.357274	0.219741	2.576000	0.334374
14.000000	2.584000	0.386997	0.346560	0.066198	0.347482	0.216570	2.584000	0.324602
14.000000	2.592000	0.385802	0.347940	0.065826	0.348757	0.213783	2.592000	0.335846
14.000000	2.600000	0.384615	0.350090	0.067531	0.345251	0.219884	2.600000	0.312020
14.000000	2.608000	0.383436	0.352833	0.066314	0.342577	0.213654	2.608000	0.320483
14.000000	2.616000	0.382263	0.355957	0.066540	0.338427	0.211445	2.616000	0.314630
14.000000	2.624000	0.381098	0.358312	0.065922	0.328381	0.211848	2.624000	0.299900
14.000000	2.632000	0.379939	0.365296	0.066103	0.316245	0.205476	2.632000	0.280833
14.000000	2.640000	0.378788	0.366565	0.063860	0.310070	0.202113	2.640000	0.274405
14.000000	2.648000	0.377644	0.365820	0.064670	0.324650	0.203206	2.648000	0.308066
14.000000	2.656000	0.376506	0.370838	0.064811	0.306808	0.202676	2.656000	0.259543
14.000000	2.664000	0.375375	0.373232	0.064143	0.305896	0.200773	2.664000	0.270799
14.000000	2.672000	0.374251	0.374890	0.063234	0.303174	0.197016	2.672000	0.273290
14.000000	2.680000	0.373134	0.375240	0.065829	0.309061	0.202085	2.680000	0.271584
14.000000	2.688000	0.372024	0.380581	0.063289	0.290356	0.194950	2.688000	0.248023
14.000000	2.696000	0.370920	0.384976	0.063751	0.287862	0.192247	2.696000	0.239851
14.000000	2.704000	0.369822	0.385030	0.063375	0.290616	0.194514	2.704000	0.248402
14.000000	2.712000	0.368732	0.386147	0.062941	0.286758	0.191103	2.712000	0.245871
14.000000	2.720000	0.367647	0.390917	0.061378	0.277776	0.187883	2.720000	0.241687
14.000000	2.728000	0.366569	0.393464	0.061524	0.274192	0.185840	2.728000	0.222371
14.000000	2.736000	0.365497	0.395805	0.061830	0.269785	0.183099	2.736000	0.219334
14.000000	2.744000	0.364431	0.398937	0.061209	0.260136	0.179769	2.744000	0.199907
14.000000	2.752000	0.363372	0.397174	0.061962	0.273527	0.185093	2.752000	0.234014
14.000000	2.760000	0.362319	0.402504	0.059433	0.257355	0.174134	2.760000	0.216483
14.000000	2.792000	0.358166	0.410367	0.061231	0.253559	0.174414	2.792000	0.189561
14.000000	2.824000	0.354108	0.419928	0.060211	0.238406	0.167502	2.824000	0.181945
14.000000	2.856000	0.350140	0.428287	0.058643	0.229893	0.160521	2.856000	0.174670
14.000000	2.888000	0.346260	0.435303	0.058442	0.217572	0.156959	2.888000	0.130466
14.000000	2.920000	0.342466	0.443561	0.058684	0.213419	0.153561	2.920000	0.117605
14.000000	2.952000	0.338753	0.451080	0.057137	0.202209	0.144931	2.952000	0.124032
14.000000	2.984000	0.335121	0.456602	0.056770	0.195233	0.141480	2.984000	0.091986
14.000000	3.016000	0.331565	0.463419	0.058264	0.196460	0.143081	3.016000	0.102836
14.000000	3.048000	0.328084	0.470497	0.055762	0.188233	0.135417	3.048000	0.112785
14.000000	3.080000	0.324675	0.476145	0.056770	0.185654	0.133718	3.080000	0.107979
14.000000	3.112000	0.321337	0.483546	0.055882	0.175529	0.130080	3.112000	0.068653
14.000000	3.144000	0.318066	0.489160	0.055310	0.178973	0.129784	3.144000	0.103642
14.000000	3.176000	0.314861	0.493585	0.055397	0.171014	0.125833	3.176000	0.060549
14.000000	3.208000	0.311721	0.498695	0.054851	0.169320	0.124743	3.208000	0.069075
14.000000	3.240000	0.308642	0.506252	0.055038	0.162556	0.120900	3.240000	0.052296
14.000000	3.272000	0.305623	0.513204	0.054100	0.158680	0.117445	3.272000	0.062170
14.000000	3.304000	0.302663	0.516837	0.054718	0.155601	0.114807	3.304000	0.056437
14.000000	3.336000	0.299760	0.521860	0.053877	0.152541	0.111933	3.336000	0.065223
14.000000	3.368000	0.296912	0.526860	0.053596	0.152020	0.112947	3.368000	0.053830
14.000000	3.400000	0.294118	0.534976	0.053190	0.147637	0.110252	3.400000	0.044205
14.000000	3.432000	0.291375	0.538260	0.052667	0.146349	0.107823	3.432000	0.077196
14.000000	3.464000	0.288684	0.541656	0.052144	0.141187	0.106195	3.464000	0.029341
14.000000	3.496000	0.286041	0.546566	0.053323	0.146451	0.106893	3.496000	0.068292
14.000000	3.528000	0.283447	0.550798	0.051663	0.139962	0.103695	3.528000	0.048164
14.000000	3.560000	0.280899	0.554957	0.051886	0.136523	0.102878	3.560000	0.010440
14.000000	3.592000	0.278396	0.561051	0.051681	0.136082	0.099631	3.592000	0.073780
14.000000	3.624000	0.275938	0.565877	0.050851	0.131677	0.098461	3.624000	0.032907
14.000000	3.656000	0.273523	0.567772	0.051361	0.133454	0.098573	3.656000	0.062583
