84.000000	0.050000	20.000000	0.000000	0.000000	1.000000	0.000000	0.050000	0.666667
84.000000	0.150000	6.666667	0.000000	0.000000	1.000000	0.000000	0.150000	0.666667
84.000000	0.250000	4.000000	0.000000	0.000000	1.000000	0.000000	0.250000	0.666667
84.000000	0.350000	2.857143	0.000000	0.000000	1.000000	0.000000	0.350000	0.666667
84.000000	0.450000	2.222222	0.000000	0.000003	1.000000	0.000004	0.450000	0.666667
84.000000	0.550000	1.818182	0.000001	0.000013	0.999999	0.000018	0.550000	0.666667
84.000000	0.650000	1.538462	0.000010	0.000038	0.999990	0.000054	0.650000	0.666667
84.000000	0.750000	1.333333	0.000049	0.000084	0.999951	0.000118	0.750000	0.666667
84.000000	0.850000	1.176471	0.000171	0.000161	0.999829	0.000224	0.850000	0.666667
84.000000	0.950000	1.052632	0.000465	0.000272	0.999535	0.000375	0.950000	0.666666
84.000000	1.050000	0.952381	0.001077	0.000422	0.998923	0.000582	1.050000	0.666666
84.000000	1.150000	0.869565	0.002174	0.000630	0.997825	0.000856	1.150000	0.666666
84.000000	1.250000	0.800000	0.003988	0.000883	0.996006	0.001186	1.250000	0.666665
84.000000	1.350000	0.740741	0.006755	0.001180	0.993225	0.001583	1.350000	0.666663
84.000000	1.450000	0.689655	0.010776	0.001581	0.989159	0.002112	1.450000	0.666661
84.000000	1.550000	0.645161	0.016510	0.002069	0.983300	0.002763	1.550000	0.666656
84.000000	1.650000	0.606061	0.024310	0.002687	0.975202	0.003603	1.650000	0.666648
84.000000	1.750000	0.571429	0.034839	0.003430	0.963965	0.004734	1.750000	0.666635
84.000000	1.850000	0.540541	0.048893	0.004335	0.948299	0.006336	1.850000	0.666607
84.000000	1.950000	0.512821	0.067600	0.005479	0.925897	0.008870	1.950000	0.666545
84.000000	2.000000	0.500000	0.079157	0.006055	0.911126	0.010357	2.000000	0.666495
84.000000	2.008000	0.498008	0.081215	0.006326	0.908533	0.010786	2.008000	0.666480
84.000000	2.016000	0.496032	0.083293	0.006464	0.905572	0.011539	2.016000	0.666452
84.000000	2.024000	0.494071	0.085454	0.006589	0.902530	0.012066	2.024000	0.666431
84.000000	2.032000	0.492126	0.087558	0.006675	0.899836	0.011931	2.032000	0.666434
84.000000	2.040000	0.490196	0.089743	0.006785	0.896950	0.012127	2.040000	0.666425
84.000000	2.048000	0.488281	0.092107	0.006972	0.893376	0.013070	2.048000	0.666384
84.000000	2.056000	0.486381	0.094402	0.007072	0.889979	0.013691	2.056000	0.666355
84.000000	2.064000	0.484496	0.096729	0.007192	0.886758	0.013816	2.064000	0.666346
84.000000	2.072000	0.482625	0.099295	0.007407	0.882726	0.014609	2.072000	0.666305
84.000000	2.080000	0.480769	0.101756	0.007529	0.879199	0.014925	2.080000	0.666286
84.000000	2.088000	0.478927	0.104433	0.007731	0.874848	0.015920	2.088000	0.666230
84.000000	2.096000	0.477099	0.107127	0.007873	0.870192	0.017351	2.096000	0.666146
84.000000	2.104000	0.475285	0.110016	0.008088	0.864941	0.018990	2.104000	0.666037
84.000000	2.112000	0.473485	0.112836	0.008210	0.860126	0.019997	2.112000	0.665964
84.000000	2.120000	0.471698	0.115553	0.008398	0.856563	0.019401	2.120000	0.665995
84.000000	2.128000	0.469925	0.118668	0.008583	0.850472	0.021254	2.128000	0.665850
84.000000	2.136000	0.468165	0.121543	0.008762	0.845989	0.022281	2.136000	0.665770
84.000000	2.144000	0.466418	0.124583	0.008784	0.841061	0.021613	2.144000	0.665803
84.000000	2.152000	0.464684	0.127974	0.009046	0.833976	0.024593	2.152000	0.665554
84.000000	2.160000	0.462963	0.131601	0.009277	0.825849	0.026574	2.160000	0.665331
84.000000	2.168000	0.461255	0.135252	0.009564	0.817631	0.029457	2.168000	0.665015
84.000000	2.176000	0.459559	0.138466	0.009677	0.813205	0.027731	2.176000	0.665160
84.000000	2.184000	0.457875	0.142388	0.010113	0.804098	0.030801	2.184000	0.664771
84.000000	2.192000	0.456204	0.145963	0.010469	0.796648	0.034872	2.192000	0.664294
84.000000	2.200000	0.454545	0.150592	0.011026	0.782692	0.039711	2.200000	0.663418
84.000000	2.208000	0.452899	0.154273	0.011055	0.775758	0.039089	2.208000	0.663433
84.000000	2.216000	0.451264	0.158049	0.011404	0.766703	0.045199	2.216000	0.662400
84.000000	2.224000	0.449640	0.162775	0.011573	0.752782	0.050869	2.224000	0.661293
84.000000	2.226000	0.449236	0.163526	0.011659	0.754037	0.047347	2.226000	0.661877
84.000000	2.228000	0.448833	0.164881	0.011636	0.747988	0.048474	2.228000	0.661446
84.000000	2.230000	0.448430	0.165845	0.011847	0.747028	0.048843	2.230000	0.661392
84.000000	2.232000	0.448029	0.168195	0.011918	0.732186	0.058801	2.232000	0.659027
84.000000	2.234000	0.447628	0.167925	0.011707	0.741122	0.053254	2.234000	0.660705
84.000000	2.236000	0.447227	0.168944	0.011509	0.739898	0.043936	2.236000	0.662142
84.000000	2.238000	0.446828	0.171146	0.012050	0.724790	0.061500	2.238000	0.658260
84.000000	2.240000	0.446429	0.172061	0.012376	0.725821	0.058344	2.240000	0.658971
84.000000	2.242000	0.446030	0.174124	0.012513	0.713202	0.064749	2.242000	0.656972
84.000000	2.244000	0.445633	0.174889	0.012804	0.710785	0.076700	2.244000	0.654613
84.000000	2.246000	0.445236	0.177279	0.012617	0.701402	0.067194	2.246000	0.655759
84.000000	2.248000	0.444840	0.179312	0.012868	0.687879	0.078501	2.248000	0.651881
84.000000	2.250000	0.444444	0.181185	0.013396	0.662181	0.143099	2.250000	0.636606
84.000000	2.252000	0.444050	0.181924	0.013268	0.676615	0.086856	2.252000	0.649011
84.000000	2.254000	0.443656	0.181257	0.012673	0.693732	0.067345	2.254000	0.655910
84.000000	2.256000	0.443262	0.186393	0.014968	0.613441	0.187803	2.256000	0.608018
84.000000	2.258000	0.442870	0.186331	0.013256	0.655031	0.090383	2.258000	0.645389
84.000000	2.260000	0.442478	0.186853	0.013439	0.659243	0.105775	2.260000	0.646182
84.000000	2.262000	0.442087	0.194025	0.016092	0.535709	0.235377	2.262000	0.559360
84.000000	2.264000	0.441696	0.188216	0.012727	0.669780	0.066278	2.264000	0.654754
84.000000	2.266000	0.441306	0.194702	0.014771	0.571672	0.183454	2.266000	0.596841
84.000000	2.268000	0.440917	0.194371	0.014371	0.614977	0.120203	2.268000	0.631143
84.000000	2.270000	0.440529	0.199487	0.015979	0.544632	0.174790	2.270000	0.586289
84.000000	2.272000	0.440141	0.198560	0.014133	0.569332	0.150515	2.272000	0.610594
84.000000	2.274000	0.439754	0.201184	0.014900	0.538009	0.167531	2.274000	0.584276
84.000000	2.276000	0.439367	0.203149	0.014964	0.523530	0.175939	2.276000	0.579076
84.000000	2.278000	0.438982	0.202516	0.014858	0.562103	0.149250	2.278000	0.609894
84.000000	2.280000	0.438596	0.203627	0.015319	0.554524	0.149931	2.280000	0.600209
84.000000	2.282000	0.438212	0.209138	0.014880	0.464928	0.199862	2.282000	0.537232
84.000000	2.284000	0.437828	0.208942	0.015337	0.486198	0.205195	2.284000	0.551407
84.000000	2.286000	0.437445	0.209994	0.015185	0.503964	0.171049	2.286000	0.574366
84.000000	2.288000	0.437063	0.211893	0.015393	0.468913	0.202159	2.288000	0.536722
84.000000	2.290000	0.436681	0.215975	0.014126	0.422431	0.187942	2.290000	0.514071
84.000000	2.292000	0.436300	0.216421	0.014325	0.426747	0.188351	2.292000	0.514758
84.000000	2.294000	0.435920	0.217735	0.014234	0.433923	0.174647	2.294000	0.539861
84.000000	2.296000	0.435540	0.218543	0.014733	0.441900	0.171774	2.296000	0.536080
84.000000	2.298000	0.435161	0.220878	0.014568	0.393956	0.198401	2.298000	0.471724
84.000000	2.300000	0.434783	0.225622	0.013928	0.313401	0.185236	2.300000	0.350591
84.000000	2.302000	0.434405	0.226334	0.013698	0.323492	0.188721	2.302000	0.393072
84.000000	2.304000	0.434028	0.227326	0.013702	0.340410	0.175588	2.304000	0.441205
84.000000	2.306000	0.433651	0.228553	0.014584	0.327469	0.188743	2.306000	0.390746
84.000000	2.308000	0.433276	0.228441	0.013819	0.355956	0.179251	2.308000	0.472762
84.000000	2.310000	0.432900	0.230216	0.014328	0.331069	0.190161	2.310000	0.399733
84.000000	2.312000	0.432526	0.233082	0.013908	0.287396	0.190321	2.312000	0.321355
84.000000	2.314000	0.432152	0.233717	0.013914	0.304075	0.175390	2.314000	0.368874
84.000000	2.316000	0.431779	0.234723	0.013848	0.293438	0.177668	2.316000	0.353946
84.000000	2.318000	0.431406	0.237070	0.013613	0.272338	0.176206	2.318000	0.330226
84.000000	2.320000	0.431034	0.237973	0.012716	0.256064	0.152002	2.320000	0.319254
84.000000	2.322000	0.430663	0.240258	0.013515	0.250631	0.166212	2.322000	0.255299
84.000000	2.324000	0.430293	0.240824	0.012820	0.276011	0.154656	2.324000	0.381742
84.000000	2.326000	0.429923	0.240265	0.013919	0.306289	0.165643	2.326000	0.399369
84.000000	2.328000	0.429553	0.245066	0.012126	0.199695	0.135977	2.328000	0.198920
84.000000	2.330000	0.429185	0.242401	0.013038	0.279334	0.156141	2.330000	0.378086
84.000000	2.332000	0.428816	0.245025	0.012309	0.250246	0.147238	2.332000	0.362404
84.000000	2.334000	0.428449	0.247998	0.012246	0.204470	0.135731	2.334000	0.227661
84.000000	2.336000	0.428082	0.248480	0.013230	0.213424	0.147363	2.336000	0.176658
84.000000	2.338000	0.427716	0.250625	0.012352	0.181851	0.132936	2.338000	0.080001
84.000000	2.340000	0.427350	0.250327	0.012164	0.201522	0.141364	2.340000	0.206369
84.000000	2.342000	0.426985	0.251913	0.012230	0.200598	0.134937	2.342000	0.247430
84.000000	2.344000	0.426621	0.252465	0.012222	0.202049	0.135628	2.344000	0.254550
84.000000	2.346000	0.426257	0.253066	0.012507	0.204565	0.128307	2.346000	0.268548
84.000000	2.348000	0.425894	0.255459	0.011938	0.191351	0.122847	2.348000	0.238740
84.000000	2.350000	0.425532	0.255904	0.012321	0.206699	0.136360	2.350000	0.243768
84.000000	2.352000	0.425170	0.257757	0.011410	0.157611	0.117141	2.352000	0.120258
84.000000	2.354000	0.424809	0.259349	0.011737	0.159369	0.113692	2.354000	0.137579
84.000000	2.356000	0.424448	0.259965	0.011571	0.174679	0.115481	2.356000	0.228452
84.000000	2.358000	0.424088	0.261341	0.011697	0.155531	0.106032	2.358000	0.208545
84.000000	2.360000	0.423729	0.262248	0.011540	0.168367	0.116999	2.360000	0.172633
84.000000	2.362000	0.423370	0.263441	0.011668	0.148825	0.110415	2.362000	0.057365
84.000000	2.364000	0.423012	0.263384	0.011675	0.160786	0.114028	2.364000	0.164099
84.000000	2.366000	0.422654	0.265720	0.011793	0.157157	0.113850	2.366000	0.100711
84.000000	2.368000	0.422297	0.266125	0.011593	0.151495	0.102711	2.368000	0.198295
84.000000	2.370000	0.421941	0.267452	0.011700	0.144597	0.102031	2.370000	0.122279
84.000000	2.372000	0.421585	0.267105	0.011734	0.159903	0.116922	2.372000	0.091371
84.000000	2.374000	0.421230	0.268587	0.011762	0.151662	0.110260	2.374000	0.073622
84.000000	2.376000	0.420875	0.270357	0.011619	0.137992	0.103176	2.376000	0.085580
84.000000	2.378000	0.420521	0.270737	0.011690	0.150071	0.107886	2.378000	0.106758
84.000000	2.380000	0.420168	0.272549	0.011502	0.122838	0.090010	2.380000	0.129144
84.000000	2.382000	0.419815	0.273711	0.011321	0.129375	0.093684	2.382000	0.098697
84.000000	2.384000	0.419463	0.274546	0.011351	0.125062	0.096452	2.384000	-0.074948
84.000000	2.386000	0.419111	0.274926	0.011318	0.138658	0.100728	2.386000	0.118570
84.000000	2.388000	0.418760	0.275986	0.011557	0.134436	0.100571	2.388000	0.092308
84.000000	2.390000	0.418410	0.277861	0.011302	0.115010	0.082606	2.390000	0.094830
84.000000	2.392000	0.418060	0.278327	0.011259	0.123006	0.085269	2.392000	0.163566
84.000000	2.394000	0.417711	0.278797	0.011517	0.138472	0.094187	2.394000	0.206371
84.000000	2.396000	0.417362	0.279819	0.011387	0.134701	0.094354	2.396000	0.145941
84.000000	2.398000	0.417014	0.280571	0.011347	0.123812	0.089822	2.398000	0.079572
84.000000	2.400000	0.416667	0.280599	0.011679	0.144583	0.098216	2.400000	0.204990
84.000000	2.408000	0.415282	0.285394	0.011266	0.119206	0.086737	2.408000	0.090288
84.000000	2.416000	0.413907	0.288740	0.011237	0.115714	0.085501	2.416000	0.067792
84.000000	2.424000	0.412541	0.292455	0.011193	0.110301	0.079435	2.424000	0.088462
84.000000	2.432000	0.411184	0.295818	0.011026	0.106668	0.078144	2.432000	0.091089
84.000000	2.440000	0.409836	0.299433	0.011011	0.097081	0.070417	2.440000	0.069904
84.000000	2.448000	0.408497	0.302311	0.010924	0.106245	0.076946	2.448000	0.048843
84.000000	2.456000	0.407166	0.305902	0.010859	0.085094	0.064591	2.456000	-0.038926
84.000000	2.464000	0.405844	0.308921	0.010779	0.095893	0.069758	2.464000	0.050261
84.000000	2.472000	0.404531	0.312573	0.010761	0.083059	0.059058	2.472000	0.121671
84.000000	2.480000	0.403226	0.315353	0.010498	0.084649	0.064091	2.480000	0.049558
84.000000	2.488000	0.401929	0.318566	0.010458	0.079524	0.059323	2.488000	0.021018
84.000000	2.496000	0.400641	0.321720	0.010689	0.075107	0.054118	2.496000	0.114747
84.000000	2.504000	0.399361	0.324739	0.010578	0.078842	0.058216	2.504000	0.052499
84.000000	2.512000	0.398089	0.327630	0.010509	0.070856	0.054415	2.512000	-0.004268
84.000000	2.520000	0.396825	0.330796	0.010372	0.068919	0.052839	2.520000	0.011544
84.000000	2.528000	0.395570	0.333590	0.010610	0.068683	0.052905	2.528000	-0.044515
84.000000	2.536000	0.394322	0.336298	0.010370	0.067968	0.050815	2.536000	0.041839
84.000000	2.544000	0.393082	0.339456	0.010659	0.066407	0.049819	2.544000	0.011420
84.000000	2.552000	0.391850	0.342134	0.010525	0.064744	0.048890	2.552000	0.032753
84.000000	2.560000	0.390625	0.344522	0.010639	0.065812	0.049367	2.560000	0.039892
84.000000	2.568000	0.389408	0.347415	0.010344	0.057700	0.042737	2.568000	0.063644
84.000000	2.576000	0.388199	0.350201	0.010443	0.061741	0.044313	2.576000	0.112598
84.000000	2.584000	0.386997	0.352657	0.010163	0.060390	0.045023	2.584000	0.052351
84.000000	2.592000	0.385802	0.355321	0.010184	0.058579	0.043023	2.592000	0.070037
84.000000	2.600000	0.384615	0.358069	0.010263	0.056860	0.041130	2.600000	0.095688
84.000000	2.608000	0.383436	0.360440	0.010260	0.056226	0.042513	2.608000	-0.001511
84.000000	2.616000	0.382263	0.363100	0.010111	0.056726	0.043009	2.616000	-0.015596
84.000000	2.624000	0.381098	0.365420	0.010435	0.054718	0.040866	2.624000	0.036327
84.000000	2.632000	0.379939	0.367866	0.010252	0.053633	0.040579	2.632000	-0.009140
84.000000	2.640000	0.378788	0.370396	0.009962	0.051500	0.037285	2.640000	0.099276
84.000000	2.648000	0.377644	0.373198	0.010165	0.052580	0.039545	2.648000	0.022693
84.000000	2.656000	0.376506	0.375344	0.010122	0.050750	0.037826	2.656000	0.034703
84.000000	2.664000	0.375375	0.377423	0.010224	0.049822	0.037685	2.664000	0.012831
84.000000	2.672000	0.374251	0.380126	0.009946	0.050074	0.037692	2.672000	0.021532
84.000000	2.680000	0.373134	0.382258	0.010079	0.049411	0.036454	2.680000	0.039136
84.000000	2.688000	0.372024	0.384745	0.009985	0.047073	0.035500	2.688000	0.016317
84.000000	2.696000	0.370920	0.386951	0.009883	0.047324	0.035530	2.696000	0.011082
84.000000	2.704000	0.369822	0.389127	0.010068	0.046916	0.034879	2.704000	0.023539
84.000000	2.712000	0.368732	0.391211	0.009937	0.045887	0.034254	2.712000	0.018747
84.000000	2.720000	0.367647	0.393832	0.009939	0.044870	0.032895	2.720000	0.068485
84.000000	2.728000	0.366569	0.395938	0.010037	0.045531	0.034967	2.728000	0.004135
84.000000	2.736000	0.365497	0.397910	0.009945	0.044606	0.033651	2.736000	-0.009611
84.000000	2.744000	0.364431	0.400451	0.009908	0.043253	0.033444	2.744000	-0.069535
84.000000	2.752000	0.363372	0.402801	0.009850	0.043053	0.032173	2.752000	0.018369
84.000000	2.760000	0.362319	0.404506	0.009866	0.042556	0.031794	2.760000	0.026006
84.000000	2.792000	0.358166	0.413012	0.009745	0.040940	0.030495	2.792000	0.034227
84.000000	2.824000	0.354108	0.420911	0.009691	0.038117	0.028900	2.824000	0.000551
84.000000	2.856000	0.350140	0.428878	0.009652	0.038246	0.028308	2.856000	0.038200
84.000000	2.888000	0.346260	0.436263	0.009561	0.036272	0.027027	2.888000	0.032288
84.000000	2.920000	0.342466	0.443839	0.009380	0.034946	0.025664	2.920000	0.045137
84.000000	2.952000	0.338753	0.450911	0.009428	0.033883	0.025401	2.952000	0.031752
84.000000	2.984000	0.335121	0.457906	0.009290	0.032569	0.024723	2.984000	0.018541
84.000000	3.016000	0.331565	0.464314	0.009256	0.032212	0.023998	3.016000	0.028833
84.000000	3.048000	0.328084	0.471095	0.009323	0.030842	0.023310	3.048000	-0.019033
84.000000	3.080000	0.324675	0.477255	0.009210	0.030104	0.022766	3.080000	0.004906
84.000000	3.112000	0.321337	0.483548	0.009198	0.029517	0.022206	3.112000	-0.011843
84.000000	3.144000	0.318066	0.489429	0.009208	0.028453	0.021788	3.144000	-0.041314
84.000000	3.176000	0.314861	0.495454	0.008986	0.028683	0.021478	3.176000	0.035094
84.000000	3.208000	0.311721	0.501267	0.009012	0.027153	0.020485	3.208000	-0.001735
84.000000	3.240000	0.308642	0.506562	0.008875	0.026598	0.020043	3.240000	0.012076
84.000000	3.272000	0.305623	0.512089	0.008935	0.027223	0.020522	3.272000	0.024476
84.000000	3.304000	0.302663	0.517795	0.008986	0.026520	0.020385	3.304000	-0.011187
84.000000	3.336000	0.299760	0.522726	0.008812	0.025102	0.018784	3.336000	0.020798
84.000000	3.368000	0.296912	0.527857	0.008783	0.025015	0.019170	3.368000	-0.007473
84.000000	3.400000	0.294118	0.532917	0.008852	0.024750	0.018957	3.400000	0.004791
84.000000	3.432000	0.291375	0.537838	0.008825	0.024125	0.018156	3.432000	0.017400
84.000000	3.464000	0.288684	0.542551	0.008790	0.023970	0.018116	3.464000	0.016395
84.000000	3.496000	0.286041	0.547181	0.008730	0.023793	0.018031	3.496000	0.010236
84.000000	3.528000	0.283447	0.551597	0.008550	0.023063	0.017433	3.528000	0.008695
84.000000	3.560000	0.280899	0.556155	0.008643	0.022841	0.017260	3.560000	-0.005810
84.000000	3.592000	0.278396	0.560381	0.008599	0.022586	0.016990	3.592000	0.017041
84.000000	3.624000	0.275938	0.564780	0.008535	0.022459	0.016972	3.624000	-0.001509
84.000000	3.656000	0.273523	0.568922	0.008562	0.022410	0.017008	3.656000	0.007423
