192.000000	0.050000	20.000000	0.000000	0.000000	1.000000	0.000000	0.050000	0.666667
192.000000	0.150000	6.666667	0.000000	0.000000	1.000000	0.000000	0.150000	0.666667
192.000000	0.250000	4.000000	0.000000	0.000000	1.000000	0.000000	0.250000	0.666667
192.000000	0.350000	2.857143	0.000000	0.000000	1.000000	0.000000	0.350000	0.666667
192.000000	0.450000	2.222222	0.000000	0.000001	1.000000	0.000002	0.450000	0.666667
192.000000	0.550000	1.818182	0.000001	0.000005	0.999999	0.000007	0.550000	0.666667
192.000000	0.650000	1.538462	0.000009	0.000016	0.999991	0.000022	0.650000	0.666667
192.000000	0.750000	1.333333	0.000048	0.000037	0.999952	0.000052	0.750000	0.666667
192.000000	0.850000	1.176471	0.000170	0.000069	0.999830	0.000096	0.850000	0.666667
192.000000	0.950000	1.052632	0.000468	0.000120	0.999532	0.000166	0.950000	0.666667
192.000000	1.050000	0.952381	0.001072	0.000183	0.998927	0.000253	1.050000	0.666667
192.000000	1.150000	0.869565	0.002173	0.000269	0.997826	0.000371	1.150000	0.666666
192.000000	1.250000	0.800000	0.003976	0.000376	0.996018	0.000512	1.250000	0.666666
192.000000	1.350000	0.740741	0.006732	0.000516	0.993247	0.000696	1.350000	0.666666
192.000000	1.450000	0.689655	0.010784	0.000684	0.989153	0.000910	1.450000	0.666666
192.000000	1.550000	0.645161	0.016446	0.000894	0.983371	0.001195	1.550000	0.666665
192.000000	1.650000	0.606061	0.024275	0.001149	0.975248	0.001558	1.650000	0.666663
192.000000	1.750000	0.571429	0.034805	0.001477	0.964027	0.002039	1.750000	0.666661
192.000000	1.850000	0.540541	0.048846	0.001896	0.948410	0.002763	1.850000	0.666655
192.000000	1.950000	0.512821	0.067530	0.002424	0.926197	0.003841	1.950000	0.666644
192.000000	2.000000	0.500000	0.079141	0.002764	0.911277	0.004628	2.000000	0.666632
192.000000	2.008000	0.498008	0.081188	0.002727	0.908503	0.004725	2.008000	0.666631
192.000000	2.016000	0.496032	0.083317	0.002807	0.905581	0.004942	2.016000	0.666627
192.000000	2.024000	0.494071	0.085221	0.002886	0.903057	0.005059	2.024000	0.666625
192.000000	2.032000	0.492126	0.087533	0.002931	0.899840	0.005376	2.032000	0.666619
192.000000	2.040000	0.490196	0.089778	0.002973	0.896828	0.005378	2.040000	0.666619
192.000000	2.048000	0.488281	0.091993	0.003145	0.893715	0.005831	2.048000	0.666610
192.000000	2.056000	0.486381	0.094320	0.003058	0.890340	0.005761	2.056000	0.666611
192.000000	2.064000	0.484496	0.096632	0.003115	0.886905	0.005885	2.064000	0.666608
192.000000	2.072000	0.482625	0.099192	0.003282	0.883097	0.006358	2.072000	0.666598
192.000000	2.080000	0.480769	0.101669	0.003279	0.879453	0.006412	2.080000	0.666596
192.000000	2.088000	0.478927	0.104330	0.003386	0.875374	0.006923	2.088000	0.666584
192.000000	2.096000	0.477099	0.106923	0.003406	0.871158	0.007041	2.096000	0.666580
192.000000	2.104000	0.475285	0.109833	0.003550	0.866302	0.007694	2.104000	0.666562
192.000000	2.112000	0.473485	0.112715	0.003557	0.861380	0.007894	2.112000	0.666555
192.000000	2.120000	0.471698	0.115389	0.003665	0.856870	0.008362	2.120000	0.666540
192.000000	2.128000	0.469925	0.118438	0.003652	0.852134	0.008326	2.128000	0.666540
192.000000	2.136000	0.468165	0.121438	0.003767	0.846729	0.008735	2.136000	0.666525
192.000000	2.144000	0.466418	0.124854	0.003968	0.839714	0.010394	2.144000	0.666464
192.000000	2.152000	0.464684	0.128106	0.004066	0.833774	0.010813	2.152000	0.666444
192.000000	2.160000	0.462963	0.131391	0.004045	0.827120	0.011297	2.160000	0.666420
192.000000	2.168000	0.461255	0.135152	0.004157	0.820045	0.011439	2.168000	0.666408
192.000000	2.176000	0.459559	0.138543	0.004311	0.812340	0.013017	2.176000	0.666327
192.000000	2.184000	0.457875	0.142341	0.004409	0.804626	0.013361	2.184000	0.666301
192.000000	2.192000	0.456204	0.146122	0.004485	0.795505	0.013887	2.192000	0.666262
192.000000	2.200000	0.454545	0.150435	0.004801	0.784412	0.017428	2.200000	0.666017
192.000000	2.208000	0.452899	0.154670	0.004848	0.773411	0.019065	2.208000	0.665870
192.000000	2.216000	0.451264	0.158776	0.005080	0.762106	0.022055	2.216000	0.665575
192.000000	2.224000	0.449640	0.163536	0.005170	0.748689	0.022168	2.224000	0.665520
192.000000	2.226000	0.449236	0.166272	0.005694	0.724057	0.044357	2.226000	0.662021
192.000000	2.228000	0.448833	0.166343	0.005179	0.737400	0.026648	2.228000	0.664989
192.000000	2.230000	0.448430	0.167384	0.005123	0.735468	0.024097	2.230000	0.665267
192.000000	2.232000	0.448029	0.168719	0.005368	0.725440	0.032143	2.232000	0.664153
192.000000	2.234000	0.447628	0.170380	0.005502	0.720612	0.032047	2.234000	0.664156
192.000000	2.236000	0.447227	0.171852	0.005408	0.718014	0.027486	2.236000	0.664754
192.000000	2.238000	0.446828	0.172894	0.005401	0.713540	0.031227	2.238000	0.664214
192.000000	2.240000	0.446429	0.174697	0.005526	0.701666	0.036723	2.240000	0.663183
192.000000	2.242000	0.446030	0.175828	0.005572	0.697565	0.035873	2.242000	0.663315
192.000000	2.244000	0.445633	0.176105	0.005665	0.702997	0.037565	2.244000	0.663124
192.000000	2.246000	0.445236	0.177953	0.005706	0.694049	0.037142	2.246000	0.663016
192.000000	2.248000	0.444840	0.179994	0.006026	0.680398	0.039224	2.248000	0.662370
192.000000	2.250000	0.444444	0.185774	0.007215	0.537703	0.155876	2.250000	0.591282
192.000000	2.252000	0.444050	0.184100	0.006182	0.640915	0.061659	2.252000	0.655545
192.000000	2.254000	0.443656	0.183891	0.005863	0.667944	0.042895	2.254000	0.661712
192.000000	2.256000	0.443262	0.186383	0.006307	0.645510	0.053211	2.256000	0.658315
192.000000	2.258000	0.442870	0.188401	0.006286	0.628013	0.055276	2.258000	0.657103
192.000000	2.260000	0.442478	0.190008	0.006891	0.606956	0.088310	2.260000	0.643401
192.000000	2.262000	0.442087	0.192027	0.006051	0.602691	0.052661	2.262000	0.656960
192.000000	2.264000	0.441696	0.192542	0.006264	0.596260	0.071536	2.264000	0.649629
192.000000	2.266000	0.441306	0.193539	0.006159	0.612844	0.050863	2.266000	0.657983
192.000000	2.268000	0.440917	0.196549	0.006881	0.560798	0.099228	2.268000	0.632783
192.000000	2.270000	0.440529	0.197075	0.006708	0.587038	0.070749	2.270000	0.649784
192.000000	2.272000	0.440141	0.201292	0.006667	0.472591	0.157962	2.272000	0.588397
192.000000	2.274000	0.439754	0.202102	0.006308	0.509159	0.081682	2.274000	0.634461
192.000000	2.276000	0.439367	0.201445	0.006528	0.567170	0.060157	2.276000	0.652271
192.000000	2.278000	0.438982	0.205796	0.007431	0.469136	0.126223	2.278000	0.590079
192.000000	2.280000	0.438596	0.213435	0.005974	0.201440	0.114811	2.280000	0.385697
192.000000	2.282000	0.438212	0.207083	0.006216	0.500476	0.087180	2.282000	0.630374
192.000000	2.284000	0.437828	0.214711	0.006190	0.254385	0.144329	2.284000	0.361620
192.000000	2.286000	0.437445	0.216199	0.006511	0.266285	0.132746	2.286000	0.440853
192.000000	2.288000	0.437063	0.215944	0.007096	0.350272	0.144913	2.288000	0.511138
192.000000	2.290000	0.436681	0.218343	0.005926	0.281647	0.136783	2.290000	0.476952
192.000000	2.292000	0.436300	0.219606	0.006407	0.234949	0.149356	2.292000	0.257322
192.000000	2.294000	0.435920	0.220962	0.006024	0.260027	0.139049	2.294000	0.449112
192.000000	2.296000	0.435540	0.222252	0.006217	0.235884	0.130463	2.296000	0.364332
192.000000	2.298000	0.435161	0.224746	0.005729	0.209343	0.129568	2.298000	0.375163
192.000000	2.300000	0.434783	0.226410	0.005579	0.171398	0.114373	2.300000	0.255330
192.000000	2.302000	0.434405	0.227721	0.005960	0.190424	0.123169	2.302000	0.270567
192.000000	2.304000	0.434028	0.229418	0.005826	0.090212	0.071068	2.304000	0.006054
192.000000	2.306000	0.433651	0.230659	0.005640	0.145329	0.096631	2.306000	0.152232
192.000000	2.308000	0.433276	0.231473	0.005701	0.163525	0.104465	2.308000	0.247911
192.000000	2.310000	0.432900	0.233579	0.005760	0.116014	0.076624	2.310000	0.286249
192.000000	2.312000	0.432526	0.234563	0.005573	0.085793	0.067790	2.312000	-0.009969
192.000000	2.314000	0.432152	0.236076	0.005641	0.099446	0.075803	2.314000	-0.085831
192.000000	2.316000	0.431779	0.236694	0.005565	0.134891	0.099623	2.316000	0.162962
192.000000	2.318000	0.431406	0.237552	0.005651	0.139778	0.092511	2.318000	0.270090
192.000000	2.320000	0.431034	0.238916	0.005655	0.122474	0.093968	2.320000	0.145572
192.000000	2.322000	0.430663	0.241077	0.005562	0.103432	0.079229	2.322000	0.066252
192.000000	2.324000	0.430293	0.242025	0.005437	0.100737	0.079045	2.324000	-0.161408
192.000000	2.326000	0.429923	0.244029	0.005198	0.071003	0.054170	2.326000	0.079858
192.000000	2.328000	0.429553	0.244211	0.005446	0.107122	0.079922	2.328000	0.106167
192.000000	2.330000	0.429185	0.245110	0.005564	0.092350	0.061463	2.330000	0.185754
192.000000	2.332000	0.428816	0.247625	0.005455	0.071872	0.058019	2.332000	-0.067398
192.000000	2.334000	0.428449	0.247347	0.005375	0.076312	0.053996	2.334000	0.132562
192.000000	2.336000	0.428082	0.249329	0.005371	0.085762	0.059090	2.336000	0.134178
192.000000	2.338000	0.427716	0.250655	0.005415	0.080472	0.064257	2.338000	-0.046159
192.000000	2.340000	0.427350	0.251203	0.005268	0.084521	0.057717	2.340000	0.169771
192.000000	2.342000	0.426985	0.252331	0.005516	0.077028	0.054699	2.342000	0.164912
192.000000	2.344000	0.426621	0.254006	0.005235	0.074018	0.054472	2.344000	0.112881
192.000000	2.346000	0.426257	0.254475	0.005087	0.086090	0.068376	2.346000	0.014695
192.000000	2.348000	0.425894	0.255742	0.005495	0.084335	0.064465	2.348000	0.080818
192.000000	2.350000	0.425532	0.256799	0.005337	0.082863	0.062632	2.350000	-0.003863
192.000000	2.352000	0.425170	0.258167	0.005194	0.077593	0.060007	2.352000	0.049306
192.000000	2.354000	0.424809	0.259308	0.005197	0.059618	0.048675	2.354000	-0.099111
192.000000	2.356000	0.424448	0.259518	0.005298	0.092870	0.069284	2.356000	0.159834
192.000000	2.358000	0.424088	0.260604	0.005331	0.076098	0.053393	2.358000	0.140281
192.000000	2.360000	0.423729	0.262263	0.005044	0.072869	0.054211	2.360000	-0.012716
192.000000	2.362000	0.423370	0.263151	0.005173	0.065332	0.049622	2.362000	0.008612
192.000000	2.364000	0.423012	0.264225	0.005158	0.061127	0.051567	2.364000	-0.495764
192.000000	2.366000	0.422654	0.265293	0.005154	0.070275	0.046290	2.366000	0.241151
192.000000	2.368000	0.422297	0.266107	0.005263	0.067181	0.046004	2.368000	0.165148
192.000000	2.370000	0.421941	0.267293	0.005115	0.060615	0.044647	2.370000	0.015858
192.000000	2.372000	0.421585	0.267997	0.005070	0.060583	0.045313	2.372000	0.037892
192.000000	2.374000	0.421230	0.269680	0.004988	0.072782	0.049816	2.374000	0.202056
192.000000	2.376000	0.420875	0.270182	0.005068	0.065381	0.049059	2.376000	0.035088
192.000000	2.378000	0.420521	0.270992	0.005059	0.063388	0.050172	2.378000	-0.225428
192.000000	2.380000	0.420168	0.272317	0.004980	0.055952	0.043840	2.380000	-0.019940
192.000000	2.382000	0.419815	0.273209	0.005167	0.063746	0.049038	2.382000	-0.060612
192.000000	2.384000	0.419463	0.273704	0.005175	0.061303	0.040225	2.384000	0.270305
192.000000	2.386000	0.419111	0.274957	0.005141	0.057753	0.047443	2.386000	-0.141973
192.000000	2.388000	0.418760	0.276025	0.005187	0.061641	0.042934	2.388000	0.198101
192.000000	2.390000	0.418410	0.277045	0.005139	0.054063	0.040481	2.390000	0.077988
192.000000	2.392000	0.418060	0.278338	0.004949	0.053274	0.038843	2.392000	0.057580
192.000000	2.394000	0.417711	0.279064	0.004988	0.049842	0.036442	2.394000	0.057473
192.000000	2.396000	0.417362	0.280078	0.004993	0.051613	0.039935	2.396000	-0.033304
192.000000	2.398000	0.417014	0.280648	0.004975	0.052818	0.038984	2.398000	-0.044566
192.000000	2.400000	0.416667	0.282001	0.004980	0.051803	0.037968	2.400000	0.078092
192.000000	2.408000	0.415282	0.285441	0.004992	0.049326	0.036864	2.408000	-0.006747
192.000000	2.416000	0.413907	0.289099	0.004950	0.045491	0.034521	2.416000	-0.030565
192.000000	2.424000	0.412541	0.292629	0.004843	0.040051	0.029930	2.424000	0.048393
192.000000	2.432000	0.411184	0.296082	0.004748	0.043247	0.032860	2.432000	0.048817
192.000000	2.440000	0.409836	0.299112	0.004789	0.043404	0.031823	2.440000	0.026819
192.000000	2.448000	0.408497	0.302751	0.004889	0.040930	0.030116	2.448000	0.044726
192.000000	2.456000	0.407166	0.305968	0.004749	0.039075	0.028976	2.456000	0.046768
192.000000	2.464000	0.405844	0.309071	0.004823	0.042131	0.032111	2.464000	-0.058447
192.000000	2.472000	0.404531	0.312230	0.004792	0.038759	0.029040	2.472000	-0.032018
192.000000	2.480000	0.403226	0.315704	0.004718	0.037347	0.027164	2.480000	0.097325
192.000000	2.488000	0.401929	0.318573	0.004722	0.034459	0.026178	2.488000	-0.132086
192.000000	2.496000	0.400641	0.321711	0.004643	0.033122	0.024643	2.496000	0.048291
192.000000	2.504000	0.399361	0.324888	0.004614	0.033739	0.026802	2.504000	-0.098517
192.000000	2.512000	0.398089	0.327535	0.004642	0.033186	0.024425	2.512000	0.028697
192.000000	2.520000	0.396825	0.330482	0.004540	0.032896	0.024997	2.520000	-0.003641
192.000000	2.528000	0.395570	0.333458	0.004557	0.028036	0.020381	2.528000	0.073145
192.000000	2.536000	0.394322	0.336413	0.004658	0.029215	0.022294	2.536000	-0.020619
192.000000	2.544000	0.393082	0.339012	0.004561	0.028957	0.021888	2.544000	-0.070689
192.000000	2.552000	0.391850	0.342034	0.004560	0.027565	0.020574	2.552000	0.037667
192.000000	2.560000	0.390625	0.344734	0.004611	0.028051	0.020993	2.560000	0.015042
192.000000	2.568000	0.389408	0.347432	0.004477	0.026347	0.019265	2.568000	0.049611
192.000000	2.576000	0.388199	0.350253	0.004565	0.027765	0.020889	2.576000	-0.005836
192.000000	2.584000	0.386997	0.352719	0.004485	0.025079	0.019393	2.584000	-0.024789
192.000000	2.592000	0.385802	0.355278	0.004513	0.025348	0.019534	2.592000	0.010554
192.000000	2.600000	0.384615	0.357846	0.004459	0.025210	0.018905	2.600000	0.029347
192.000000	2.608000	0.383436	0.360457	0.004414	0.024762	0.018872	2.608000	0.006056
192.000000	2.616000	0.382263	0.362886	0.004456	0.024099	0.018049	2.616000	0.050903
192.000000	2.624000	0.381098	0.365506	0.004410	0.023528	0.017628	2.624000	0.006451
192.000000	2.632000	0.379939	0.368055	0.004452	0.022852	0.017338	2.632000	0.014073
192.000000	2.640000	0.378788	0.370481	0.004432	0.022933	0.016987	2.640000	0.054829
192.000000	2.648000	0.377644	0.372857	0.004416	0.022526	0.017250	2.648000	-0.003451
192.000000	2.656000	0.376506	0.375352	0.004392	0.022117	0.016749	2.656000	0.009509
192.000000	2.664000	0.375375	0.377594	0.004387	0.022139	0.016858	2.664000	-0.026015
192.000000	2.672000	0.374251	0.380094	0.004435	0.021793	0.016553	2.672000	-0.029292
192.000000	2.680000	0.373134	0.382282	0.004351	0.021240	0.016208	2.680000	-0.001700
192.000000	2.688000	0.372024	0.384733	0.004345	0.021077	0.015993	2.688000	-0.014910
192.000000	2.696000	0.370920	0.386905	0.004336	0.021007	0.015637	2.696000	0.016587
192.000000	2.704000	0.369822	0.389098	0.004329	0.020342	0.015461	2.704000	-0.001109
192.000000	2.712000	0.368732	0.391443	0.004367	0.019734	0.015059	2.712000	-0.043380
192.000000	2.720000	0.367647	0.393681	0.004324	0.019469	0.014601	2.720000	0.019242
192.000000	2.728000	0.366569	0.395838	0.004331	0.019581	0.014660	2.728000	0.009775
192.000000	2.736000	0.365497	0.398077	0.004363	0.018593	0.014237	2.736000	-0.059635
192.000000	2.744000	0.364431	0.400322	0.004257	0.019101	0.014490	2.744000	0.026620
192.000000	2.752000	0.363372	0.402440	0.004275	0.018590	0.014092	2.752000	0.015535
192.000000	2.760000	0.362319	0.404467	0.004348	0.018604	0.014349	2.760000	-0.013364
192.000000	2.792000	0.358166	0.412811	0.004290	0.018399	0.013801	2.792000	0.017996
192.000000	2.824000	0.354108	0.420992	0.004281	0.017392	0.013047	2.824000	0.001404
192.000000	2.856000	0.350140	0.428805	0.004217	0.016369	0.012354	2.856000	-0.012780
192.000000	2.888000	0.346260	0.436236	0.004121	0.015844	0.012182	2.888000	-0.060703
192.000000	2.920000	0.342466	0.443660	0.004152	0.015332	0.011443	2.920000	0.020115
192.000000	2.952000	0.338753	0.450858	0.004176	0.015124	0.011058	2.952000	0.048965
192.000000	2.984000	0.335121	0.457768	0.004061	0.014401	0.010719	2.984000	0.011184
192.000000	3.016000	0.331565	0.464391	0.004094	0.013992	0.010704	3.016000	-0.023955
192.000000	3.048000	0.328084	0.470915	0.004037	0.013727	0.010353	3.048000	-0.018176
192.000000	3.080000	0.324675	0.477334	0.004052	0.013214	0.010042	3.080000	-0.007863
192.000000	3.112000	0.321337	0.483486	0.004063	0.013105	0.010002	3.112000	-0.007224
192.000000	3.144000	0.318066	0.489554	0.004044	0.012833	0.009658	3.144000	0.021345
192.000000	3.176000	0.314861	0.495487	0.003953	0.012369	0.009199	3.176000	0.015729
192.000000	3.208000	0.311721	0.501225	0.003992	0.012079	0.009054	3.208000	0.019649
192.000000	3.240000	0.308642	0.506764	0.004000	0.011781	0.009020	3.240000	-0.024121
192.000000	3.272000	0.305623	0.512322	0.003880	0.011640	0.008818	3.272000	-0.003835
192.000000	3.304000	0.302663	0.517642	0.003899	0.011391	0.008564	3.304000	-0.002165
192.000000	3.336000	0.299760	0.522790	0.003844	0.011135	0.008489	3.336000	-0.002132
192.000000	3.368000	0.296912	0.527982	0.003874	0.011049	0.008394	3.368000	-0.014003
192.000000	3.400000	0.294118	0.532861	0.003848	0.010971	0.008246	3.400000	0.008285
192.000000	3.432000	0.291375	0.537805	0.003884	0.010718	0.008019	3.432000	0.031514
192.000000	3.464000	0.288684	0.542576	0.003790	0.010516	0.007887	3.464000	0.041572
192.000000	3.496000	0.286041	0.547145	0.003783	0.010364	0.007759	3.496000	0.024164
192.000000	3.528000	0.283447	0.551860	0.003758	0.010125	0.007610	3.528000	0.023598
192.000000	3.560000	0.280899	0.556217	0.003824	0.009914	0.007439	3.560000	0.000215
192.000000	3.592000	0.278396	0.560648	0.003787	0.009837	0.007462	3.592000	-0.004877
192.000000	3.624000	0.275938	0.564873	0.003799	0.009736	0.007383	3.624000	-0.008649
192.000000	3.656000	0.273523	0.569027	0.003747	0.009588	0.007215	3.656000	0.000296
