0.0	0.050000	10240.000000	24.973584
1.0	0.050000	10240.000000	0.850851
0.0	0.150000	10240.000000	24.913032
1.0	0.150000	10240.000000	0.804536
0.0	0.250000	10240.000000	24.575308
1.0	0.250000	10240.000000	0.819201
0.0	0.350000	10240.000000	24.756701
1.0	0.350000	10240.000000	0.811903
0.0	0.450000	10240.000000	24.727643
1.0	0.450000	10240.000000	0.822067
0.0	0.550000	10240.000000	23.890158
1.0	0.550000	10240.000000	0.793307
0.0	0.650000	10240.000000	23.879233
1.0	0.650000	10240.000000	0.873773
0.0	0.750000	10240.000000	25.460995
1.0	0.750000	10240.000000	1.019318
0.0	0.850000	10240.000000	25.406821
1.0	0.850000	10240.000000	1.040028
0.0	0.950000	10240.000000	25.370795
1.0	0.950000	10240.000000	0.962328
0.0	1.050000	10240.000000	25.545525
1.0	1.050000	10240.000000	0.987143
0.0	1.150000	10240.000000	25.625519
1.0	1.150000	10240.000000	0.895043
0.0	1.250000	10240.000000	23.929076
1.0	1.250000	10240.000000	0.980087
0.0	1.350000	10240.000000	23.831492
1.0	1.350000	10240.000000	0.896486
0.0	1.450000	10240.000000	24.211351
1.0	1.450000	10240.000000	0.980265
0.0	1.550000	10240.000000	25.956984
1.0	1.550000	10240.000000	0.939650
0.0	1.650000	10240.000000	24.994018
1.0	1.650000	10240.000000	0.913460
0.0	1.750000	10240.000000	25.631213
1.0	1.750000	10240.000000	0.929793
0.0	1.850000	10240.000000	25.799128
1.0	1.850000	10240.000000	1.042422
0.0	1.950000	10240.000000	23.320005
1.0	1.950000	10240.000000	0.895984
0.0	2.000000	10240.000000	23.429500
1.0	2.000000	10240.000000	0.934757
0.0	2.008000	10240.000000	24.784398
1.0	2.008000	10240.000000	0.990057
0.0	2.016000	10240.000000	24.934722
1.0	2.016000	10240.000000	0.961439
0.0	2.024000	10240.000000	24.919291
1.0	2.024000	10240.000000	1.004176
0.0	2.032000	10240.000000	26.491967
1.0	2.032000	10240.000000	0.964201
0.0	2.040000	10240.000000	25.830018
1.0	2.040000	10240.000000	0.952840
0.0	2.048000	10240.000000	26.191108
1.0	2.048000	10240.000000	0.950947
0.0	2.056000	10240.000000	26.414134
1.0	2.056000	10240.000000	0.951899
0.0	2.064000	10240.000000	24.164604
1.0	2.064000	10240.000000	0.920850
0.0	2.072000	10240.000000	26.464809
1.0	2.072000	10240.000000	0.951775
0.0	2.080000	10240.000000	26.155283
1.0	2.080000	10240.000000	0.953207
0.0	2.088000	10240.000000	26.017131
1.0	2.088000	10240.000000	0.996551
0.0	2.096000	10240.000000	25.978751
1.0	2.096000	10240.000000	0.971371
0.0	2.104000	10240.000000	25.856262
1.0	2.104000	10240.000000	0.953759
0.0	2.112000	10240.000000	23.044880
1.0	2.112000	10240.000000	0.930200
0.0	2.120000	10240.000000	20.905884
1.0	2.120000	10240.000000	0.908845
0.0	2.128000	10240.000000	20.989079
1.0	2.128000	10240.000000	1.041793
0.0	2.136000	10240.000000	24.869695
1.0	2.136000	10240.000000	0.982494
0.0	2.144000	10240.000000	25.168295
1.0	2.144000	10240.000000	0.923762
0.0	2.152000	10240.000000	25.081439
1.0	2.152000	10240.000000	0.972464
0.0	2.160000	10240.000000	26.439626
1.0	2.160000	10240.000000	0.956070
0.0	2.168000	10240.000000	23.909499
1.0	2.168000	10240.000000	0.986066
0.0	2.176000	10240.000000	23.575546
1.0	2.176000	10240.000000	0.889671
0.0	2.184000	10240.000000	25.265068
1.0	2.184000	10240.000000	0.972424
0.0	2.192000	10240.000000	24.838945
1.0	2.192000	10240.000000	1.162513
0.0	2.200000	10240.000000	23.903160
1.0	2.200000	10240.000000	0.922090
0.0	2.208000	10240.000000	24.962463
1.0	2.208000	10240.000000	0.951347
0.0	2.216000	10240.000000	24.202024
1.0	2.216000	10240.000000	0.901478
0.0	2.224000	10240.000000	23.934208
1.0	2.224000	10240.000000	1.161013
0.0	2.226000	10240.000000	24.282802
1.0	2.226000	10240.000000	0.957890
0.0	2.228000	10240.000000	24.192493
1.0	2.228000	10240.000000	0.907306
0.0	2.230000	10240.000000	24.189687
1.0	2.230000	10240.000000	0.919592
0.0	2.232000	10240.000000	24.196528
1.0	2.232000	10240.000000	0.938003
0.0	2.234000	10240.000000	24.182136
1.0	2.234000	10240.000000	0.918685
0.0	2.236000	10240.000000	24.349420
1.0	2.236000	10240.000000	1.149721
0.0	2.238000	10240.000000	25.615148
1.0	2.238000	10240.000000	0.935368
0.0	2.240000	10240.000000	24.405543
1.0	2.240000	10240.000000	0.966205
0.0	2.242000	10240.000000	27.009037
1.0	2.242000	10240.000000	1.239051
0.0	2.244000	10240.000000	17.527301
1.0	2.244000	10240.000000	0.881190
0.0	2.246000	10240.000000	22.229498
1.0	2.246000	10240.000000	0.885505
0.0	2.248000	10240.000000	22.233634
1.0	2.248000	10240.000000	0.870152
0.0	2.250000	10240.000000	22.907018
1.0	2.250000	10240.000000	0.883487
0.0	2.252000	10240.000000	22.498777
1.0	2.252000	10240.000000	0.891798
0.0	2.254000	10240.000000	23.096323
1.0	2.254000	10240.000000	0.877648
0.0	2.256000	10240.000000	26.993634
1.0	2.256000	10240.000000	0.964427
0.0	2.258000	10240.000000	27.017234
1.0	2.258000	10240.000000	0.933324
0.0	2.260000	10240.000000	23.389731
1.0	2.260000	10240.000000	0.880505
0.0	2.262000	10240.000000	23.308568
1.0	2.262000	10240.000000	0.915627
0.0	2.264000	10240.000000	23.626654
1.0	2.264000	10240.000000	0.907354
0.0	2.266000	10240.000000	23.531166
1.0	2.266000	10240.000000	0.895068
0.0	2.268000	10240.000000	26.554200
1.0	2.268000	10240.000000	0.991925
0.0	2.270000	10240.000000	26.720827
1.0	2.270000	10240.000000	0.924358
0.0	2.272000	10240.000000	24.736004
1.0	2.272000	10240.000000	0.926156
0.0	2.274000	10240.000000	22.999873
1.0	2.274000	10240.000000	0.989636
0.0	2.276000	10240.000000	26.785163
1.0	2.276000	10240.000000	0.943317
0.0	2.278000	10240.000000	26.996077
1.0	2.278000	10240.000000	0.987593
0.0	2.280000	10240.000000	27.332660
1.0	2.280000	10240.000000	0.989689
0.0	2.282000	10240.000000	27.349698
1.0	2.282000	10240.000000	1.020342
0.0	2.284000	10240.000000	27.400030
1.0	2.284000	10240.000000	0.972670
0.0	2.286000	10240.000000	25.551846
1.0	2.286000	10240.000000	0.925329
0.0	2.288000	10240.000000	25.260750
1.0	2.288000	10240.000000	0.937446
0.0	2.290000	10240.000000	25.241241
1.0	2.290000	10240.000000	0.931585
0.0	2.292000	10240.000000	25.958422
1.0	2.292000	10240.000000	0.889465
0.0	2.294000	10240.000000	24.747231
1.0	2.294000	10240.000000	0.934649
0.0	2.296000	10240.000000	24.837146
1.0	2.296000	10240.000000	0.938432
0.0	2.298000	10240.000000	24.614336
1.0	2.298000	10240.000000	0.931041
0.0	2.300000	10240.000000	24.727532
1.0	2.300000	10240.000000	0.978010
0.0	2.302000	10240.000000	25.671833
1.0	2.302000	10240.000000	0.933002
0.0	2.304000	10240.000000	25.665456
1.0	2.304000	10240.000000	0.962610
0.0	2.306000	10240.000000	23.040422
1.0	2.306000	10240.000000	0.948006
0.0	2.308000	10240.000000	22.611626
1.0	2.308000	10240.000000	0.917643
0.0	2.310000	10240.000000	23.728080
1.0	2.310000	10240.000000	0.897711
0.0	2.312000	10240.000000	24.627811
1.0	2.312000	10240.000000	0.959839
0.0	2.314000	10240.000000	23.578262
1.0	2.314000	10240.000000	0.950270
0.0	2.316000	10240.000000	23.644132
1.0	2.316000	10240.000000	0.925175
0.0	2.318000	10240.000000	24.690479
1.0	2.318000	10240.000000	0.938130
0.0	2.320000	10240.000000	24.970736
1.0	2.320000	10240.000000	0.978782
0.0	2.322000	10240.000000	24.015407
1.0	2.322000	10240.000000	0.957653
0.0	2.324000	10240.000000	26.046377
1.0	2.324000	10240.000000	1.022578
0.0	2.326000	10240.000000	24.368999
1.0	2.326000	10240.000000	0.932217
0.0	2.328000	10240.000000	24.798278
1.0	2.328000	10240.000000	1.025175
0.0	2.330000	10240.000000	25.689996
1.0	2.330000	10240.000000	0.942428
0.0	2.332000	10240.000000	25.649837
1.0	2.332000	10240.000000	0.944192
0.0	2.334000	10240.000000	25.615004
1.0	2.334000	10240.000000	0.944166
0.0	2.336000	10240.000000	25.183394
1.0	2.336000	10240.000000	0.940571
0.0	2.338000	10240.000000	25.233662
1.0	2.338000	10240.000000	0.967144
0.0	2.340000	10240.000000	24.360941
1.0	2.340000	10240.000000	0.918531
0.0	2.342000	10240.000000	24.461708
1.0	2.342000	10240.000000	1.219140
0.0	2.344000	10240.000000	27.835335
1.0	2.344000	10240.000000	0.984793
0.0	2.346000	10240.000000	25.955987
1.0	2.346000	10240.000000	0.996365
0.0	2.348000	10240.000000	26.362001
1.0	2.348000	10240.000000	0.998163
0.0	2.350000	10240.000000	27.471179
1.0	2.350000	10240.000000	0.978516
0.0	2.352000	10240.000000	23.956364
1.0	2.352000	10240.000000	0.918202
0.0	2.354000	10240.000000	23.880283
1.0	2.354000	10240.000000	0.927910
0.0	2.356000	10240.000000	23.534230
1.0	2.356000	10240.000000	0.920192
0.0	2.358000	10240.000000	23.485734
1.0	2.358000	10240.000000	0.921270
0.0	2.360000	10240.000000	24.594612
1.0	2.360000	10240.000000	0.939859
0.0	2.362000	10240.000000	24.625021
1.0	2.362000	10240.000000	0.937579
0.0	2.364000	10240.000000	24.650768
1.0	2.364000	10240.000000	0.967800
0.0	2.366000	10240.000000	25.160451
1.0	2.366000	10240.000000	0.962618
0.0	2.368000	10240.000000	25.436429
1.0	2.368000	10240.000000	1.057170
0.0	2.370000	10240.000000	25.050058
1.0	2.370000	10240.000000	0.978447
0.0	2.372000	10240.000000	24.843313
1.0	2.372000	10240.000000	0.927821
0.0	2.374000	10240.000000	26.119461
1.0	2.374000	10240.000000	0.985956
0.0	2.376000	10240.000000	24.600843
1.0	2.376000	10240.000000	0.948806
0.0	2.378000	10240.000000	26.328662
1.0	2.378000	10240.000000	0.978472
0.0	2.380000	10240.000000	25.302282
1.0	2.380000	10240.000000	0.955086
0.0	2.382000	10240.000000	24.920420
1.0	2.382000	10240.000000	0.942916
0.0	2.384000	10240.000000	24.936493
1.0	2.384000	10240.000000	0.949095
0.0	2.386000	10240.000000	24.968401
1.0	2.386000	10240.000000	0.956885
0.0	2.388000	10240.000000	24.914369
1.0	2.388000	10240.000000	0.938231
0.0	2.390000	10240.000000	27.268979
1.0	2.390000	10240.000000	0.949542
0.0	2.392000	10240.000000	27.546635
1.0	2.392000	10240.000000	0.979547
0.0	2.394000	10240.000000	27.158654
1.0	2.394000	10240.000000	0.943769
0.0	2.396000	10240.000000	24.255036
1.0	2.396000	10240.000000	0.952657
0.0	2.398000	10240.000000	27.998577
1.0	2.398000	10240.000000	1.015959
0.0	2.400000	10240.000000	18.008187
1.0	2.400000	10240.000000	0.912336
0.0	2.408000	10240.000000	23.966082
1.0	2.408000	10240.000000	1.033315
0.0	2.416000	10240.000000	27.449778
1.0	2.416000	10240.000000	0.942848
0.0	2.424000	10240.000000	25.029553
1.0	2.424000	10240.000000	0.975557
0.0	2.432000	10240.000000	25.388545
1.0	2.432000	10240.000000	0.982375
0.0	2.440000	10240.000000	25.488513
1.0	2.440000	10240.000000	0.981992
0.0	2.448000	10240.000000	25.230776
1.0	2.448000	10240.000000	0.937085
0.0	2.456000	10240.000000	24.898036
1.0	2.456000	10240.000000	0.968454
0.0	2.464000	10240.000000	24.984026
1.0	2.464000	10240.000000	0.976490
0.0	2.472000	10240.000000	25.045629
1.0	2.472000	10240.000000	0.951429
0.0	2.480000	10240.000000	25.039269
1.0	2.480000	10240.000000	0.923306
0.0	2.488000	10240.000000	25.390962
1.0	2.488000	10240.000000	0.906764
0.0	2.496000	10240.000000	23.571037
1.0	2.496000	10240.000000	0.935682
0.0	2.504000	10240.000000	25.494449
1.0	2.504000	10240.000000	1.034019
0.0	2.512000	10240.000000	24.800994
1.0	2.512000	10240.000000	1.129721
0.0	2.520000	10240.000000	26.416997
1.0	2.520000	10240.000000	0.967391
0.0	2.528000	10240.000000	26.404829
1.0	2.528000	10240.000000	0.966975
0.0	2.536000	10240.000000	26.977326
1.0	2.536000	10240.000000	0.975290
0.0	2.544000	10240.000000	28.655236
1.0	2.544000	10240.000000	0.991506
0.0	2.552000	10240.000000	28.469360
1.0	2.552000	10240.000000	1.016638
0.0	2.560000	10240.000000	28.660972
1.0	2.560000	10240.000000	1.010315
0.0	2.568000	10240.000000	28.779002
1.0	2.568000	10240.000000	0.942523
0.0	2.576000	10240.000000	26.042085
1.0	2.576000	10240.000000	0.972914
0.0	2.584000	10240.000000	28.260044
1.0	2.584000	10240.000000	1.012536
0.0	2.592000	10240.000000	28.346722
1.0	2.592000	10240.000000	0.988021
0.0	2.600000	10240.000000	28.236434
1.0	2.600000	10240.000000	0.955973
0.0	2.608000	10240.000000	28.479062
1.0	2.608000	10240.000000	0.979006
0.0	2.616000	10240.000000	26.775006
1.0	2.616000	10240.000000	1.009910
0.0	2.624000	10240.000000	26.901731
1.0	2.624000	10240.000000	0.959103
0.0	2.632000	10240.000000	26.932243
1.0	2.632000	10240.000000	0.918645
0.0	2.640000	10240.000000	26.861117
1.0	2.640000	10240.000000	0.997227
0.0	2.648000	10240.000000	26.917808
1.0	2.648000	10240.000000	1.223834
0.0	2.656000	10240.000000	28.952893
1.0	2.656000	10240.000000	1.006183
0.0	2.664000	10240.000000	25.025666
1.0	2.664000	10240.000000	0.907991
0.0	2.672000	10240.000000	19.099304
1.0	2.672000	10240.000000	0.889340
0.0	2.680000	10240.000000	26.983997
1.0	2.680000	10240.000000	1.243945
0.0	2.688000	10240.000000	27.096046
1.0	2.688000	10240.000000	1.062433
0.0	2.696000	10240.000000	27.087913
1.0	2.696000	10240.000000	0.996564
0.0	2.704000	10240.000000	28.344773
1.0	2.704000	10240.000000	1.251994
0.0	2.712000	10240.000000	25.853980
1.0	2.712000	10240.000000	1.025167
0.0	2.720000	10240.000000	27.200014
1.0	2.720000	10240.000000	0.971844
0.0	2.728000	10240.000000	26.981327
1.0	2.728000	10240.000000	1.006258
0.0	2.736000	10240.000000	28.177712
1.0	2.736000	10240.000000	1.023328
0.0	2.744000	10240.000000	25.377401
1.0	2.744000	10240.000000	0.946235
0.0	2.752000	10240.000000	25.239885
1.0	2.752000	10240.000000	0.937539
0.0	2.760000	10240.000000	25.222566
1.0	2.760000	10240.000000	1.067517
0.0	2.792000	10240.000000	28.975674
1.0	2.792000	10240.000000	1.244140
0.0	2.824000	10240.000000	27.565709
1.0	2.824000	10240.000000	1.041353
0.0	2.856000	10240.000000	24.515739
1.0	2.856000	10240.000000	0.948139
0.0	2.888000	10240.000000	24.722038
1.0	2.888000	10240.000000	0.959276
0.0	2.920000	10240.000000	27.485159
1.0	2.920000	10240.000000	0.945294
0.0	2.952000	10240.000000	25.999969
1.0	2.952000	10240.000000	0.951576
0.0	2.984000	10240.000000	26.014805
1.0	2.984000	10240.000000	1.049537
0.0	3.016000	10240.000000	28.893879
1.0	3.016000	10240.000000	0.975734
0.0	3.048000	10240.000000	27.623047
1.0	3.048000	10240.000000	0.986103
0.0	3.080000	10240.000000	26.343674
1.0	3.080000	10240.000000	1.029749
0.0	3.112000	10240.000000	26.572123
1.0	3.112000	10240.000000	1.004448
0.0	3.144000	10240.000000	26.584018
1.0	3.144000	10240.000000	0.934550
0.0	3.176000	10240.000000	25.790856
1.0	3.176000	10240.000000	0.941751
0.0	3.208000	10240.000000	25.582931
1.0	3.208000	10240.000000	0.995928
0.0	3.240000	10240.000000	24.819580
1.0	3.240000	10240.000000	0.932674
0.0	3.272000	10240.000000	24.595410
1.0	3.272000	10240.000000	0.943737
0.0	3.304000	10240.000000	25.185557
1.0	3.304000	10240.000000	1.231555
0.0	3.336000	10240.000000	29.106050
1.0	3.336000	10240.000000	1.027711
0.0	3.368000	10240.000000	26.569034
1.0	3.368000	10240.000000	0.958291
0.0	3.400000	10240.000000	24.045646
1.0	3.400000	10240.000000	0.994221
0.0	3.432000	10240.000000	27.881659
1.0	3.432000	10240.000000	0.975503
0.0	3.464000	10240.000000	25.584904
1.0	3.464000	10240.000000	0.979190
0.0	3.496000	10240.000000	25.703960
1.0	3.496000	10240.000000	0.979286
0.0	3.528000	10240.000000	24.317219
1.0	3.528000	10240.000000	0.958627
0.0	3.560000	10240.000000	24.098863
1.0	3.560000	10240.000000	0.948307
0.0	3.592000	10240.000000	25.820111
1.0	3.592000	10240.000000	1.035692
0.0	3.624000	10240.000000	25.947551
1.0	3.624000	10240.000000	0.942699
0.0	3.656000	10240.000000	23.326448
1.0	3.656000	10240.000000	1.023312
2.0	-1.0	10240.000000	203.199743
3.0	-1.0	10240.000000	5319.145655
4.0	-1.0	10240.000000	12040.834376
