1.000000	1000.000000	0.012783	1.000000	6.000000
2.000000	1000.000000	0.007461	0.583666	6.000000
3.000000	1000.000000	0.012040	0.941876	6.000000
4.000000	1000.000000	0.011513	0.900649	6.000000
5.000000	1000.000000	0.014739	1.153016	6.000000
6.000000	1000.000000	0.015195	1.188688	6.000000
7.000000	1000.000000	0.017455	1.365485	6.000000
8.000000	1000.000000	0.017458	1.365720	6.000000
9.000000	1000.000000	0.020734	1.621998	6.000000
10.000000	1000.000000	0.019772	1.546742	6.000000
11.000000	1000.000000	0.024059	1.882109	6.000000
12.000000	1000.000000	0.022836	1.786435	6.000000
13.000000	1000.000000	0.027941	2.185794	6.000000
14.000000	1000.000000	0.025010	1.956505	6.000000
15.000000	1000.000000	0.025612	2.003599	6.000000
16.000000	1000.000000	0.030947	2.420950	6.000000
1.000000	1000.000000	0.006112	1.000000	6.000000
2.000000	1000.000000	0.005434	0.889071	6.000000
3.000000	1000.000000	0.009573	1.566263	6.000000
4.000000	1000.000000	0.011235	1.838187	6.000000
5.000000	1000.000000	0.011160	1.825916	6.000000
6.000000	1000.000000	0.013394	2.191427	6.000000
7.000000	1000.000000	0.013457	2.201734	6.000000
8.000000	1000.000000	0.015380	2.516361	6.000000
9.000000	1000.000000	0.015175	2.482821	6.000000
10.000000	1000.000000	0.018717	3.062336	6.000000
11.000000	1000.000000	0.016754	2.741165	6.000000
12.000000	1000.000000	0.018575	3.039103	6.000000
13.000000	1000.000000	0.023617	3.864038	6.000000
14.000000	1000.000000	0.021131	3.457297	6.000000
15.000000	1000.000000	0.022798	3.730039	6.000000
16.000000	1000.000000	0.029117	4.763907	6.000000
1.000000	1000.000000	0.006120	1.000000	6.000000
2.000000	1000.000000	0.005681	0.928268	6.000000
3.000000	1000.000000	0.009284	1.516993	6.000000
4.000000	1000.000000	0.010157	1.659641	6.000000
5.000000	1000.000000	0.010132	1.655556	6.000000
6.000000	1000.000000	0.012055	1.969771	6.000000
7.000000	1000.000000	0.014488	2.367320	6.000000
8.000000	1000.000000	0.014215	2.322712	6.000000
9.000000	1000.000000	0.016611	2.714216	6.000000
10.000000	1000.000000	0.015622	2.552614	6.000000
11.000000	1000.000000	0.021290	3.478758	6.000000
12.000000	1000.000000	0.022024	3.598693	6.000000
13.000000	1000.000000	0.020129	3.289052	6.000000
14.000000	1000.000000	0.025811	4.217484	6.000000
15.000000	1000.000000	0.027556	4.502614	6.000000
16.000000	1000.000000	0.024247	3.961928	6.000000
1.000000	1000.000000	0.005935	1.000000	6.000000
2.000000	1000.000000	0.005604	0.944229	6.000000
3.000000	1000.000000	0.009218	1.553159	6.000000
4.000000	1000.000000	0.010066	1.696040	6.000000
5.000000	1000.000000	0.010005	1.685762	6.000000
6.000000	1000.000000	0.016387	2.761078	6.000000
7.000000	1000.000000	0.014714	2.479191	6.000000
8.000000	1000.000000	0.014443	2.433530	6.000000
9.000000	1000.000000	0.016800	2.830666	6.000000
10.000000	1000.000000	0.015321	2.581466	6.000000
11.000000	1000.000000	0.020997	3.537826	6.000000
12.000000	1000.000000	0.022055	3.716091	6.000000
13.000000	1000.000000	0.020150	3.395114	6.000000
14.000000	1000.000000	0.025839	4.353665	6.000000
15.000000	1000.000000	0.027383	4.613816	6.000000
16.000000	1000.000000	0.024146	4.068408	6.000000
1.000000	1000.000000	0.006119	1.000000	6.000000
2.000000	1000.000000	0.005526	0.903089	6.000000
3.000000	1000.000000	0.009279	1.516424	6.000000
4.000000	1000.000000	0.010838	1.771204	6.000000
5.000000	1000.000000	0.011138	1.820232	6.000000
6.000000	1000.000000	0.013903	2.272103	6.000000
7.000000	1000.000000	0.013809	2.256741	6.000000
8.000000	1000.000000	0.015324	2.504331	6.000000
9.000000	1000.000000	0.016045	2.622160	6.000000
10.000000	1000.000000	0.018816	3.075012	6.000000
11.000000	1000.000000	0.018430	3.011930	6.000000
12.000000	1000.000000	0.021939	3.585390	6.000000
13.000000	1000.000000	0.019339	3.160484	6.000000
14.000000	1000.000000	0.025241	4.125020	6.000000
15.000000	1000.000000	0.027247	4.452852	6.000000
16.000000	1000.000000	0.024386	3.985292	6.000000
1.000000	1000.000000	0.006129	1.000000	6.000000
2.000000	1000.000000	0.005536	0.903247	6.000000
3.000000	1000.000000	0.009231	1.506118	6.000000
4.000000	1000.000000	0.010827	1.766520	6.000000
5.000000	1000.000000	0.010750	1.753957	6.000000
6.000000	1000.000000	0.013187	2.151574	6.000000
7.000000	1000.000000	0.013507	2.203785	6.000000
8.000000	1000.000000	0.015381	2.509545	6.000000
9.000000	1000.000000	0.015879	2.590798	6.000000
10.000000	1000.000000	0.018850	3.075543	6.000000
11.000000	1000.000000	0.016765	2.735357	6.000000
12.000000	1000.000000	0.018487	3.016316	6.000000
13.000000	1000.000000	0.023260	3.795073	6.000000
14.000000	1000.000000	0.021293	3.474139	6.000000
15.000000	1000.000000	0.022979	3.749225	6.000000
16.000000	1000.000000	0.029028	4.736172	6.000000
1.000000	1000.000000	0.006163	1.000000	6.000000
2.000000	1000.000000	0.005625	0.912705	6.000000
3.000000	1000.000000	0.009088	1.474607	6.000000
4.000000	1000.000000	0.011097	1.800584	6.000000
5.000000	1000.000000	0.010579	1.716534	6.000000
6.000000	1000.000000	0.013422	2.177835	6.000000
7.000000	1000.000000	0.013401	2.174428	6.000000
8.000000	1000.000000	0.015605	2.532046	6.000000
9.000000	1000.000000	0.019215	3.117800	6.000000
10.000000	1000.000000	0.018201	2.953270	6.000000
11.000000	1000.000000	0.016716	2.712315	6.000000
12.000000	1000.000000	0.020964	3.401590	6.000000
13.000000	1000.000000	0.023512	3.815025	6.000000
14.000000	1000.000000	0.025993	4.217589	6.000000
15.000000	1000.000000	0.026638	4.322246	6.000000
16.000000	1000.000000	0.033312	5.405160	6.000000
1.000000	1000.000000	0.006119	1.000000	6.000000
2.000000	1000.000000	0.005619	0.918287	6.000000
3.000000	1000.000000	0.010172	1.662363	6.000000
4.000000	1000.000000	0.010179	1.663507	6.000000
5.000000	1000.000000	0.012143	1.984475	6.000000
6.000000	1000.000000	0.012148	1.985292	6.000000
7.000000	1000.000000	0.014590	2.384377	6.000000
8.000000	1000.000000	0.014243	2.327668	6.000000
9.000000	1000.000000	0.024431	3.992646	6.000000
10.000000	1000.000000	0.015841	2.588822	6.000000
11.000000	1000.000000	0.021108	3.449583	6.000000
12.000000	1000.000000	0.022035	3.601079	6.000000
13.000000	1000.000000	0.020227	3.305605	6.000000
14.000000	1000.000000	0.029783	4.867299	6.000000
15.000000	1000.000000	0.027339	4.467887	6.000000
16.000000	1000.000000	0.024513	4.006047	6.000000
1.000000	1000.000000	0.006106	1.000000	6.000000
2.000000	1000.000000	0.005566	0.911562	6.000000
3.000000	1000.000000	0.009157	1.499672	6.000000
4.000000	1000.000000	0.010828	1.773338	6.000000
5.000000	1000.000000	0.011090	1.816246	6.000000
6.000000	1000.000000	0.013373	2.190141	6.000000
7.000000	1000.000000	0.013748	2.251556	6.000000
8.000000	1000.000000	0.015513	2.540616	6.000000
9.000000	1000.000000	0.015198	2.489027	6.000000
10.000000	1000.000000	0.017833	2.920570	6.000000
11.000000	1000.000000	0.016738	2.741238	6.000000
12.000000	1000.000000	0.018412	3.015395	6.000000
13.000000	1000.000000	0.023811	3.899607	6.000000
14.000000	1000.000000	0.021681	3.550770	6.000000
15.000000	1000.000000	0.023092	3.781854	6.000000
16.000000	1000.000000	0.029058	4.758926	6.000000
1.000000	1000.000000	0.006139	1.000000	6.000000
2.000000	1000.000000	0.005510	0.897540	6.000000
3.000000	1000.000000	0.009254	1.507412	6.000000
4.000000	1000.000000	0.009682	1.577130	6.000000
5.000000	1000.000000	0.010945	1.782864	6.000000
6.000000	1000.000000	0.011040	1.798338	6.000000
7.000000	1000.000000	0.013341	2.173155	6.000000
8.000000	1000.000000	0.015670	2.552533	6.000000
9.000000	1000.000000	0.014824	2.414726	6.000000
10.000000	1000.000000	0.018809	3.063854	6.000000
11.000000	1000.000000	0.018196	2.964001	6.000000
12.000000	1000.000000	0.022070	3.595048	6.000000
13.000000	1000.000000	0.020005	3.258674	6.000000
14.000000	1000.000000	0.025707	4.187490	6.000000
15.000000	1000.000000	0.027222	4.434273	6.000000
16.000000	1000.000000	0.024273	3.953901	6.000000
1.000000	1000.000000	0.012943	1.000000	10.000000
2.000000	1000.000000	0.008980	0.693811	10.000000
3.000000	1000.000000	0.016344	1.262768	10.000000
4.000000	1000.000000	0.015144	1.170053	10.000000
5.000000	1000.000000	0.014592	1.127405	10.000000
6.000000	1000.000000	0.016076	1.242061	10.000000
7.000000	1000.000000	0.016323	1.261145	10.000000
8.000000	1000.000000	0.021623	1.670633	10.000000
9.000000	1000.000000	0.017872	1.380824	10.000000
10.000000	1000.000000	0.021264	1.642896	10.000000
11.000000	1000.000000	0.024263	1.874604	10.000000
12.000000	1000.000000	0.023839	1.841845	10.000000
13.000000	1000.000000	0.023709	1.831801	10.000000
14.000000	1000.000000	0.027509	2.125396	10.000000
15.000000	1000.000000	0.029224	2.257900	10.000000
16.000000	1000.000000	0.030792	2.379047	10.000000
1.000000	1000.000000	0.012926	1.000000	10.000000
2.000000	1000.000000	0.009118	0.705400	10.000000
3.000000	1000.000000	0.013422	1.038372	10.000000
4.000000	1000.000000	0.012898	0.997834	10.000000
5.000000	1000.000000	0.014488	1.120842	10.000000
6.000000	1000.000000	0.015111	1.169039	10.000000
7.000000	1000.000000	0.017385	1.344964	10.000000
8.000000	1000.000000	0.017969	1.390144	10.000000
9.000000	1000.000000	0.019603	1.516556	10.000000
10.000000	1000.000000	0.021117	1.633684	10.000000
11.000000	1000.000000	0.018950	1.466037	10.000000
12.000000	1000.000000	0.020222	1.564444	10.000000
13.000000	1000.000000	0.025005	1.934473	10.000000
14.000000	1000.000000	0.023664	1.830729	10.000000
15.000000	1000.000000	0.025245	1.953040	10.000000
16.000000	1000.000000	0.030917	2.391846	10.000000
1.000000	1000.000000	0.012892	1.000000	10.000000
2.000000	1000.000000	0.009157	0.710285	10.000000
3.000000	1000.000000	0.013099	1.016056	10.000000
4.000000	1000.000000	0.013486	1.046075	10.000000
5.000000	1000.000000	0.013704	1.062985	10.000000
6.000000	1000.000000	0.015495	1.201908	10.000000
7.000000	1000.000000	0.015968	1.238598	10.000000
8.000000	1000.000000	0.017466	1.354794	10.000000
9.000000	1000.000000	0.017815	1.381865	10.000000
10.000000	1000.000000	0.021302	1.652343	10.000000
11.000000	1000.000000	0.019270	1.494725	10.000000
12.000000	1000.000000	0.020861	1.618135	10.000000
13.000000	1000.000000	0.025589	1.984874	10.000000
14.000000	1000.000000	0.023408	1.815700	10.000000
15.000000	1000.000000	0.025336	1.965250	10.000000
16.000000	1000.000000	0.031437	2.438489	10.000000
1.000000	1000.000000	0.012901	1.000000	10.000000
2.000000	1000.000000	0.008880	0.688319	10.000000
3.000000	1000.000000	0.009495	0.735989	10.000000
4.000000	1000.000000	0.015440	1.196806	10.000000
5.000000	1000.000000	0.017372	1.346562	10.000000
6.000000	1000.000000	0.022957	1.779474	10.000000
7.000000	1000.000000	0.020817	1.613596	10.000000
8.000000	1000.000000	0.017404	1.349043	10.000000
9.000000	1000.000000	0.023841	1.847996	10.000000
10.000000	1000.000000	0.018114	1.404077	10.000000
11.000000	1000.000000	0.025593	1.983800	10.000000
12.000000	1000.000000	0.023340	1.809162	10.000000
13.000000	1000.000000	0.026305	2.038989	10.000000
14.000000	1000.000000	0.030716	2.380901	10.000000
15.000000	1000.000000	0.028907	2.240679	10.000000
16.000000	1000.000000	0.025924	2.009457	10.000000
1.000000	1000.000000	0.012897	1.000000	10.000000
2.000000	1000.000000	0.009019	0.699310	10.000000
3.000000	1000.000000	0.012896	0.999922	10.000000
4.000000	1000.000000	0.013605	1.054896	10.000000
5.000000	1000.000000	0.014058	1.090021	10.000000
6.000000	1000.000000	0.015876	1.230984	10.000000
7.000000	1000.000000	0.016050	1.244475	10.000000
8.000000	1000.000000	0.017625	1.366597	10.000000
9.000000	1000.000000	0.017836	1.382957	10.000000
10.000000	1000.000000	0.020221	1.567884	10.000000
11.000000	1000.000000	0.019987	1.549740	10.000000
12.000000	1000.000000	0.023079	1.789486	10.000000
13.000000	1000.000000	0.021604	1.675118	10.000000
14.000000	1000.000000	0.026520	2.056292	10.000000
15.000000	1000.000000	0.028039	2.174071	10.000000
16.000000	1000.000000	0.025524	1.979065	10.000000
1.000000	1000.000000	0.012952	1.000000	10.000000
2.000000	1000.000000	0.009176	0.708462	10.000000
3.000000	1000.000000	0.013028	1.005868	10.000000
4.000000	1000.000000	0.013669	1.055358	10.000000
5.000000	1000.000000	0.013978	1.079216	10.000000
6.000000	1000.000000	0.015489	1.195877	10.000000
7.000000	1000.000000	0.016055	1.239577	10.000000
8.000000	1000.000000	0.017234	1.330605	10.000000
9.000000	1000.000000	0.017609	1.359558	10.000000
10.000000	1000.000000	0.021205	1.637199	10.000000
11.000000	1000.000000	0.020754	1.602378	10.000000
12.000000	1000.000000	0.023416	1.807906	10.000000
13.000000	1000.000000	0.023603	1.822344	10.000000
14.000000	1000.000000	0.027493	2.122684	10.000000
15.000000	1000.000000	0.029160	2.251390	10.000000
16.000000	1000.000000	0.030893	2.385191	10.000000
1.000000	1000.000000	0.012645	1.000000	10.000000
2.000000	1000.000000	0.009167	0.724951	10.000000
3.000000	1000.000000	0.013763	1.088414	10.000000
4.000000	1000.000000	0.013212	1.044840	10.000000
5.000000	1000.000000	0.014349	1.134757	10.000000
6.000000	1000.000000	0.014822	1.172163	10.000000
7.000000	1000.000000	0.018745	1.482404	10.000000
8.000000	1000.000000	0.017512	1.384895	10.000000
9.000000	1000.000000	0.019986	1.580546	10.000000
10.000000	1000.000000	0.019336	1.529142	10.000000
11.000000	1000.000000	0.025954	2.052511	10.000000
12.000000	1000.000000	0.027697	2.190352	10.000000
13.000000	1000.000000	0.025409	2.009411	10.000000
14.000000	1000.000000	0.030059	2.377145	10.000000
15.000000	1000.000000	0.029151	2.305338	10.000000
16.000000	1000.000000	0.030841	2.438988	10.000000
1.000000	1000.000000	0.012630	1.000000	10.000000
2.000000	1000.000000	0.013825	1.094616	10.000000
3.000000	1000.000000	0.013968	1.105938	10.000000
4.000000	1000.000000	0.013495	1.068488	10.000000
5.000000	1000.000000	0.014778	1.170071	10.000000
6.000000	1000.000000	0.014658	1.160570	10.000000
7.000000	1000.000000	0.016449	1.302375	10.000000
8.000000	1000.000000	0.018428	1.459066	10.000000
9.000000	1000.000000	0.020590	1.630245	10.000000
10.000000	1000.000000	0.022118	1.751227	10.000000
11.000000	1000.000000	0.019699	1.559699	10.000000
12.000000	1000.000000	0.021126	1.672684	10.000000
13.000000	1000.000000	0.025473	2.016865	10.000000
14.000000	1000.000000	0.023933	1.894933	10.000000
15.000000	1000.000000	0.136221	10.785511	10.000000
16.000000	1000.000000	0.031027	2.456611	10.000000
1.000000	1000.000000	0.012938	1.000000	10.000000
2.000000	1000.000000	0.013545	1.046916	10.000000
3.000000	1000.000000	0.012498	0.965992	10.000000
4.000000	1000.000000	0.014125	1.091745	10.000000
5.000000	1000.000000	0.014252	1.101561	10.000000
6.000000	1000.000000	0.015694	1.213016	10.000000
7.000000	1000.000000	0.016140	1.247488	10.000000
8.000000	1000.000000	0.018719	1.446823	10.000000
9.000000	1000.000000	0.018176	1.404854	10.000000
10.000000	1000.000000	0.021031	1.625522	10.000000
11.000000	1000.000000	0.019235	1.486706	10.000000
12.000000	1000.000000	0.023583	1.822770	10.000000
13.000000	1000.000000	0.025459	1.967769	10.000000
14.000000	1000.000000	0.023490	1.815582	10.000000
15.000000	1000.000000	0.025037	1.935152	10.000000
16.000000	1000.000000	0.037211	2.876101	10.000000
1.000000	1000.000000	0.012602	1.000000	10.000000
2.000000	1000.000000	0.013821	1.096731	10.000000
3.000000	1000.000000	0.021759	1.726631	10.000000
4.000000	1000.000000	0.019642	1.558641	10.000000
5.000000	1000.000000	0.013814	1.096175	10.000000
6.000000	1000.000000	0.014931	1.184812	10.000000
7.000000	1000.000000	0.017252	1.368989	10.000000
8.000000	1000.000000	0.022007	1.746310	10.000000
9.000000	1000.000000	0.020082	1.593557	10.000000
10.000000	1000.000000	0.018298	1.451992	10.000000
11.000000	1000.000000	0.023339	1.852008	10.000000
12.000000	1000.000000	0.023722	1.882400	10.000000
13.000000	1000.000000	0.022116	1.754960	10.000000
14.000000	1000.000000	0.027232	2.160927	10.000000
15.000000	1000.000000	0.029139	2.312252	10.000000
16.000000	1000.000000	0.026758	2.123314	10.000000
1.000000	1000.000000	0.042951	1.000000	20.000000
2.000000	1000.000000	0.059085	1.375637	20.000000
3.000000	1000.000000	0.032547	0.757770	20.000000
4.000000	1000.000000	0.026685	0.621289	20.000000
5.000000	1000.000000	0.024741	0.576028	20.000000
6.000000	1000.000000	0.030063	0.699937	20.000000
7.000000	1000.000000	0.030415	0.708133	20.000000
8.000000	1000.000000	0.032195	0.749575	20.000000
9.000000	1000.000000	0.035147	0.818305	20.000000
10.000000	1000.000000	0.033719	0.785057	20.000000
11.000000	1000.000000	0.037976	0.884170	20.000000
12.000000	1000.000000	0.039264	0.914158	20.000000
13.000000	1000.000000	0.038678	0.900515	20.000000
14.000000	1000.000000	0.040835	0.950735	20.000000
15.000000	1000.000000	0.044331	1.032130	20.000000
16.000000	1000.000000	0.046874	1.091337	20.000000
1.000000	1000.000000	0.043543	1.000000	20.000000
2.000000	1000.000000	0.063566	1.459844	20.000000
3.000000	1000.000000	0.044928	1.031808	20.000000
4.000000	1000.000000	0.035797	0.822107	20.000000
5.000000	1000.000000	0.029359	0.674253	20.000000
6.000000	1000.000000	0.028500	0.654525	20.000000
7.000000	1000.000000	0.029939	0.687573	20.000000
8.000000	1000.000000	0.032760	0.752360	20.000000
9.000000	1000.000000	0.033516	0.769722	20.000000
10.000000	1000.000000	0.033955	0.779804	20.000000
11.000000	1000.000000	0.036718	0.843258	20.000000
12.000000	1000.000000	0.038857	0.892382	20.000000
13.000000	1000.000000	0.040122	0.921434	20.000000
14.000000	1000.000000	0.040996	0.941506	20.000000
15.000000	1000.000000	0.045446	1.043704	20.000000
16.000000	1000.000000	0.047290	1.086053	20.000000
1.000000	1000.000000	0.042121	1.000000	20.000000
2.000000	1000.000000	0.046239	1.097766	20.000000
3.000000	1000.000000	0.041312	0.980793	20.000000
4.000000	1000.000000	0.034571	0.820754	20.000000
5.000000	1000.000000	0.029876	0.709290	20.000000
6.000000	1000.000000	0.029119	0.691318	20.000000
7.000000	1000.000000	0.030428	0.722395	20.000000
8.000000	1000.000000	0.030522	0.724627	20.000000
9.000000	1000.000000	0.030317	0.719760	20.000000
10.000000	1000.000000	0.033759	0.801477	20.000000
11.000000	1000.000000	0.040100	0.952019	20.000000
12.000000	1000.000000	0.044722	1.061751	20.000000
13.000000	1000.000000	0.046938	1.114361	20.000000
14.000000	1000.000000	0.043210	1.025854	20.000000
15.000000	1000.000000	0.045719	1.085421	20.000000
16.000000	1000.000000	0.046686	1.108378	20.000000
1.000000	1000.000000	0.042834	1.000000	20.000000
2.000000	1000.000000	0.026124	0.609889	20.000000
3.000000	1000.000000	0.034218	0.798851	20.000000
4.000000	1000.000000	0.032087	0.749101	20.000000
5.000000	1000.000000	0.029271	0.683359	20.000000
6.000000	1000.000000	0.028656	0.669001	20.000000
7.000000	1000.000000	0.030471	0.711374	20.000000
8.000000	1000.000000	0.031018	0.724144	20.000000
9.000000	1000.000000	0.034162	0.797544	20.000000
10.000000	1000.000000	0.033596	0.784330	20.000000
11.000000	1000.000000	0.037777	0.881940	20.000000
12.000000	1000.000000	0.037156	0.867442	20.000000
13.000000	1000.000000	0.038385	0.896134	20.000000
14.000000	1000.000000	0.041868	0.977448	20.000000
15.000000	1000.000000	0.044872	1.047579	20.000000
16.000000	1000.000000	0.045855	1.070528	20.000000
1.000000	1000.000000	0.043607	1.000000	20.000000
2.000000	1000.000000	0.037102	0.850827	20.000000
3.000000	1000.000000	0.039608	0.908295	20.000000
4.000000	1000.000000	0.031783	0.728851	20.000000
5.000000	1000.000000	0.029614	0.679111	20.000000
6.000000	1000.000000	0.029008	0.665214	20.000000
7.000000	1000.000000	0.030546	0.700484	20.000000
8.000000	1000.000000	0.033752	0.774004	20.000000
9.000000	1000.000000	0.036847	0.844979	20.000000
10.000000	1000.000000	0.034153	0.783200	20.000000
11.000000	1000.000000	0.039032	0.895086	20.000000
12.000000	1000.000000	0.036874	0.845598	20.000000
13.000000	1000.000000	0.037645	0.863279	20.000000
14.000000	1000.000000	0.042007	0.963309	20.000000
15.000000	1000.000000	0.044715	1.025409	20.000000
16.000000	1000.000000	0.043465	0.996744	20.000000
1.000000	1000.000000	0.041754	1.000000	20.000000
2.000000	1000.000000	0.042493	1.017699	20.000000
3.000000	1000.000000	0.043037	1.030728	20.000000
4.000000	1000.000000	0.034957	0.837213	20.000000
5.000000	1000.000000	0.030059	0.719907	20.000000
6.000000	1000.000000	0.029175	0.698735	20.000000
7.000000	1000.000000	0.031060	0.743881	20.000000
8.000000	1000.000000	0.030800	0.737654	20.000000
9.000000	1000.000000	0.030265	0.724841	20.000000
10.000000	1000.000000	0.034082	0.816257	20.000000
11.000000	1000.000000	0.035286	0.845093	20.000000
12.000000	1000.000000	0.036861	0.882814	20.000000
13.000000	1000.000000	0.039340	0.942185	20.000000
14.000000	1000.000000	0.038078	0.911961	20.000000
15.000000	1000.000000	0.049105	1.176055	20.000000
16.000000	1000.000000	0.048834	1.169565	20.000000
1.000000	1000.000000	0.042556	1.000000	20.000000
2.000000	1000.000000	0.046120	1.083748	20.000000
3.000000	1000.000000	0.047967	1.127150	20.000000
4.000000	1000.000000	0.035385	0.831493	20.000000
5.000000	1000.000000	0.030919	0.726549	20.000000
6.000000	1000.000000	0.029855	0.701546	20.000000
7.000000	1000.000000	0.030584	0.718677	20.000000
8.000000	1000.000000	0.031471	0.739520	20.000000
9.000000	1000.000000	0.030294	0.711862	20.000000
10.000000	1000.000000	0.034164	0.802801	20.000000
11.000000	1000.000000	0.034473	0.810062	20.000000
12.000000	1000.000000	0.037137	0.872662	20.000000
13.000000	1000.000000	0.038991	0.916228	20.000000
14.000000	1000.000000	0.038934	0.914889	20.000000
15.000000	1000.000000	0.042541	0.999648	20.000000
16.000000	1000.000000	0.046336	1.088824	20.000000
1.000000	1000.000000	0.043192	1.000000	20.000000
2.000000	1000.000000	0.024308	0.562789	20.000000
3.000000	1000.000000	0.037712	0.873125	20.000000
4.000000	1000.000000	0.033350	0.772134	20.000000
5.000000	1000.000000	0.028499	0.659821	20.000000
6.000000	1000.000000	0.029096	0.673643	20.000000
7.000000	1000.000000	0.030204	0.699296	20.000000
8.000000	1000.000000	0.030635	0.709275	20.000000
9.000000	1000.000000	0.033975	0.786604	20.000000
10.000000	1000.000000	0.039514	0.914845	20.000000
11.000000	1000.000000	0.035745	0.827584	20.000000
12.000000	1000.000000	0.036299	0.840410	20.000000
13.000000	1000.000000	0.051296	1.187627	20.000000
14.000000	1000.000000	0.042456	0.982960	20.000000
15.000000	1000.000000	0.042342	0.980320	20.000000
16.000000	1000.000000	0.046072	1.066679	20.000000
1.000000	1000.000000	0.043210	1.000000	20.000000
2.000000	1000.000000	0.023899	0.553090	20.000000
3.000000	1000.000000	0.036513	0.845013	20.000000
4.000000	1000.000000	0.033604	0.777690	20.000000
5.000000	1000.000000	0.028241	0.653576	20.000000
6.000000	1000.000000	0.029149	0.674589	20.000000
7.000000	1000.000000	0.030412	0.703819	20.000000
8.000000	1000.000000	0.030388	0.703263	20.000000
9.000000	1000.000000	0.030138	0.697477	20.000000
10.000000	1000.000000	0.033596	0.777505	20.000000
11.000000	1000.000000	0.035286	0.816617	20.000000
12.000000	1000.000000	0.037096	0.858505	20.000000
13.000000	1000.000000	0.040147	0.929114	20.000000
14.000000	1000.000000	0.041113	0.951470	20.000000
15.000000	1000.000000	0.045173	1.045429	20.000000
16.000000	1000.000000	0.046646	1.079519	20.000000
1.000000	1000.000000	0.042399	1.000000	20.000000
2.000000	1000.000000	0.023977	0.565509	20.000000
3.000000	1000.000000	0.037419	0.882544	20.000000
4.000000	1000.000000	0.032556	0.767848	20.000000
5.000000	1000.000000	0.034034	0.802708	20.000000
6.000000	1000.000000	0.030248	0.713413	20.000000
7.000000	1000.000000	0.030768	0.725677	20.000000
8.000000	1000.000000	0.036702	0.865634	20.000000
9.000000	1000.000000	0.040401	0.952876	20.000000
10.000000	1000.000000	0.036339	0.857072	20.000000
11.000000	1000.000000	0.035656	0.840963	20.000000
12.000000	1000.000000	0.039880	0.940588	20.000000
13.000000	1000.000000	0.040077	0.945235	20.000000
14.000000	1000.000000	0.040008	0.943607	20.000000
15.000000	1000.000000	0.041434	0.977240	20.000000
16.000000	1000.000000	0.046159	1.088681	20.000000
1.000000	1000.000000	0.127086	1.000000	36.000000
2.000000	1000.000000	0.122896	0.967030	36.000000
3.000000	1000.000000	0.111501	0.877367	36.000000
4.000000	1000.000000	0.077362	0.608737	36.000000
5.000000	1000.000000	0.069030	0.543175	36.000000
6.000000	1000.000000	0.071455	0.562257	36.000000
7.000000	1000.000000	0.068361	0.537911	36.000000
8.000000	1000.000000	0.073200	0.575988	36.000000
9.000000	1000.000000	0.072964	0.574131	36.000000
10.000000	1000.000000	0.071879	0.565593	36.000000
11.000000	1000.000000	0.067329	0.529791	36.000000
12.000000	1000.000000	0.071202	0.560266	36.000000
13.000000	1000.000000	0.076785	0.604197	36.000000
14.000000	1000.000000	0.077967	0.613498	36.000000
15.000000	1000.000000	0.078446	0.617267	36.000000
16.000000	1000.000000	0.097859	0.770022	36.000000
1.000000	1000.000000	0.136682	1.000000	36.000000
2.000000	1000.000000	0.126651	0.926611	36.000000
3.000000	1000.000000	0.102255	0.748123	36.000000
4.000000	1000.000000	0.073260	0.535989	36.000000
5.000000	1000.000000	0.067408	0.493174	36.000000
6.000000	1000.000000	0.064019	0.468379	36.000000
7.000000	1000.000000	0.042988	0.314511	36.000000
8.000000	1000.000000	0.051658	0.377943	36.000000
9.000000	1000.000000	0.069125	0.505736	36.000000
10.000000	1000.000000	0.066937	0.489728	36.000000
11.000000	1000.000000	0.069270	0.506797	36.000000
12.000000	1000.000000	0.073161	0.535264	36.000000
13.000000	1000.000000	0.075132	0.549685	36.000000
14.000000	1000.000000	0.076234	0.557747	36.000000
15.000000	1000.000000	0.076416	0.559079	36.000000
16.000000	1000.000000	0.086266	0.631144	36.000000
1.000000	1000.000000	0.127088	1.000000	36.000000
2.000000	1000.000000	0.070706	0.556355	36.000000
3.000000	1000.000000	0.103770	0.816521	36.000000
4.000000	1000.000000	0.071741	0.564499	36.000000
5.000000	1000.000000	0.072189	0.568024	36.000000
6.000000	1000.000000	0.064424	0.506924	36.000000
7.000000	1000.000000	0.067418	0.530483	36.000000
8.000000	1000.000000	0.072036	0.566820	36.000000
9.000000	1000.000000	0.074058	0.582730	36.000000
10.000000	1000.000000	0.071696	0.564145	36.000000
11.000000	1000.000000	0.074222	0.584021	36.000000
12.000000	1000.000000	0.074615	0.587113	36.000000
13.000000	1000.000000	0.092015	0.724026	36.000000
14.000000	1000.000000	0.081951	0.644837	36.000000
15.000000	1000.000000	0.082606	0.649991	36.000000
16.000000	1000.000000	0.083363	0.655947	36.000000
1.000000	1000.000000	0.125013	1.000000	36.000000
2.000000	1000.000000	0.072356	0.578788	36.000000
3.000000	1000.000000	0.100475	0.803716	36.000000
4.000000	1000.000000	0.073101	0.584747	36.000000
5.000000	1000.000000	0.066004	0.527977	36.000000
6.000000	1000.000000	0.066307	0.530401	36.000000
7.000000	1000.000000	0.067460	0.539624	36.000000
8.000000	1000.000000	0.071702	0.573556	36.000000
9.000000	1000.000000	0.067256	0.537992	36.000000
10.000000	1000.000000	0.071967	0.575676	36.000000
11.000000	1000.000000	0.072812	0.582435	36.000000
12.000000	1000.000000	0.073173	0.585323	36.000000
13.000000	1000.000000	0.075473	0.603721	36.000000
14.000000	1000.000000	0.073871	0.590907	36.000000
15.000000	1000.000000	0.084531	0.676178	36.000000
16.000000	1000.000000	0.083354	0.666763	36.000000
1.000000	1000.000000	0.125345	1.000000	36.000000
2.000000	1000.000000	0.134727	1.074849	36.000000
3.000000	1000.000000	0.085935	0.685588	36.000000
4.000000	1000.000000	0.072271	0.576577	36.000000
5.000000	1000.000000	0.047614	0.379864	36.000000
6.000000	1000.000000	0.079545	0.634608	36.000000
7.000000	1000.000000	0.069184	0.551949	36.000000
8.000000	1000.000000	0.069942	0.557996	36.000000
9.000000	1000.000000	0.074122	0.591344	36.000000
10.000000	1000.000000	0.073310	0.584866	36.000000
11.000000	1000.000000	0.071124	0.567426	36.000000
12.000000	1000.000000	0.068822	0.549061	36.000000
13.000000	1000.000000	0.076764	0.612422	36.000000
14.000000	1000.000000	0.078600	0.627069	36.000000
15.000000	1000.000000	0.078043	0.622626	36.000000
16.000000	1000.000000	0.093773	0.748119	36.000000
1.000000	1000.000000	0.137950	1.000000	36.000000
2.000000	1000.000000	0.136626	0.990402	36.000000
3.000000	1000.000000	0.107913	0.782262	36.000000
4.000000	1000.000000	0.078033	0.565661	36.000000
5.000000	1000.000000	0.067134	0.486655	36.000000
6.000000	1000.000000	0.055594	0.403001	36.000000
7.000000	1000.000000	0.060817	0.440863	36.000000
8.000000	1000.000000	0.070243	0.509192	36.000000
9.000000	1000.000000	0.074063	0.536883	36.000000
10.000000	1000.000000	0.072961	0.528895	36.000000
11.000000	1000.000000	0.074543	0.540362	36.000000
12.000000	1000.000000	0.069789	0.505901	36.000000
13.000000	1000.000000	0.077949	0.565053	36.000000
14.000000	1000.000000	0.089113	0.645980	36.000000
15.000000	1000.000000	0.082904	0.600971	36.000000
16.000000	1000.000000	0.089690	0.650163	36.000000
1.000000	1000.000000	0.125557	1.000000	36.000000
2.000000	1000.000000	0.139670	1.112403	36.000000
3.000000	1000.000000	0.104973	0.836059	36.000000
4.000000	1000.000000	0.072397	0.576607	36.000000
5.000000	1000.000000	0.062345	0.496547	36.000000
6.000000	1000.000000	0.063002	0.501780	36.000000
7.000000	1000.000000	0.070976	0.565289	36.000000
8.000000	1000.000000	0.071419	0.568817	36.000000
9.000000	1000.000000	0.072044	0.573795	36.000000
10.000000	1000.000000	0.073701	0.586992	36.000000
11.000000	1000.000000	0.070084	0.558185	36.000000
12.000000	1000.000000	0.069118	0.550491	36.000000
13.000000	1000.000000	0.076870	0.612232	36.000000
14.000000	1000.000000	0.080733	0.642999	36.000000
15.000000	1000.000000	0.091666	0.730075	36.000000
16.000000	1000.000000	0.149996	1.194645	36.000000
1.000000	1000.000000	0.138960	1.000000	36.000000
2.000000	1000.000000	0.151397	1.089501	36.000000
3.000000	1000.000000	0.089244	0.642228	36.000000
4.000000	1000.000000	0.108521	0.780951	36.000000
5.000000	1000.000000	0.078781	0.566933	36.000000
6.000000	1000.000000	0.084082	0.605081	36.000000
7.000000	1000.000000	0.087147	0.627137	36.000000
8.000000	1000.000000	0.087307	0.628289	36.000000
9.000000	1000.000000	0.076248	0.548705	36.000000
10.000000	1000.000000	0.069256	0.498388	36.000000
11.000000	1000.000000	0.071702	0.515990	36.000000
12.000000	1000.000000	0.069678	0.501425	36.000000
13.000000	1000.000000	0.078593	0.565580	36.000000
14.000000	1000.000000	0.078714	0.566451	36.000000
15.000000	1000.000000	0.078270	0.563256	36.000000
16.000000	1000.000000	0.181133	1.303490	36.000000
1.000000	1000.000000	0.139737	1.000000	36.000000
2.000000	1000.000000	0.132755	0.950035	36.000000
3.000000	1000.000000	0.107918	0.772294	36.000000
4.000000	1000.000000	0.074664	0.534318	36.000000
5.000000	1000.000000	0.070219	0.502508	36.000000
6.000000	1000.000000	0.064088	0.458633	36.000000
7.000000	1000.000000	0.068736	0.491895	36.000000
8.000000	1000.000000	0.077642	0.555630	36.000000
9.000000	1000.000000	0.081571	0.583747	36.000000
10.000000	1000.000000	0.104782	0.749852	36.000000
11.000000	1000.000000	0.144132	1.031452	36.000000
12.000000	1000.000000	0.074252	0.531370	36.000000
13.000000	1000.000000	0.080168	0.573706	36.000000
14.000000	1000.000000	0.076451	0.547106	36.000000
15.000000	1000.000000	0.079381	0.568074	36.000000
16.000000	1000.000000	0.080840	0.578515	36.000000
1.000000	1000.000000	0.127721	1.000000	36.000000
2.000000	1000.000000	0.098704	0.772809	36.000000
3.000000	1000.000000	0.099550	0.779433	36.000000
4.000000	1000.000000	0.075008	0.587280	36.000000
5.000000	1000.000000	0.067215	0.526264	36.000000
6.000000	1000.000000	0.073210	0.573203	36.000000
7.000000	1000.000000	0.071778	0.561991	36.000000
8.000000	1000.000000	0.067227	0.526358	36.000000
9.000000	1000.000000	0.062985	0.493145	36.000000
10.000000	1000.000000	0.071898	0.562930	36.000000
11.000000	1000.000000	0.073046	0.571918	36.000000
12.000000	1000.000000	0.071511	0.559900	36.000000
13.000000	1000.000000	0.075301	0.589574	36.000000
14.000000	1000.000000	0.076283	0.597263	36.000000
15.000000	1000.000000	0.081704	0.639707	36.000000
16.000000	1000.000000	0.088747	0.694850	36.000000
1.000000	1000.000000	0.236005	1.000000	50.000000
2.000000	1000.000000	0.238058	1.008699	50.000000
3.000000	1000.000000	0.166756	0.706578	50.000000
4.000000	1000.000000	0.120241	0.509485	50.000000
5.000000	1000.000000	0.111223	0.471274	50.000000
6.000000	1000.000000	0.132114	0.559793	50.000000
7.000000	1000.000000	0.102914	0.436067	50.000000
8.000000	1000.000000	0.110533	0.468350	50.000000
9.000000	1000.000000	0.098583	0.417716	50.000000
10.000000	1000.000000	0.728667	3.087507	50.000000
11.000000	1000.000000	0.128137	0.542942	50.000000
12.000000	1000.000000	0.115628	0.489939	50.000000
13.000000	1000.000000	0.110264	0.467210	50.000000
14.000000	1000.000000	0.123252	0.522243	50.000000
15.000000	1000.000000	0.120427	0.510273	50.000000
16.000000	1000.000000	0.360755	1.528590	50.000000
1.000000	1000.000000	0.273212	1.000000	50.000000
2.000000	1000.000000	0.200074	0.732303	50.000000
3.000000	1000.000000	0.127717	0.467465	50.000000
4.000000	1000.000000	0.111237	0.407145	50.000000
5.000000	1000.000000	0.102801	0.376268	50.000000
6.000000	1000.000000	0.129572	0.474254	50.000000
7.000000	1000.000000	0.119757	0.438330	50.000000
8.000000	1000.000000	0.119593	0.437730	50.000000
9.000000	1000.000000	0.115496	0.422734	50.000000
10.000000	1000.000000	0.115580	0.423041	50.000000
11.000000	1000.000000	0.116335	0.425805	50.000000
12.000000	1000.000000	0.114932	0.420670	50.000000
13.000000	1000.000000	0.116849	0.427686	50.000000
14.000000	1000.000000	0.113457	0.415271	50.000000
15.000000	1000.000000	0.121534	0.444834	50.000000
16.000000	1000.000000	0.154765	0.566465	50.000000
1.000000	1000.000000	0.269644	1.000000	50.000000
2.000000	1000.000000	0.216493	0.802885	50.000000
3.000000	1000.000000	0.168885	0.626326	50.000000
4.000000	1000.000000	0.130477	0.483886	50.000000
5.000000	1000.000000	0.114614	0.425057	50.000000
6.000000	1000.000000	0.091852	0.340642	50.000000
7.000000	1000.000000	0.117957	0.437455	50.000000
8.000000	1000.000000	0.105450	0.391071	50.000000
9.000000	1000.000000	0.098167	0.364062	50.000000
10.000000	1000.000000	0.099405	0.368653	50.000000
11.000000	1000.000000	0.105780	0.392295	50.000000
12.000000	1000.000000	0.127314	0.472156	50.000000
13.000000	1000.000000	0.127100	0.471362	50.000000
14.000000	1000.000000	0.117046	0.434076	50.000000
15.000000	1000.000000	0.123023	0.456242	50.000000
16.000000	1000.000000	0.125980	0.467209	50.000000
1.000000	1000.000000	0.239827	1.000000	50.000000
2.000000	1000.000000	0.227616	0.949084	50.000000
3.000000	1000.000000	0.193874	0.808391	50.000000
4.000000	1000.000000	0.141628	0.590542	50.000000
5.000000	1000.000000	0.125051	0.521422	50.000000
6.000000	1000.000000	0.120349	0.501816	50.000000
7.000000	1000.000000	0.113319	0.472503	50.000000
8.000000	1000.000000	0.117982	0.491946	50.000000
9.000000	1000.000000	0.119991	0.500323	50.000000
10.000000	1000.000000	0.117486	0.489878	50.000000
11.000000	1000.000000	0.114104	0.475776	50.000000
12.000000	1000.000000	0.123770	0.516080	50.000000
13.000000	1000.000000	0.115775	0.482744	50.000000
14.000000	1000.000000	0.115308	0.480797	50.000000
15.000000	1000.000000	0.119711	0.499156	50.000000
16.000000	1000.000000	0.124642	0.519716	50.000000
1.000000	1000.000000	0.239756	1.000000	50.000000
2.000000	1000.000000	0.231655	0.966211	50.000000
3.000000	1000.000000	0.188779	0.787380	50.000000
4.000000	1000.000000	0.141773	0.591322	50.000000
5.000000	1000.000000	0.134138	0.559477	50.000000
6.000000	1000.000000	0.128596	0.536362	50.000000
7.000000	1000.000000	0.101205	0.422117	50.000000
8.000000	1000.000000	0.121508	0.506799	50.000000
9.000000	1000.000000	0.123859	0.516604	50.000000
10.000000	1000.000000	0.124796	0.520513	50.000000
11.000000	1000.000000	0.111468	0.464923	50.000000
12.000000	1000.000000	0.118364	0.493685	50.000000
13.000000	1000.000000	0.120998	0.504671	50.000000
14.000000	1000.000000	0.122914	0.512663	50.000000
15.000000	1000.000000	0.125755	0.524512	50.000000
16.000000	1000.000000	0.134546	0.561179	50.000000
1.000000	1000.000000	0.241782	1.000000	50.000000
2.000000	1000.000000	0.234699	0.970705	50.000000
3.000000	1000.000000	0.136272	0.563615	50.000000
4.000000	1000.000000	0.122299	0.505823	50.000000
5.000000	1000.000000	0.151878	0.628161	50.000000
6.000000	1000.000000	0.131775	0.545016	50.000000
7.000000	1000.000000	0.132828	0.549371	50.000000
8.000000	1000.000000	0.129308	0.534812	50.000000
9.000000	1000.000000	0.120418	0.498044	50.000000
10.000000	1000.000000	0.118245	0.489056	50.000000
11.000000	1000.000000	0.150937	0.624269	50.000000
12.000000	1000.000000	0.120150	0.496935	50.000000
13.000000	1000.000000	0.123611	0.511250	50.000000
14.000000	1000.000000	0.121224	0.501377	50.000000
15.000000	1000.000000	0.144501	0.597650	50.000000
16.000000	1000.000000	0.131210	0.542679	50.000000
1.000000	1000.000000	0.235739	1.000000	50.000000
2.000000	1000.000000	0.215134	0.912594	50.000000
3.000000	1000.000000	0.134199	0.569269	50.000000
4.000000	1000.000000	0.123175	0.522506	50.000000
5.000000	1000.000000	0.110284	0.467822	50.000000
6.000000	1000.000000	0.112683	0.477999	50.000000
7.000000	1000.000000	0.114122	0.484103	50.000000
8.000000	1000.000000	0.115697	0.490784	50.000000
9.000000	1000.000000	0.111804	0.474270	50.000000
10.000000	1000.000000	0.110292	0.467856	50.000000
11.000000	1000.000000	0.116712	0.495090	50.000000
12.000000	1000.000000	0.119006	0.504821	50.000000
13.000000	1000.000000	0.121647	0.516024	50.000000
14.000000	1000.000000	0.140256	0.594963	50.000000
15.000000	1000.000000	0.124178	0.526761	50.000000
16.000000	1000.000000	0.123805	0.525178	50.000000
1.000000	1000.000000	0.237577	1.000000	50.000000
2.000000	1000.000000	0.161039	0.677839	50.000000
3.000000	1000.000000	0.189682	0.798402	50.000000
4.000000	1000.000000	0.118186	0.497464	50.000000
5.000000	1000.000000	0.098489	0.414556	50.000000
6.000000	1000.000000	0.149626	0.629800	50.000000
7.000000	1000.000000	0.143743	0.605038	50.000000
8.000000	1000.000000	0.130529	0.549418	50.000000
9.000000	1000.000000	0.114939	0.483797	50.000000
10.000000	1000.000000	0.115016	0.484121	50.000000
11.000000	1000.000000	0.117585	0.494934	50.000000
12.000000	1000.000000	0.129585	0.545444	50.000000
13.000000	1000.000000	0.120493	0.507175	50.000000
14.000000	1000.000000	0.134785	0.567332	50.000000
15.000000	1000.000000	0.124709	0.524920	50.000000
16.000000	1000.000000	0.123453	0.519634	50.000000
1.000000	1000.000000	0.235269	1.000000	50.000000
2.000000	1000.000000	0.222122	0.944119	50.000000
3.000000	1000.000000	0.164526	0.699310	50.000000
4.000000	1000.000000	0.118469	0.503547	50.000000
5.000000	1000.000000	0.109891	0.467087	50.000000
6.000000	1000.000000	0.120476	0.512078	50.000000
7.000000	1000.000000	0.116212	0.493954	50.000000
8.000000	1000.000000	0.088927	0.377980	50.000000
9.000000	1000.000000	0.102134	0.434116	50.000000
10.000000	1000.000000	0.109947	0.467325	50.000000
11.000000	1000.000000	0.136251	0.579129	50.000000
12.000000	1000.000000	0.122939	0.522547	50.000000
13.000000	1000.000000	0.123859	0.526457	50.000000
14.000000	1000.000000	0.123972	0.526937	50.000000
15.000000	1000.000000	0.120694	0.513004	50.000000
16.000000	1000.000000	0.130373	0.554144	50.000000
1.000000	1000.000000	0.239887	1.000000	50.000000
2.000000	1000.000000	0.202409	0.843768	50.000000
3.000000	1000.000000	0.137080	0.571436	50.000000
4.000000	1000.000000	0.122329	0.509944	50.000000
5.000000	1000.000000	0.115895	0.483123	50.000000
6.000000	1000.000000	0.115028	0.479509	50.000000
7.000000	1000.000000	0.113219	0.471968	50.000000
8.000000	1000.000000	0.118495	0.493962	50.000000
9.000000	1000.000000	0.127071	0.529712	50.000000
10.000000	1000.000000	0.121763	0.507585	50.000000
11.000000	1000.000000	0.121914	0.508214	50.000000
12.000000	1000.000000	0.118769	0.495104	50.000000
13.000000	1000.000000	0.122303	0.509836	50.000000
14.000000	1000.000000	0.121354	0.505880	50.000000
15.000000	1000.000000	0.117445	0.489585	50.000000
16.000000	1000.000000	0.125026	0.521187	50.000000
1.000000	1000.000000	0.953474	1.000000	100.000000
2.000000	1000.000000	0.800673	0.839743	100.000000
3.000000	1000.000000	0.523829	0.549390	100.000000
4.000000	1000.000000	0.462962	0.485553	100.000000
5.000000	1000.000000	0.484857	0.508516	100.000000
6.000000	1000.000000	0.450151	0.472117	100.000000
7.000000	1000.000000	0.449861	0.471813	100.000000
8.000000	1000.000000	0.460557	0.483030	100.000000
9.000000	1000.000000	0.420822	0.441357	100.000000
10.000000	1000.000000	0.444456	0.466144	100.000000
11.000000	1000.000000	0.439850	0.461313	100.000000
12.000000	1000.000000	0.435595	0.456850	100.000000
13.000000	1000.000000	0.422929	0.443566	100.000000
14.000000	1000.000000	0.452672	0.474761	100.000000
15.000000	1000.000000	0.430405	0.451407	100.000000
16.000000	1000.000000	0.438505	0.459902	100.000000
1.000000	1000.000000	0.936630	1.000000	100.000000
2.000000	1000.000000	0.798158	0.852159	100.000000
3.000000	1000.000000	0.638532	0.681733	100.000000
4.000000	1000.000000	0.482088	0.514705	100.000000
5.000000	1000.000000	0.454638	0.485398	100.000000
6.000000	1000.000000	0.459199	0.490267	100.000000
7.000000	1000.000000	0.429399	0.458451	100.000000
8.000000	1000.000000	0.425361	0.454140	100.000000
9.000000	1000.000000	0.436926	0.466487	100.000000
10.000000	1000.000000	0.433277	0.462591	100.000000
11.000000	1000.000000	0.495527	0.529053	100.000000
12.000000	1000.000000	0.636394	0.679451	100.000000
13.000000	1000.000000	0.435451	0.464913	100.000000
14.000000	1000.000000	0.560358	0.598270	100.000000
15.000000	1000.000000	0.440538	0.470344	100.000000
16.000000	1000.000000	0.444519	0.474594	100.000000
1.000000	1000.000000	0.937652	1.000000	100.000000
2.000000	1000.000000	0.778447	0.830209	100.000000
3.000000	1000.000000	0.563618	0.601095	100.000000
4.000000	1000.000000	0.466034	0.497022	100.000000
5.000000	1000.000000	0.462377	0.493122	100.000000
6.000000	1000.000000	0.415382	0.443002	100.000000
7.000000	1000.000000	0.434767	0.463676	100.000000
8.000000	1000.000000	0.447705	0.477475	100.000000
9.000000	1000.000000	0.441227	0.470566	100.000000
10.000000	1000.000000	0.393945	0.420140	100.000000
11.000000	1000.000000	0.431869	0.460586	100.000000
12.000000	1000.000000	0.440799	0.470109	100.000000
13.000000	1000.000000	0.438112	0.467244	100.000000
14.000000	1000.000000	0.436063	0.465058	100.000000
15.000000	1000.000000	0.439065	0.468260	100.000000
16.000000	1000.000000	0.439271	0.468480	100.000000
1.000000	1000.000000	0.938874	1.000000	100.000000
2.000000	1000.000000	0.836171	0.890610	100.000000
3.000000	1000.000000	0.554599	0.590707	100.000000
4.000000	1000.000000	0.497808	0.530218	100.000000
5.000000	1000.000000	0.464897	0.495164	100.000000
6.000000	1000.000000	0.451846	0.481264	100.000000
7.000000	1000.000000	0.433463	0.461684	100.000000
8.000000	1000.000000	0.448474	0.477672	100.000000
9.000000	1000.000000	0.683200	0.727680	100.000000
10.000000	1000.000000	0.443103	0.471952	100.000000
11.000000	1000.000000	0.444356	0.473286	100.000000
12.000000	1000.000000	0.443538	0.472415	100.000000
13.000000	1000.000000	0.425904	0.453633	100.000000
14.000000	1000.000000	0.447218	0.476334	100.000000
15.000000	1000.000000	0.457967	0.487783	100.000000
16.000000	1000.000000	0.444996	0.473968	100.000000
1.000000	1000.000000	0.936641	1.000000	100.000000
2.000000	1000.000000	0.785758	0.838911	100.000000
3.000000	1000.000000	0.543313	0.580065	100.000000
4.000000	1000.000000	0.469205	0.500944	100.000000
5.000000	1000.000000	0.456151	0.487007	100.000000
6.000000	1000.000000	0.464666	0.496098	100.000000
7.000000	1000.000000	0.437135	0.466705	100.000000
8.000000	1000.000000	0.455943	0.486785	100.000000
9.000000	1000.000000	0.440188	0.469964	100.000000
10.000000	1000.000000	0.452747	0.483373	100.000000
11.000000	1000.000000	0.437620	0.467223	100.000000
12.000000	1000.000000	0.447333	0.477593	100.000000
13.000000	1000.000000	0.417955	0.446228	100.000000
14.000000	1000.000000	0.448304	0.478629	100.000000
15.000000	1000.000000	0.818049	0.873386	100.000000
16.000000	1000.000000	0.442538	0.472473	100.000000
1.000000	1000.000000	0.944962	1.000000	100.000000
2.000000	1000.000000	0.838720	0.887570	100.000000
3.000000	1000.000000	0.533649	0.564731	100.000000
4.000000	1000.000000	0.466748	0.493933	100.000000
5.000000	1000.000000	0.442066	0.467814	100.000000
6.000000	1000.000000	0.470832	0.498255	100.000000
7.000000	1000.000000	0.434269	0.459562	100.000000
8.000000	1000.000000	0.425639	0.450430	100.000000
9.000000	1000.000000	0.393396	0.416309	100.000000
10.000000	1000.000000	0.443351	0.469173	100.000000
11.000000	1000.000000	0.612666	0.648350	100.000000
12.000000	1000.000000	0.442404	0.468171	100.000000
13.000000	1000.000000	0.688432	0.728529	100.000000
14.000000	1000.000000	0.427637	0.452544	100.000000
15.000000	1000.000000	0.454999	0.481500	100.000000
16.000000	1000.000000	0.433064	0.458287	100.000000
1.000000	1000.000000	0.938195	1.000000	100.000000
2.000000	1000.000000	0.850719	0.906761	100.000000
3.000000	1000.000000	0.564572	0.601764	100.000000
4.000000	1000.000000	0.468229	0.499074	100.000000
5.000000	1000.000000	0.456398	0.486464	100.000000
6.000000	1000.000000	0.433441	0.461995	100.000000
7.000000	1000.000000	0.448313	0.477846	100.000000
8.000000	1000.000000	0.445284	0.474618	100.000000
9.000000	1000.000000	0.432927	0.461447	100.000000
10.000000	1000.000000	0.448079	0.477597	100.000000
11.000000	1000.000000	0.423132	0.451006	100.000000
12.000000	1000.000000	0.440734	0.469768	100.000000
13.000000	1000.000000	0.426169	0.454244	100.000000
14.000000	1000.000000	0.451849	0.481615	100.000000
15.000000	1000.000000	0.426935	0.455060	100.000000
16.000000	1000.000000	0.437939	0.466789	100.000000
1.000000	1000.000000	0.941307	1.000000	100.000000
2.000000	1000.000000	0.731157	0.776747	100.000000
3.000000	1000.000000	0.531983	0.565154	100.000000
4.000000	1000.000000	0.545707	0.579733	100.000000
5.000000	1000.000000	0.460544	0.489260	100.000000
6.000000	1000.000000	0.443226	0.470862	100.000000
7.000000	1000.000000	0.465945	0.494998	100.000000
8.000000	1000.000000	0.432612	0.459587	100.000000
9.000000	1000.000000	0.447901	0.475829	100.000000
10.000000	1000.000000	0.448911	0.476902	100.000000
11.000000	1000.000000	0.411340	0.436988	100.000000
12.000000	1000.000000	0.448009	0.475944	100.000000
13.000000	1000.000000	0.429326	0.456096	100.000000
14.000000	1000.000000	0.446036	0.473848	100.000000
15.000000	1000.000000	0.429916	0.456722	100.000000
16.000000	1000.000000	0.462239	0.491061	100.000000
1.000000	1000.000000	0.941164	1.000000	100.000000
2.000000	1000.000000	0.780539	0.829334	100.000000
3.000000	1000.000000	0.533594	0.566951	100.000000
4.000000	1000.000000	0.497721	0.528836	100.000000
5.000000	1000.000000	0.454581	0.482999	100.000000
6.000000	1000.000000	0.424859	0.451419	100.000000
7.000000	1000.000000	0.446377	0.474282	100.000000
8.000000	1000.000000	0.449937	0.478064	100.000000
9.000000	1000.000000	0.435255	0.462465	100.000000
10.000000	1000.000000	0.439279	0.466740	100.000000
11.000000	1000.000000	0.429824	0.456694	100.000000
12.000000	1000.000000	0.575604	0.611587	100.000000
13.000000	1000.000000	0.425500	0.452100	100.000000
14.000000	1000.000000	0.469851	0.499223	100.000000
15.000000	1000.000000	0.435205	0.462411	100.000000
16.000000	1000.000000	0.457623	0.486231	100.000000
1.000000	1000.000000	0.942413	1.000000	100.000000
2.000000	1000.000000	0.849347	0.901247	100.000000
3.000000	1000.000000	0.607985	0.645136	100.000000
4.000000	1000.000000	0.477601	0.506785	100.000000
5.000000	1000.000000	0.472144	0.500995	100.000000
6.000000	1000.000000	0.451656	0.479255	100.000000
7.000000	1000.000000	0.448725	0.476145	100.000000
8.000000	1000.000000	0.467400	0.495961	100.000000
9.000000	1000.000000	0.448103	0.475485	100.000000
10.000000	1000.000000	0.429374	0.455611	100.000000
11.000000	1000.000000	0.443536	0.470639	100.000000
12.000000	1000.000000	0.448231	0.475621	100.000000
13.000000	1000.000000	0.446433	0.473713	100.000000
14.000000	1000.000000	0.420496	0.446191	100.000000
15.000000	1000.000000	0.444658	0.471829	100.000000
16.000000	1000.000000	0.440927	0.467870	100.000000
1.000000	1000.000000	3.926038	1.000000	200.000000
2.000000	1000.000000	3.011873	0.767153	200.000000
3.000000	1000.000000	2.141716	0.545516	200.000000
4.000000	1000.000000	1.785291	0.454731	200.000000
5.000000	1000.000000	1.727563	0.440027	200.000000
6.000000	1000.000000	1.639761	0.417663	200.000000
7.000000	1000.000000	1.597994	0.407025	200.000000
8.000000	1000.000000	1.619944	0.412615	200.000000
9.000000	1000.000000	1.583303	0.403283	200.000000
10.000000	1000.000000	1.593535	0.405889	200.000000
11.000000	1000.000000	1.580426	0.402550	200.000000
12.000000	1000.000000	1.567655	0.399297	200.000000
13.000000	1000.000000	1.574515	0.401044	200.000000
14.000000	1000.000000	1.591213	0.405297	200.000000
15.000000	1000.000000	1.560818	0.397555	200.000000
16.000000	1000.000000	1.559192	0.397141	200.000000
1.000000	1000.000000	3.736768	1.000000	200.000000
2.000000	1000.000000	2.768921	0.740994	200.000000
3.000000	1000.000000	2.073429	0.554872	200.000000
4.000000	1000.000000	1.818620	0.486683	200.000000
5.000000	1000.000000	1.701479	0.455334	200.000000
6.000000	1000.000000	1.652440	0.442211	200.000000
7.000000	1000.000000	1.668170	0.446421	200.000000
8.000000	1000.000000	1.639750	0.438815	200.000000
9.000000	1000.000000	1.646690	0.440672	200.000000
10.000000	1000.000000	1.632110	0.436770	200.000000
11.000000	1000.000000	1.696346	0.453961	200.000000
12.000000	1000.000000	1.816452	0.486102	200.000000
13.000000	1000.000000	1.569413	0.419992	200.000000
14.000000	1000.000000	1.553036	0.415609	200.000000
15.000000	1000.000000	1.562966	0.418267	200.000000
16.000000	1000.000000	1.569033	0.419890	200.000000
1.000000	1000.000000	3.728932	1.000000	200.000000
2.000000	1000.000000	2.828464	0.758519	200.000000
3.000000	1000.000000	2.095326	0.561910	200.000000
4.000000	1000.000000	1.756368	0.471011	200.000000
5.000000	1000.000000	1.692538	0.453894	200.000000
6.000000	1000.000000	1.668101	0.447340	200.000000
7.000000	1000.000000	1.689744	0.453144	200.000000
8.000000	1000.000000	1.612169	0.432341	200.000000
9.000000	1000.000000	1.625212	0.435838	200.000000
10.000000	1000.000000	1.608466	0.431348	200.000000
11.000000	1000.000000	1.588338	0.425950	200.000000
12.000000	1000.000000	1.557511	0.417683	200.000000
13.000000	1000.000000	1.573901	0.422078	200.000000
14.000000	1000.000000	1.588345	0.425952	200.000000
15.000000	1000.000000	1.552843	0.416431	200.000000
16.000000	1000.000000	1.569749	0.420965	200.000000
1.000000	1000.000000	3.849338	1.000000	200.000000
2.000000	1000.000000	2.689757	0.698758	200.000000
3.000000	1000.000000	2.009920	0.522147	200.000000
4.000000	1000.000000	1.755760	0.456120	200.000000
5.000000	1000.000000	1.755780	0.456125	200.000000
6.000000	1000.000000	1.646317	0.427688	200.000000
7.000000	1000.000000	1.668799	0.433529	200.000000
8.000000	1000.000000	1.589809	0.413008	200.000000
9.000000	1000.000000	1.606204	0.417268	200.000000
10.000000	1000.000000	1.657873	0.430690	200.000000
11.000000	1000.000000	1.684080	0.437499	200.000000
12.000000	1000.000000	1.573958	0.408891	200.000000
13.000000	1000.000000	1.604297	0.416772	200.000000
14.000000	1000.000000	1.597536	0.415016	200.000000
15.000000	1000.000000	1.555918	0.404204	200.000000
16.000000	1000.000000	1.587154	0.412319	200.000000
1.000000	1000.000000	3.795147	1.000000	200.000000
2.000000	1000.000000	2.808250	0.739958	200.000000
3.000000	1000.000000	2.010579	0.529776	200.000000
4.000000	1000.000000	1.894325	0.499144	200.000000
5.000000	1000.000000	1.701843	0.448426	200.000000
6.000000	1000.000000	1.668401	0.439614	200.000000
7.000000	1000.000000	1.665556	0.438865	200.000000
8.000000	1000.000000	1.582427	0.416961	200.000000
9.000000	1000.000000	1.626286	0.428517	200.000000
10.000000	1000.000000	1.630501	0.429628	200.000000
11.000000	1000.000000	1.667689	0.439427	200.000000
12.000000	1000.000000	1.582954	0.417100	200.000000
13.000000	1000.000000	1.567253	0.412962	200.000000
14.000000	1000.000000	1.572676	0.414391	200.000000
15.000000	1000.000000	1.571971	0.414206	200.000000
16.000000	1000.000000	1.569809	0.413636	200.000000
1.000000	1000.000000	3.723351	1.000000	200.000000
2.000000	1000.000000	2.902538	0.779550	200.000000
3.000000	1000.000000	1.975151	0.530477	200.000000
4.000000	1000.000000	1.772838	0.476140	200.000000
5.000000	1000.000000	1.786587	0.479833	200.000000
6.000000	1000.000000	1.714704	0.460527	200.000000
7.000000	1000.000000	1.688123	0.453388	200.000000
8.000000	1000.000000	1.637266	0.439729	200.000000
9.000000	1000.000000	1.612149	0.432983	200.000000
10.000000	1000.000000	1.613428	0.433327	200.000000
11.000000	1000.000000	1.678362	0.450767	200.000000
12.000000	1000.000000	1.554055	0.417381	200.000000
13.000000	1000.000000	1.580828	0.424571	200.000000
14.000000	1000.000000	1.595830	0.428600	200.000000
15.000000	1000.000000	1.564037	0.420062	200.000000
16.000000	1000.000000	1.547558	0.415636	200.000000
1.000000	1000.000000	3.737067	1.000000	200.000000
2.000000	1000.000000	2.635981	0.705361	200.000000
3.000000	1000.000000	1.990264	0.532574	200.000000
4.000000	1000.000000	1.859481	0.497578	200.000000
5.000000	1000.000000	1.674950	0.448199	200.000000
6.000000	1000.000000	1.623201	0.434352	200.000000
7.000000	1000.000000	1.657060	0.443412	200.000000
8.000000	1000.000000	1.598480	0.427737	200.000000
9.000000	1000.000000	1.572093	0.420676	200.000000
10.000000	1000.000000	1.593765	0.426475	200.000000
11.000000	1000.000000	1.559428	0.417287	200.000000
12.000000	1000.000000	2.362311	0.632130	200.000000
13.000000	1000.000000	1.593344	0.426362	200.000000
14.000000	1000.000000	1.602533	0.428821	200.000000
15.000000	1000.000000	1.560254	0.417508	200.000000
16.000000	1000.000000	1.579652	0.422698	200.000000
1.000000	1000.000000	3.767615	1.000000	200.000000
2.000000	1000.000000	2.670050	0.708684	200.000000
3.000000	1000.000000	1.999146	0.530613	200.000000
4.000000	1000.000000	1.760189	0.467189	200.000000
5.000000	1000.000000	1.737883	0.461269	200.000000
6.000000	1000.000000	1.650914	0.438185	200.000000
7.000000	1000.000000	1.681965	0.446427	200.000000
8.000000	1000.000000	1.631391	0.433004	200.000000
9.000000	1000.000000	1.706760	0.453008	200.000000
10.000000	1000.000000	1.579455	0.419219	200.000000
11.000000	1000.000000	1.622309	0.430593	200.000000
12.000000	1000.000000	1.621284	0.430321	200.000000
13.000000	1000.000000	1.564020	0.415122	200.000000
14.000000	1000.000000	1.590850	0.422243	200.000000
15.000000	1000.000000	1.561739	0.414517	200.000000
16.000000	1000.000000	1.561895	0.414558	200.000000
1.000000	1000.000000	3.765937	1.000000	200.000000
2.000000	1000.000000	2.661955	0.706851	200.000000
3.000000	1000.000000	2.004176	0.532185	200.000000
4.000000	1000.000000	1.783616	0.473618	200.000000
5.000000	1000.000000	1.756386	0.466388	200.000000
6.000000	1000.000000	1.628287	0.432372	200.000000
7.000000	1000.000000	1.679195	0.445890	200.000000
8.000000	1000.000000	1.592941	0.422987	200.000000
9.000000	1000.000000	1.541718	0.409385	200.000000
10.000000	1000.000000	1.589065	0.421957	200.000000
11.000000	1000.000000	1.637408	0.434794	200.000000
12.000000	1000.000000	1.665311	0.442204	200.000000
13.000000	1000.000000	1.582516	0.420218	200.000000
14.000000	1000.000000	1.573865	0.417921	200.000000
15.000000	1000.000000	1.582753	0.420281	200.000000
16.000000	1000.000000	1.542093	0.409485	200.000000
1.000000	1000.000000	3.734447	1.000000	200.000000
2.000000	1000.000000	2.636562	0.706011	200.000000
3.000000	1000.000000	1.956659	0.523949	200.000000
4.000000	1000.000000	1.734055	0.464341	200.000000
5.000000	1000.000000	1.739411	0.465775	200.000000
6.000000	1000.000000	1.665336	0.445939	200.000000
7.000000	1000.000000	1.652722	0.442561	200.000000
8.000000	1000.000000	1.594136	0.426873	200.000000
9.000000	1000.000000	1.612911	0.431901	200.000000
10.000000	1000.000000	1.602670	0.429159	200.000000
11.000000	1000.000000	1.742839	0.466693	200.000000
12.000000	1000.000000	1.571130	0.420713	200.000000
13.000000	1000.000000	1.592188	0.426352	200.000000
14.000000	1000.000000	1.567351	0.419701	200.000000
15.000000	1000.000000	1.576603	0.422178	200.000000
16.000000	1000.000000	1.577313	0.422369	200.000000
1.000000	1000.000000	11.458101	1.000000	350.000000
2.000000	1000.000000	8.275545	0.722244	350.000000
3.000000	1000.000000	6.296740	0.549545	350.000000
4.000000	1000.000000	5.673080	0.495115	350.000000
5.000000	1000.000000	5.364525	0.468186	350.000000
6.000000	1000.000000	5.137846	0.448403	350.000000
7.000000	1000.000000	5.188882	0.452857	350.000000
8.000000	1000.000000	4.914640	0.428923	350.000000
9.000000	1000.000000	5.159395	0.450284	350.000000
10.000000	1000.000000	5.012830	0.437492	350.000000
11.000000	1000.000000	4.906331	0.428198	350.000000
12.000000	1000.000000	4.909961	0.428514	350.000000
13.000000	1000.000000	5.117606	0.446636	350.000000
14.000000	1000.000000	4.842995	0.422670	350.000000
15.000000	1000.000000	4.819047	0.420580	350.000000
16.000000	1000.000000	4.829903	0.421527	350.000000
1.000000	1000.000000	11.590059	1.000000	350.000000
2.000000	1000.000000	7.988069	0.689217	350.000000
3.000000	1000.000000	6.210483	0.535846	350.000000
4.000000	1000.000000	5.751616	0.496254	350.000000
5.000000	1000.000000	5.350520	0.461647	350.000000
6.000000	1000.000000	5.131550	0.442754	350.000000
7.000000	1000.000000	5.202376	0.448865	350.000000
8.000000	1000.000000	5.026265	0.433670	350.000000
9.000000	1000.000000	5.061615	0.436720	350.000000
10.000000	1000.000000	4.936654	0.425939	350.000000
11.000000	1000.000000	4.919703	0.424476	350.000000
12.000000	1000.000000	4.838425	0.417463	350.000000
13.000000	1000.000000	4.869500	0.420145	350.000000
14.000000	1000.000000	4.963033	0.428215	350.000000
15.000000	1000.000000	4.788780	0.413180	350.000000
16.000000	1000.000000	4.818211	0.415719	350.000000
1.000000	1000.000000	11.643067	1.000000	350.000000
2.000000	1000.000000	8.013012	0.688222	350.000000
3.000000	1000.000000	6.308766	0.541847	350.000000
4.000000	1000.000000	5.476767	0.470389	350.000000
5.000000	1000.000000	5.666872	0.486716	350.000000
6.000000	1000.000000	5.208476	0.447346	350.000000
7.000000	1000.000000	5.126303	0.440288	350.000000
8.000000	1000.000000	5.013994	0.430642	350.000000
9.000000	1000.000000	5.057437	0.434373	350.000000
10.000000	1000.000000	4.995137	0.429022	350.000000
11.000000	1000.000000	4.893761	0.420315	350.000000
12.000000	1000.000000	4.810428	0.413158	350.000000
13.000000	1000.000000	4.834217	0.415201	350.000000
14.000000	1000.000000	4.867816	0.418087	350.000000
15.000000	1000.000000	4.869561	0.418237	350.000000
16.000000	1000.000000	4.839584	0.415662	350.000000
1.000000	1000.000000	11.490311	1.000000	350.000000
2.000000	1000.000000	8.183113	0.712175	350.000000
3.000000	1000.000000	6.367999	0.554206	350.000000
4.000000	1000.000000	5.536419	0.481834	350.000000
5.000000	1000.000000	5.268723	0.458536	350.000000
6.000000	1000.000000	5.214359	0.453805	350.000000
7.000000	1000.000000	5.245444	0.456510	350.000000
8.000000	1000.000000	5.046688	0.439212	350.000000
9.000000	1000.000000	5.433245	0.472854	350.000000
10.000000	1000.000000	5.032036	0.437937	350.000000
11.000000	1000.000000	4.936113	0.429589	350.000000
12.000000	1000.000000	4.859552	0.422926	350.000000
13.000000	1000.000000	5.080558	0.442160	350.000000
14.000000	1000.000000	4.904807	0.426865	350.000000
15.000000	1000.000000	4.811688	0.418760	350.000000
16.000000	1000.000000	4.798085	0.417577	350.000000
1.000000	1000.000000	11.441869	1.000000	350.000000
2.000000	1000.000000	7.938877	0.693844	350.000000
3.000000	1000.000000	6.244681	0.545775	350.000000
4.000000	1000.000000	5.537123	0.483935	350.000000
5.000000	1000.000000	5.391950	0.471247	350.000000
6.000000	1000.000000	5.234007	0.457443	350.000000
7.000000	1000.000000	5.226850	0.456818	350.000000
8.000000	1000.000000	5.000731	0.437055	350.000000
9.000000	1000.000000	4.889533	0.427337	350.000000
10.000000	1000.000000	4.950164	0.432636	350.000000
11.000000	1000.000000	4.925079	0.430444	350.000000
12.000000	1000.000000	4.829759	0.422113	350.000000
13.000000	1000.000000	4.851829	0.424042	350.000000
14.000000	1000.000000	4.854290	0.424257	350.000000
15.000000	1000.000000	4.892279	0.427577	350.000000
16.000000	1000.000000	4.840409	0.423044	350.000000
1.000000	1000.000000	11.403484	1.000000	350.000000
2.000000	1000.000000	8.067272	0.707439	350.000000
3.000000	1000.000000	6.247533	0.547862	350.000000
4.000000	1000.000000	5.541728	0.485968	350.000000
5.000000	1000.000000	5.348281	0.469004	350.000000
6.000000	1000.000000	5.225175	0.458209	350.000000
7.000000	1000.000000	5.162706	0.452731	350.000000
8.000000	1000.000000	4.875080	0.427508	350.000000
9.000000	1000.000000	5.006758	0.439055	350.000000
10.000000	1000.000000	4.975512	0.436315	350.000000
11.000000	1000.000000	4.877962	0.427761	350.000000
12.000000	1000.000000	4.821894	0.422844	350.000000
13.000000	1000.000000	4.832141	0.423743	350.000000
14.000000	1000.000000	4.895435	0.429293	350.000000
15.000000	1000.000000	4.881262	0.428050	350.000000
16.000000	1000.000000	4.771998	0.418468	350.000000
1.000000	1000.000000	11.481812	1.000000	350.000000
2.000000	1000.000000	7.943265	0.691813	350.000000
3.000000	1000.000000	6.183913	0.538583	350.000000
4.000000	1000.000000	5.548755	0.483265	350.000000
5.000000	1000.000000	5.493422	0.478446	350.000000
6.000000	1000.000000	5.025863	0.437724	350.000000
7.000000	1000.000000	5.223803	0.454963	350.000000
8.000000	1000.000000	4.985610	0.434218	350.000000
9.000000	1000.000000	5.101638	0.444323	350.000000
10.000000	1000.000000	4.958229	0.431833	350.000000
11.000000	1000.000000	5.011255	0.436452	350.000000
12.000000	1000.000000	4.903632	0.427078	350.000000
13.000000	1000.000000	4.862062	0.423458	350.000000
14.000000	1000.000000	4.842731	0.421774	350.000000
15.000000	1000.000000	4.788360	0.417039	350.000000
16.000000	1000.000000	4.951489	0.431246	350.000000
1.000000	1000.000000	11.543995	1.000000	350.000000
2.000000	1000.000000	8.154351	0.706372	350.000000
3.000000	1000.000000	6.157824	0.533422	350.000000
4.000000	1000.000000	5.608475	0.485835	350.000000
5.000000	1000.000000	5.478317	0.474560	350.000000
6.000000	1000.000000	5.093184	0.441198	350.000000
7.000000	1000.000000	5.158348	0.446843	350.000000
8.000000	1000.000000	5.075356	0.439653	350.000000
9.000000	1000.000000	4.986176	0.431928	350.000000
10.000000	1000.000000	4.871752	0.422016	350.000000
11.000000	1000.000000	5.060273	0.438347	350.000000
12.000000	1000.000000	4.857716	0.420800	350.000000
13.000000	1000.000000	4.912379	0.425535	350.000000
14.000000	1000.000000	4.854452	0.420518	350.000000
15.000000	1000.000000	4.834681	0.418805	350.000000
16.000000	1000.000000	4.809894	0.416658	350.000000
1.000000	1000.000000	11.667599	1.000000	350.000000
2.000000	1000.000000	8.006107	0.686183	350.000000
3.000000	1000.000000	6.220025	0.533102	350.000000
4.000000	1000.000000	5.554025	0.476021	350.000000
5.000000	1000.000000	5.407191	0.463436	350.000000
6.000000	1000.000000	5.219254	0.447329	350.000000
7.000000	1000.000000	5.046176	0.432495	350.000000
8.000000	1000.000000	4.975792	0.426462	350.000000
9.000000	1000.000000	5.009491	0.429351	350.000000
10.000000	1000.000000	4.971851	0.426125	350.000000
11.000000	1000.000000	4.898524	0.419840	350.000000
12.000000	1000.000000	4.888160	0.418952	350.000000
13.000000	1000.000000	4.924482	0.422065	350.000000
14.000000	1000.000000	4.877080	0.418002	350.000000
15.000000	1000.000000	4.868181	0.417239	350.000000
16.000000	1000.000000	4.859884	0.416528	350.000000
1.000000	1000.000000	11.493968	1.000000	350.000000
2.000000	1000.000000	7.996008	0.695670	350.000000
3.000000	1000.000000	6.142854	0.534442	350.000000
4.000000	1000.000000	5.660883	0.492509	350.000000
5.000000	1000.000000	5.562723	0.483969	350.000000
6.000000	1000.000000	5.128710	0.446209	350.000000
7.000000	1000.000000	5.029705	0.437595	350.000000
8.000000	1000.000000	4.980931	0.433352	350.000000
9.000000	1000.000000	5.084787	0.442387	350.000000
10.000000	1000.000000	4.986939	0.433874	350.000000
11.000000	1000.000000	5.055930	0.439877	350.000000
12.000000	1000.000000	4.816624	0.419057	350.000000
13.000000	1000.000000	4.854319	0.422336	350.000000
14.000000	1000.000000	4.975837	0.432909	350.000000
15.000000	1000.000000	5.060681	0.440290	350.000000
16.000000	1000.000000	4.809455	0.418433	350.000000
1.000000	1000.000000	23.532691	1.000000	500.000000
2.000000	1000.000000	16.468724	0.699823	500.000000
3.000000	1000.000000	12.980566	0.551597	500.000000
4.000000	1000.000000	11.539060	0.490342	500.000000
5.000000	1000.000000	11.203406	0.476078	500.000000
6.000000	1000.000000	10.790482	0.458532	500.000000
7.000000	1000.000000	10.647733	0.452466	500.000000
8.000000	1000.000000	10.520781	0.447071	500.000000
9.000000	1000.000000	10.447693	0.443965	500.000000
10.000000	1000.000000	10.258890	0.435942	500.000000
11.000000	1000.000000	10.196220	0.433279	500.000000
12.000000	1000.000000	10.172398	0.432267	500.000000
13.000000	1000.000000	10.199104	0.433402	500.000000
14.000000	1000.000000	10.178057	0.432507	500.000000
15.000000	1000.000000	10.152549	0.431423	500.000000
16.000000	1000.000000	10.135510	0.430699	500.000000
1.000000	1000.000000	23.928303	1.000000	500.000000
2.000000	1000.000000	16.810170	0.702522	500.000000
3.000000	1000.000000	13.076761	0.546498	500.000000
4.000000	1000.000000	11.476134	0.479605	500.000000
5.000000	1000.000000	11.300915	0.472282	500.000000
6.000000	1000.000000	10.853914	0.453601	500.000000
7.000000	1000.000000	10.625442	0.444053	500.000000
8.000000	1000.000000	10.552822	0.441018	500.000000
9.000000	1000.000000	10.579604	0.442138	500.000000
10.000000	1000.000000	10.387970	0.434129	500.000000
11.000000	1000.000000	10.151052	0.424228	500.000000
12.000000	1000.000000	10.118504	0.422868	500.000000
13.000000	1000.000000	10.148171	0.424107	500.000000
14.000000	1000.000000	10.235867	0.427772	500.000000
15.000000	1000.000000	10.007120	0.418213	500.000000
16.000000	1000.000000	10.085997	0.421509	500.000000
1.000000	1000.000000	24.368211	1.000000	500.000000
2.000000	1000.000000	16.639453	0.682834	500.000000
3.000000	1000.000000	12.957443	0.531736	500.000000
4.000000	1000.000000	11.858917	0.486655	500.000000
5.000000	1000.000000	11.351381	0.465827	500.000000
6.000000	1000.000000	10.746527	0.441006	500.000000
7.000000	1000.000000	10.655000	0.437250	500.000000
8.000000	1000.000000	10.641851	0.436710	500.000000
9.000000	1000.000000	10.638393	0.436568	500.000000
10.000000	1000.000000	10.321473	0.423563	500.000000
11.000000	1000.000000	10.287040	0.422150	500.000000
12.000000	1000.000000	10.194988	0.418372	500.000000
13.000000	1000.000000	10.232989	0.419932	500.000000
14.000000	1000.000000	10.173100	0.417474	500.000000
15.000000	1000.000000	10.115719	0.415119	500.000000
16.000000	1000.000000	10.050115	0.412427	500.000000
1.000000	1000.000000	23.552215	1.000000	500.000000
2.000000	1000.000000	16.674681	0.707988	500.000000
3.000000	1000.000000	13.113952	0.556803	500.000000
4.000000	1000.000000	11.515248	0.488924	500.000000
5.000000	1000.000000	11.399045	0.483990	500.000000
6.000000	1000.000000	10.778113	0.457626	500.000000
7.000000	1000.000000	10.662603	0.452722	500.000000
8.000000	1000.000000	10.634993	0.451550	500.000000
9.000000	1000.000000	10.586812	0.449504	500.000000
10.000000	1000.000000	10.417472	0.442314	500.000000
11.000000	1000.000000	10.364211	0.440052	500.000000
12.000000	1000.000000	10.117493	0.429577	500.000000
13.000000	1000.000000	10.314035	0.437922	500.000000
14.000000	1000.000000	10.146250	0.430798	500.000000
15.000000	1000.000000	10.169287	0.431776	500.000000
16.000000	1000.000000	10.081253	0.428038	500.000000
1.000000	1000.000000	23.598181	1.000000	500.000000
2.000000	1000.000000	16.674290	0.706592	500.000000
3.000000	1000.000000	13.005008	0.551102	500.000000
4.000000	1000.000000	11.506277	0.487592	500.000000
5.000000	1000.000000	11.321315	0.479754	500.000000
6.000000	1000.000000	10.793829	0.457401	500.000000
7.000000	1000.000000	10.680344	0.452592	500.000000
8.000000	1000.000000	10.547480	0.446962	500.000000
9.000000	1000.000000	10.435495	0.442216	500.000000
10.000000	1000.000000	10.346809	0.438458	500.000000
11.000000	1000.000000	10.356490	0.438868	500.000000
12.000000	1000.000000	10.128817	0.429220	500.000000
13.000000	1000.000000	10.198133	0.432158	500.000000
14.000000	1000.000000	10.203599	0.432389	500.000000
15.000000	1000.000000	10.114245	0.428603	500.000000
16.000000	1000.000000	10.058467	0.426239	500.000000
1.000000	1000.000000	23.972776	1.000000	500.000000
2.000000	1000.000000	16.745194	0.698509	500.000000
3.000000	1000.000000	13.008129	0.542621	500.000000
4.000000	1000.000000	11.763680	0.490710	500.000000
5.000000	1000.000000	11.052178	0.461030	500.000000
6.000000	1000.000000	10.873655	0.453583	500.000000
7.000000	1000.000000	10.868371	0.453363	500.000000
8.000000	1000.000000	10.678404	0.445439	500.000000
9.000000	1000.000000	10.546624	0.439942	500.000000
10.000000	1000.000000	10.257319	0.427874	500.000000
11.000000	1000.000000	10.339963	0.431321	500.000000
12.000000	1000.000000	10.194556	0.425256	500.000000
13.000000	1000.000000	10.130547	0.422585	500.000000
14.000000	1000.000000	10.142126	0.423068	500.000000
15.000000	1000.000000	10.065640	0.419878	500.000000
16.000000	1000.000000	10.063754	0.419799	500.000000
1.000000	1000.000000	23.906168	1.000000	500.000000
2.000000	1000.000000	16.602658	0.694493	500.000000
3.000000	1000.000000	13.065090	0.546515	500.000000
4.000000	1000.000000	11.452698	0.479069	500.000000
5.000000	1000.000000	11.265394	0.471234	500.000000
6.000000	1000.000000	10.842657	0.453551	500.000000
7.000000	1000.000000	10.840355	0.453454	500.000000
8.000000	1000.000000	10.606162	0.443658	500.000000
9.000000	1000.000000	10.678800	0.446696	500.000000
10.000000	1000.000000	10.242698	0.428454	500.000000
11.000000	1000.000000	10.247374	0.428650	500.000000
12.000000	1000.000000	10.141237	0.424210	500.000000
13.000000	1000.000000	10.157125	0.424875	500.000000
14.000000	1000.000000	10.372781	0.433896	500.000000
15.000000	1000.000000	10.117788	0.423229	500.000000
16.000000	1000.000000	10.074333	0.421411	500.000000
1.000000	1000.000000	24.121009	1.000000	500.000000
2.000000	1000.000000	16.908712	0.700995	500.000000
3.000000	1000.000000	12.942744	0.536576	500.000000
4.000000	1000.000000	11.524153	0.477764	500.000000
5.000000	1000.000000	11.305617	0.468704	500.000000
6.000000	1000.000000	10.878294	0.450988	500.000000
7.000000	1000.000000	10.935204	0.453348	500.000000
8.000000	1000.000000	10.445732	0.433055	500.000000
9.000000	1000.000000	10.550881	0.437415	500.000000
10.000000	1000.000000	10.354628	0.429278	500.000000
11.000000	1000.000000	10.268928	0.425725	500.000000
12.000000	1000.000000	10.200253	0.422878	500.000000
13.000000	1000.000000	10.232519	0.424216	500.000000
14.000000	1000.000000	10.300399	0.427030	500.000000
15.000000	1000.000000	10.157975	0.421126	500.000000
16.000000	1000.000000	10.138285	0.420309	500.000000
1.000000	1000.000000	23.757499	1.000000	500.000000
2.000000	1000.000000	16.405738	0.690550	500.000000
3.000000	1000.000000	12.924189	0.544005	500.000000
4.000000	1000.000000	11.613629	0.488841	500.000000
5.000000	1000.000000	11.389865	0.479422	500.000000
6.000000	1000.000000	11.013407	0.463576	500.000000
7.000000	1000.000000	11.098359	0.467152	500.000000
8.000000	1000.000000	10.401167	0.437806	500.000000
9.000000	1000.000000	10.636312	0.447703	500.000000
10.000000	1000.000000	10.317341	0.434277	500.000000
11.000000	1000.000000	10.358917	0.436027	500.000000
12.000000	1000.000000	10.188009	0.428833	500.000000
13.000000	1000.000000	10.250221	0.431452	500.000000
14.000000	1000.000000	10.095219	0.424928	500.000000
15.000000	1000.000000	10.117734	0.425875	500.000000
16.000000	1000.000000	10.177530	0.428392	500.000000
1.000000	1000.000000	23.824596	1.000000	500.000000
2.000000	1000.000000	17.349881	0.728234	500.000000
3.000000	1000.000000	12.926418	0.542566	500.000000
4.000000	1000.000000	11.573772	0.485791	500.000000
5.000000	1000.000000	11.324955	0.475347	500.000000
6.000000	1000.000000	10.613806	0.445498	500.000000
7.000000	1000.000000	10.898911	0.457465	500.000000
8.000000	1000.000000	10.681343	0.448333	500.000000
9.000000	1000.000000	10.618565	0.445698	500.000000
10.000000	1000.000000	10.444539	0.438393	500.000000
11.000000	1000.000000	10.331528	0.433650	500.000000
12.000000	1000.000000	10.133437	0.425335	500.000000
13.000000	1000.000000	10.296206	0.432167	500.000000
14.000000	1000.000000	10.257513	0.430543	500.000000
15.000000	1000.000000	10.100096	0.423936	500.000000
16.000000	1000.000000	10.013261	0.420291	500.000000
