1.000000	1000.000000	0.010147	1.000000	6.000000
1.000000	1000.000000	0.010676	1.000000	6.000000
1.000000	1000.000000	0.008900	1.000000	6.000000
1.000000	1000.000000	0.008328	1.000000	6.000000
1.000000	1000.000000	0.007954	1.000000	6.000000
1.000000	1000.000000	0.007868	1.000000	6.000000
1.000000	1000.000000	0.008199	1.000000	6.000000
1.000000	1000.000000	0.007883	1.000000	6.000000
1.000000	1000.000000	0.007564	1.000000	6.000000
1.000000	1000.000000	0.007606	1.000000	6.000000
2.000000	1000.000000	0.013870	1.629369	6.000000
2.000000	1000.000000	0.013524	1.588722	6.000000
2.000000	1000.000000	0.013534	1.589897	6.000000
2.000000	1000.000000	0.012953	1.521645	6.000000
2.000000	1000.000000	0.012715	1.493686	6.000000
2.000000	1000.000000	0.013459	1.581087	6.000000
2.000000	1000.000000	0.012439	1.461263	6.000000
2.000000	1000.000000	0.012599	1.480059	6.000000
2.000000	1000.000000	0.012780	1.501322	6.000000
2.000000	1000.000000	0.012517	1.470426	6.000000
3.000000	1000.000000	0.012844	1.508840	6.000000
3.000000	1000.000000	0.013489	1.584611	6.000000
3.000000	1000.000000	0.012961	1.522584	6.000000
3.000000	1000.000000	0.012331	1.448576	6.000000
3.000000	1000.000000	0.013237	1.555007	6.000000
3.000000	1000.000000	0.013068	1.535154	6.000000
3.000000	1000.000000	0.013093	1.538091	6.000000
3.000000	1000.000000	0.013144	1.544082	6.000000
3.000000	1000.000000	0.013208	1.551601	6.000000
3.000000	1000.000000	0.012568	1.476417	6.000000
4.000000	1000.000000	0.012483	1.466432	6.000000
4.000000	1000.000000	0.012175	1.430250	6.000000
4.000000	1000.000000	0.012101	1.421557	6.000000
4.000000	1000.000000	0.012227	1.436358	6.000000
4.000000	1000.000000	0.012173	1.430015	6.000000
4.000000	1000.000000	0.012344	1.450103	6.000000
4.000000	1000.000000	0.012016	1.411571	6.000000
4.000000	1000.000000	0.012336	1.449163	6.000000
4.000000	1000.000000	0.012498	1.468194	6.000000
4.000000	1000.000000	0.012396	1.456211	6.000000
5.000000	1000.000000	0.015702	1.844581	6.000000
5.000000	1000.000000	0.014856	1.745198	6.000000
5.000000	1000.000000	0.013571	1.594244	6.000000
5.000000	1000.000000	0.013745	1.614684	6.000000
5.000000	1000.000000	0.014537	1.707724	6.000000
5.000000	1000.000000	0.014216	1.670015	6.000000
5.000000	1000.000000	0.014536	1.707606	6.000000
5.000000	1000.000000	0.014278	1.677298	6.000000
5.000000	1000.000000	0.014169	1.664493	6.000000
5.000000	1000.000000	0.013768	1.617386	6.000000
6.000000	1000.000000	0.012924	1.518238	6.000000
6.000000	1000.000000	0.012626	1.483231	6.000000
6.000000	1000.000000	0.012802	1.503906	6.000000
6.000000	1000.000000	0.013003	1.527518	6.000000
6.000000	1000.000000	0.012799	1.503554	6.000000
6.000000	1000.000000	0.012769	1.500029	6.000000
6.000000	1000.000000	0.012931	1.519060	6.000000
6.000000	1000.000000	0.013301	1.562526	6.000000
6.000000	1000.000000	0.012883	1.513421	6.000000
6.000000	1000.000000	0.012694	1.491219	6.000000
7.000000	1000.000000	0.016826	1.976623	6.000000
7.000000	1000.000000	0.014996	1.761645	6.000000
7.000000	1000.000000	0.015895	1.867254	6.000000
7.000000	1000.000000	0.015023	1.764816	6.000000
7.000000	1000.000000	0.015231	1.789251	6.000000
7.000000	1000.000000	0.015162	1.781145	6.000000
7.000000	1000.000000	0.016161	1.898502	6.000000
7.000000	1000.000000	0.015936	1.872070	6.000000
7.000000	1000.000000	0.015021	1.764581	6.000000
7.000000	1000.000000	0.016929	1.988722	6.000000
8.000000	1000.000000	0.014925	1.753304	6.000000
8.000000	1000.000000	0.014755	1.733333	6.000000
8.000000	1000.000000	0.014654	1.721468	6.000000
8.000000	1000.000000	0.015323	1.800059	6.000000
8.000000	1000.000000	0.015273	1.794185	6.000000
8.000000	1000.000000	0.014559	1.710308	6.000000
8.000000	1000.000000	0.014482	1.701263	6.000000
8.000000	1000.000000	0.014389	1.690338	6.000000
8.000000	1000.000000	0.014845	1.743906	6.000000
8.000000	1000.000000	0.014638	1.719589	6.000000
9.000000	1000.000000	0.017450	2.049927	6.000000
9.000000	1000.000000	0.017548	2.061439	6.000000
9.000000	1000.000000	0.017374	2.040999	6.000000
9.000000	1000.000000	0.017177	2.017856	6.000000
9.000000	1000.000000	0.017150	2.014684	6.000000
9.000000	1000.000000	0.017245	2.025844	6.000000
9.000000	1000.000000	0.017175	2.017621	6.000000
9.000000	1000.000000	0.017162	2.016094	6.000000
9.000000	1000.000000	0.017136	2.013040	6.000000
9.000000	1000.000000	0.017156	2.015389	6.000000
10.000000	1000.000000	0.020168	2.369222	6.000000
10.000000	1000.000000	0.016888	1.983906	6.000000
10.000000	1000.000000	0.017216	2.022438	6.000000
10.000000	1000.000000	0.017345	2.037592	6.000000
10.000000	1000.000000	0.016953	1.991542	6.000000
10.000000	1000.000000	0.017167	2.016681	6.000000
10.000000	1000.000000	0.017178	2.017974	6.000000
10.000000	1000.000000	0.016980	1.994714	6.000000
10.000000	1000.000000	0.017260	2.027606	6.000000
10.000000	1000.000000	0.017228	2.023847	6.000000
11.000000	1000.000000	0.020197	2.372628	6.000000
11.000000	1000.000000	0.019191	2.254449	6.000000
11.000000	1000.000000	0.020888	2.453803	6.000000
11.000000	1000.000000	0.019421	2.281468	6.000000
11.000000	1000.000000	0.018994	2.231307	6.000000
11.000000	1000.000000	0.020181	2.370749	6.000000
11.000000	1000.000000	0.018676	2.193950	6.000000
11.000000	1000.000000	0.018663	2.192423	6.000000
11.000000	1000.000000	0.020495	2.407636	6.000000
11.000000	1000.000000	0.020094	2.360529	6.000000
12.000000	1000.000000	0.022503	2.643524	6.000000
12.000000	1000.000000	0.023103	2.714009	6.000000
12.000000	1000.000000	0.022980	2.699559	6.000000
12.000000	1000.000000	0.022925	2.693098	6.000000
12.000000	1000.000000	0.022827	2.681586	6.000000
12.000000	1000.000000	0.022815	2.680176	6.000000
12.000000	1000.000000	0.022783	2.676417	6.000000
12.000000	1000.000000	0.022808	2.679354	6.000000
12.000000	1000.000000	0.022907	2.690984	6.000000
12.000000	1000.000000	0.022820	2.680764	6.000000
1.000000	1000.000000	0.014019	1.000000	10.000000
1.000000	1000.000000	0.013290	1.000000	10.000000
1.000000	1000.000000	0.013336	1.000000	10.000000
1.000000	1000.000000	0.012978	1.000000	10.000000
1.000000	1000.000000	0.013598	1.000000	10.000000
1.000000	1000.000000	0.013109	1.000000	10.000000
1.000000	1000.000000	0.013313	1.000000	10.000000
1.000000	1000.000000	0.013166	1.000000	10.000000
1.000000	1000.000000	0.013381	1.000000	10.000000
1.000000	1000.000000	0.013601	1.000000	10.000000
2.000000	1000.000000	0.010944	0.817992	10.000000
2.000000	1000.000000	0.010371	0.775164	10.000000
2.000000	1000.000000	0.010525	0.786675	10.000000
2.000000	1000.000000	0.010471	0.782639	10.000000
2.000000	1000.000000	0.010222	0.764027	10.000000
2.000000	1000.000000	0.011068	0.827260	10.000000
2.000000	1000.000000	0.010992	0.821580	10.000000
2.000000	1000.000000	0.010624	0.794074	10.000000
2.000000	1000.000000	0.010562	0.789440	10.000000
2.000000	1000.000000	0.010890	0.813956	10.000000
3.000000	1000.000000	0.019970	1.492627	10.000000
3.000000	1000.000000	0.021655	1.618569	10.000000
3.000000	1000.000000	0.018234	1.362872	10.000000
3.000000	1000.000000	0.017761	1.327518	10.000000
3.000000	1000.000000	0.018077	1.351137	10.000000
3.000000	1000.000000	0.017150	1.281850	10.000000
3.000000	1000.000000	0.016998	1.270489	10.000000
3.000000	1000.000000	0.016721	1.249785	10.000000
3.000000	1000.000000	0.016912	1.264061	10.000000
3.000000	1000.000000	0.016882	1.261819	10.000000
4.000000	1000.000000	0.016550	1.237004	10.000000
4.000000	1000.000000	0.016399	1.225718	10.000000
4.000000	1000.000000	0.017831	1.332750	10.000000
4.000000	1000.000000	0.017651	1.319297	10.000000
4.000000	1000.000000	0.017653	1.319446	10.000000
4.000000	1000.000000	0.017644	1.318773	10.000000
4.000000	1000.000000	0.016465	1.230651	10.000000
4.000000	1000.000000	0.015616	1.167194	10.000000
4.000000	1000.000000	0.015921	1.189990	10.000000
4.000000	1000.000000	0.016665	1.245599	10.000000
5.000000	1000.000000	0.015791	1.180274	10.000000
5.000000	1000.000000	0.015958	1.192756	10.000000
5.000000	1000.000000	0.015960	1.192905	10.000000
5.000000	1000.000000	0.015744	1.176761	10.000000
5.000000	1000.000000	0.015962	1.193055	10.000000
5.000000	1000.000000	0.016207	1.211367	10.000000
5.000000	1000.000000	0.015849	1.184609	10.000000
5.000000	1000.000000	0.015921	1.189990	10.000000
5.000000	1000.000000	0.016056	1.200081	10.000000
5.000000	1000.000000	0.016176	1.209050	10.000000
6.000000	1000.000000	0.018091	1.352184	10.000000
6.000000	1000.000000	0.017584	1.314289	10.000000
6.000000	1000.000000	0.018581	1.388808	10.000000
6.000000	1000.000000	0.018463	1.379988	10.000000
6.000000	1000.000000	0.017720	1.324454	10.000000
6.000000	1000.000000	0.017961	1.342467	10.000000
6.000000	1000.000000	0.017894	1.337459	10.000000
6.000000	1000.000000	0.018744	1.400991	10.000000
6.000000	1000.000000	0.017670	1.320717	10.000000
6.000000	1000.000000	0.017416	1.301732	10.000000
7.000000	1000.000000	0.017134	1.280654	10.000000
7.000000	1000.000000	0.016742	1.251355	10.000000
7.000000	1000.000000	0.017150	1.281850	10.000000
7.000000	1000.000000	0.016902	1.263314	10.000000
7.000000	1000.000000	0.017097	1.277889	10.000000
7.000000	1000.000000	0.017227	1.287605	10.000000
7.000000	1000.000000	0.017027	1.272657	10.000000
7.000000	1000.000000	0.016826	1.257633	10.000000
7.000000	1000.000000	0.016713	1.249187	10.000000
7.000000	1000.000000	0.017023	1.272358	10.000000
8.000000	1000.000000	0.020213	1.510789	10.000000
8.000000	1000.000000	0.019958	1.491730	10.000000
8.000000	1000.000000	0.020030	1.497111	10.000000
8.000000	1000.000000	0.019918	1.488740	10.000000
8.000000	1000.000000	0.020279	1.515722	10.000000
8.000000	1000.000000	0.020004	1.495168	10.000000
8.000000	1000.000000	0.019874	1.485451	10.000000
8.000000	1000.000000	0.019472	1.455404	10.000000
8.000000	1000.000000	0.019513	1.458469	10.000000
8.000000	1000.000000	0.019528	1.459590	10.000000
9.000000	1000.000000	0.020987	1.568641	10.000000
9.000000	1000.000000	0.021187	1.583589	10.000000
9.000000	1000.000000	0.021155	1.581198	10.000000
9.000000	1000.000000	0.021112	1.577984	10.000000
9.000000	1000.000000	0.021068	1.574695	10.000000
9.000000	1000.000000	0.020893	1.561615	10.000000
9.000000	1000.000000	0.021117	1.578357	10.000000
9.000000	1000.000000	0.021061	1.574172	10.000000
9.000000	1000.000000	0.020972	1.567519	10.000000
9.000000	1000.000000	0.021025	1.571481	10.000000
10.000000	1000.000000	0.020828	1.556756	10.000000
10.000000	1000.000000	0.020635	1.542331	10.000000
10.000000	1000.000000	0.020616	1.540911	10.000000
10.000000	1000.000000	0.020891	1.561465	10.000000
10.000000	1000.000000	0.021190	1.583814	10.000000
10.000000	1000.000000	0.020877	1.560419	10.000000
10.000000	1000.000000	0.020948	1.565726	10.000000
10.000000	1000.000000	0.021182	1.583216	10.000000
10.000000	1000.000000	0.020929	1.564306	10.000000
10.000000	1000.000000	0.020261	1.514377	10.000000
11.000000	1000.000000	0.023969	1.791526	10.000000
11.000000	1000.000000	0.023977	1.792124	10.000000
11.000000	1000.000000	0.024175	1.806923	10.000000
11.000000	1000.000000	0.024362	1.820900	10.000000
11.000000	1000.000000	0.025812	1.929278	10.000000
11.000000	1000.000000	0.023999	1.793768	10.000000
11.000000	1000.000000	0.023814	1.779940	10.000000
11.000000	1000.000000	0.024271	1.814098	10.000000
11.000000	1000.000000	0.024126	1.803260	10.000000
11.000000	1000.000000	0.024222	1.810436	10.000000
12.000000	1000.000000	0.029036	2.170251	10.000000
12.000000	1000.000000	0.030975	2.315178	10.000000
12.000000	1000.000000	0.028763	2.149846	10.000000
12.000000	1000.000000	0.028842	2.155750	10.000000
12.000000	1000.000000	0.028937	2.162851	10.000000
12.000000	1000.000000	0.030636	2.289840	10.000000
12.000000	1000.000000	0.029043	2.170774	10.000000
12.000000	1000.000000	0.028679	2.143567	10.000000
12.000000	1000.000000	0.028855	2.156722	10.000000
12.000000	1000.000000	0.030610	2.287897	10.000000
1.000000	1000.000000	0.115147	1.000000	20.000000
1.000000	1000.000000	0.894264	1.000000	20.000000
1.000000	1000.000000	1.287140	1.000000	20.000000
1.000000	1000.000000	1.410430	1.000000	20.000000
1.000000	1000.000000	1.285021	1.000000	20.000000
1.000000	1000.000000	1.349925	1.000000	20.000000
1.000000	1000.000000	1.347876	1.000000	20.000000
1.000000	1000.000000	1.290331	1.000000	20.000000
1.000000	1000.000000	1.342646	1.000000	20.000000
1.000000	1000.000000	1.370592	1.000000	20.000000
2.000000	1000.000000	1.354540	1.158383	20.000000
2.000000	1000.000000	1.352463	1.156606	20.000000
2.000000	1000.000000	1.280129	1.094748	20.000000
2.000000	1000.000000	1.354400	1.158263	20.000000
2.000000	1000.000000	1.352240	1.156416	20.000000
2.000000	1000.000000	1.356527	1.160082	20.000000
2.000000	1000.000000	1.355691	1.159367	20.000000
2.000000	1000.000000	1.277270	1.092303	20.000000
2.000000	1000.000000	1.362995	1.165613	20.000000
2.000000	1000.000000	1.355520	1.159221	20.000000
3.000000	1000.000000	1.358178	1.161494	20.000000
3.000000	1000.000000	1.279766	1.094437	20.000000
3.000000	1000.000000	1.335449	1.142056	20.000000
3.000000	1000.000000	1.355517	1.159218	20.000000
3.000000	1000.000000	1.360727	1.163674	20.000000
3.000000	1000.000000	1.283358	1.097509	20.000000
3.000000	1000.000000	1.364725	1.167093	20.000000
3.000000	1000.000000	1.344191	1.149532	20.000000
3.000000	1000.000000	1.273577	1.089144	20.000000
3.000000	1000.000000	1.423231	1.217126	20.000000
4.000000	1000.000000	1.272082	1.087866	20.000000
4.000000	1000.000000	1.656487	1.416603	20.000000
4.000000	1000.000000	1.364424	1.166835	20.000000
4.000000	1000.000000	1.352088	1.156286	20.000000
4.000000	1000.000000	1.290616	1.103716	20.000000
4.000000	1000.000000	1.410436	1.206184	20.000000
4.000000	1000.000000	1.337011	1.143392	20.000000
4.000000	1000.000000	1.583379	1.354082	20.000000
4.000000	1000.000000	1.425505	1.219071	20.000000
4.000000	1000.000000	1.724589	1.474843	20.000000
5.000000	1000.000000	1.373256	1.174388	20.000000
5.000000	1000.000000	1.361426	1.164272	20.000000
5.000000	1000.000000	1.295420	1.107824	20.000000
5.000000	1000.000000	1.344389	1.149702	20.000000
5.000000	1000.000000	1.361213	1.164089	20.000000
5.000000	1000.000000	1.368929	1.170688	20.000000
5.000000	1000.000000	1.531118	1.309390	20.000000
5.000000	1000.000000	1.271015	1.086953	20.000000
5.000000	1000.000000	1.376459	1.177128	20.000000
5.000000	1000.000000	1.363476	1.166025	20.000000
6.000000	1000.000000	1.778569	1.521006	20.000000
6.000000	1000.000000	1.701610	1.455192	20.000000
6.000000	1000.000000	1.429648	1.222614	20.000000
6.000000	1000.000000	1.639925	1.402440	20.000000
6.000000	1000.000000	1.600828	1.369005	20.000000
6.000000	1000.000000	1.379881	1.180054	20.000000
6.000000	1000.000000	1.504432	1.286568	20.000000
6.000000	1000.000000	1.291448	1.104427	20.000000
6.000000	1000.000000	1.478837	1.264680	20.000000
6.000000	1000.000000	1.443272	1.234265	20.000000
7.000000	1000.000000	1.758970	1.504245	20.000000
7.000000	1000.000000	1.687077	1.442763	20.000000
7.000000	1000.000000	1.692291	1.447222	20.000000
7.000000	1000.000000	1.579060	1.350389	20.000000
7.000000	1000.000000	1.715641	1.467191	20.000000
7.000000	1000.000000	1.701971	1.455501	20.000000
7.000000	1000.000000	1.678861	1.435737	20.000000
7.000000	1000.000000	1.739307	1.487430	20.000000
7.000000	1000.000000	1.598850	1.367313	20.000000
7.000000	1000.000000	1.715744	1.467279	20.000000
8.000000	1000.000000	1.885831	1.612735	20.000000
8.000000	1000.000000	1.453182	1.242740	20.000000
8.000000	1000.000000	1.818578	1.555221	20.000000
8.000000	1000.000000	1.724579	1.474835	20.000000
8.000000	1000.000000	1.600840	1.369015	20.000000
8.000000	1000.000000	1.457580	1.246501	20.000000
8.000000	1000.000000	1.508531	1.290074	20.000000
8.000000	1000.000000	1.631630	1.395346	20.000000
8.000000	1000.000000	1.388998	1.187851	20.000000
8.000000	1000.000000	1.439793	1.231290	20.000000
9.000000	1000.000000	1.704056	1.457284	20.000000
9.000000	1000.000000	1.771910	1.515311	20.000000
9.000000	1000.000000	1.707662	1.460367	20.000000
9.000000	1000.000000	1.694423	1.449046	20.000000
9.000000	1000.000000	1.348565	1.153273	20.000000
9.000000	1000.000000	1.461242	1.249633	20.000000
9.000000	1000.000000	1.706376	1.459268	20.000000
9.000000	1000.000000	1.743564	1.491070	20.000000
9.000000	1000.000000	1.551614	1.326918	20.000000
9.000000	1000.000000	1.592277	1.361692	20.000000
10.000000	1000.000000	1.708851	1.461384	20.000000
10.000000	1000.000000	1.560451	1.334475	20.000000
10.000000	1000.000000	1.479385	1.265148	20.000000
10.000000	1000.000000	1.456008	1.245157	20.000000
10.000000	1000.000000	1.480105	1.265764	20.000000
10.000000	1000.000000	1.399984	1.197246	20.000000
10.000000	1000.000000	1.470627	1.257659	20.000000
10.000000	1000.000000	1.472903	1.259605	20.000000
10.000000	1000.000000	1.460401	1.248913	20.000000
10.000000	1000.000000	1.405656	1.202096	20.000000
11.000000	1000.000000	1.929063	1.649706	20.000000
11.000000	1000.000000	1.751279	1.497668	20.000000
11.000000	1000.000000	2.041299	1.745689	20.000000
11.000000	1000.000000	1.911847	1.634983	20.000000
11.000000	1000.000000	1.613863	1.380152	20.000000
11.000000	1000.000000	1.398016	1.195563	20.000000
11.000000	1000.000000	1.587857	1.357912	20.000000
11.000000	1000.000000	1.503774	1.286005	20.000000
11.000000	1000.000000	1.451574	1.241365	20.000000
11.000000	1000.000000	1.726497	1.476475	20.000000
12.000000	1000.000000	3.501320	2.994277	20.000000
12.000000	1000.000000	3.632007	3.106039	20.000000
12.000000	1000.000000	3.742460	3.200497	20.000000
12.000000	1000.000000	3.639171	3.112166	20.000000
12.000000	1000.000000	3.597235	3.076303	20.000000
12.000000	1000.000000	3.730783	3.190511	20.000000
12.000000	1000.000000	3.562897	3.046937	20.000000
12.000000	1000.000000	3.674477	3.142359	20.000000
12.000000	1000.000000	3.694552	3.159527	20.000000
12.000000	1000.000000	3.574468	3.056833	20.000000
1.000000	1000.000000	0.151740	1.000000	36.000000
1.000000	1000.000000	0.137220	1.000000	36.000000
1.000000	1000.000000	0.175132	1.000000	36.000000
1.000000	1000.000000	0.137113	1.000000	36.000000
1.000000	1000.000000	0.180469	1.000000	36.000000
1.000000	1000.000000	0.137105	1.000000	36.000000
1.000000	1000.000000	0.137526	1.000000	36.000000
1.000000	1000.000000	0.137107	1.000000	36.000000
1.000000	1000.000000	0.137562	1.000000	36.000000
1.000000	1000.000000	0.137274	1.000000	36.000000
2.000000	1000.000000	0.106748	0.727043	36.000000
2.000000	1000.000000	0.168483	1.147511	36.000000
2.000000	1000.000000	0.166794	1.136007	36.000000
2.000000	1000.000000	0.161140	1.097499	36.000000
2.000000	1000.000000	0.150049	1.021960	36.000000
2.000000	1000.000000	0.137150	0.934106	36.000000
2.000000	1000.000000	0.167704	1.142205	36.000000
2.000000	1000.000000	0.193504	1.317924	36.000000
2.000000	1000.000000	0.184563	1.257029	36.000000
2.000000	1000.000000	0.169131	1.151924	36.000000
3.000000	1000.000000	0.134202	0.914028	36.000000
3.000000	1000.000000	0.122870	0.836848	36.000000
3.000000	1000.000000	0.122007	0.830970	36.000000
3.000000	1000.000000	0.117377	0.799436	36.000000
3.000000	1000.000000	0.118171	0.804844	36.000000
3.000000	1000.000000	0.120624	0.821551	36.000000
3.000000	1000.000000	0.117730	0.801840	36.000000
3.000000	1000.000000	0.118645	0.808072	36.000000
3.000000	1000.000000	0.082569	0.562364	36.000000
3.000000	1000.000000	0.089650	0.610592	36.000000
4.000000	1000.000000	0.109916	0.748620	36.000000
4.000000	1000.000000	0.102489	0.698036	36.000000
4.000000	1000.000000	0.108979	0.742238	36.000000
4.000000	1000.000000	0.107870	0.734685	36.000000
4.000000	1000.000000	0.106209	0.723372	36.000000
4.000000	1000.000000	0.103425	0.704411	36.000000
4.000000	1000.000000	0.099786	0.679626	36.000000
4.000000	1000.000000	0.098993	0.674225	36.000000
4.000000	1000.000000	0.103432	0.704459	36.000000
4.000000	1000.000000	0.098733	0.672455	36.000000
5.000000	1000.000000	0.092637	0.630936	36.000000
5.000000	1000.000000	0.092008	0.626652	36.000000
5.000000	1000.000000	0.093569	0.637283	36.000000
5.000000	1000.000000	0.052891	0.360232	36.000000
5.000000	1000.000000	0.087510	0.596016	36.000000
5.000000	1000.000000	0.094283	0.642146	36.000000
5.000000	1000.000000	0.091874	0.625739	36.000000
5.000000	1000.000000	0.092691	0.631303	36.000000
5.000000	1000.000000	0.052408	0.356942	36.000000
5.000000	1000.000000	0.078878	0.537225	36.000000
6.000000	1000.000000	0.090573	0.616878	36.000000
6.000000	1000.000000	0.090183	0.614222	36.000000
6.000000	1000.000000	0.087708	0.597365	36.000000
6.000000	1000.000000	0.087349	0.594920	36.000000
6.000000	1000.000000	0.085721	0.583832	36.000000
6.000000	1000.000000	0.094492	0.643570	36.000000
6.000000	1000.000000	0.088933	0.605708	36.000000
6.000000	1000.000000	0.088264	0.601152	36.000000
6.000000	1000.000000	0.083570	0.569182	36.000000
6.000000	1000.000000	0.087601	0.596636	36.000000
7.000000	1000.000000	0.084534	0.575747	36.000000
7.000000	1000.000000	0.085985	0.585630	36.000000
7.000000	1000.000000	0.086523	0.589294	36.000000
7.000000	1000.000000	0.084426	0.575012	36.000000
7.000000	1000.000000	0.085161	0.580018	36.000000
7.000000	1000.000000	0.090821	0.618567	36.000000
7.000000	1000.000000	0.086186	0.586999	36.000000
7.000000	1000.000000	0.087762	0.597733	36.000000
7.000000	1000.000000	0.089396	0.608862	36.000000
7.000000	1000.000000	0.091549	0.623525	36.000000
8.000000	1000.000000	0.083406	0.568065	36.000000
8.000000	1000.000000	0.084053	0.572471	36.000000
8.000000	1000.000000	0.085289	0.580890	36.000000
8.000000	1000.000000	0.083180	0.566526	36.000000
8.000000	1000.000000	0.081927	0.557992	36.000000
8.000000	1000.000000	0.086607	0.589866	36.000000
8.000000	1000.000000	0.082682	0.563134	36.000000
8.000000	1000.000000	0.087833	0.598216	36.000000
8.000000	1000.000000	0.084152	0.573146	36.000000
8.000000	1000.000000	0.085500	0.582327	36.000000
9.000000	1000.000000	0.082725	0.563427	36.000000
9.000000	1000.000000	0.081124	0.552522	36.000000
9.000000	1000.000000	0.082157	0.559558	36.000000
9.000000	1000.000000	0.083860	0.571157	36.000000
9.000000	1000.000000	0.082524	0.562058	36.000000
9.000000	1000.000000	0.079302	0.540113	36.000000
9.000000	1000.000000	0.080780	0.550180	36.000000
9.000000	1000.000000	0.083622	0.569536	36.000000
9.000000	1000.000000	0.081965	0.558250	36.000000
9.000000	1000.000000	0.082916	0.564727	36.000000
10.000000	1000.000000	0.079828	0.543696	36.000000
10.000000	1000.000000	0.080067	0.545323	36.000000
10.000000	1000.000000	0.084445	0.575141	36.000000
10.000000	1000.000000	0.079601	0.542150	36.000000
10.000000	1000.000000	0.082663	0.563004	36.000000
10.000000	1000.000000	0.084757	0.577266	36.000000
10.000000	1000.000000	0.081513	0.555172	36.000000
10.000000	1000.000000	0.086121	0.586556	36.000000
10.000000	1000.000000	0.083586	0.569291	36.000000
10.000000	1000.000000	0.085087	0.579514	36.000000
11.000000	1000.000000	0.084567	0.575972	36.000000
11.000000	1000.000000	0.081923	0.557964	36.000000
11.000000	1000.000000	0.081965	0.558250	36.000000
11.000000	1000.000000	0.086493	0.589090	36.000000
11.000000	1000.000000	0.087678	0.597161	36.000000
11.000000	1000.000000	0.088118	0.600157	36.000000
11.000000	1000.000000	0.086003	0.585753	36.000000
11.000000	1000.000000	0.087378	0.595117	36.000000
11.000000	1000.000000	0.086587	0.589730	36.000000
11.000000	1000.000000	0.088342	0.601683	36.000000
12.000000	1000.000000	0.082748	0.563583	36.000000
12.000000	1000.000000	0.085157	0.579991	36.000000
12.000000	1000.000000	0.084871	0.578043	36.000000
12.000000	1000.000000	0.087146	0.593537	36.000000
12.000000	1000.000000	0.084621	0.576340	36.000000
12.000000	1000.000000	0.083129	0.566178	36.000000
12.000000	1000.000000	0.081859	0.557528	36.000000
12.000000	1000.000000	0.084473	0.575332	36.000000
12.000000	1000.000000	0.079594	0.542102	36.000000
12.000000	1000.000000	0.082363	0.560961	36.000000
1.000000	1000.000000	0.264892	1.000000	50.000000
1.000000	1000.000000	0.261224	1.000000	50.000000
1.000000	1000.000000	0.260980	1.000000	50.000000
1.000000	1000.000000	0.261367	1.000000	50.000000
1.000000	1000.000000	0.265804	1.000000	50.000000
1.000000	1000.000000	0.261196	1.000000	50.000000
1.000000	1000.000000	0.260953	1.000000	50.000000
1.000000	1000.000000	0.261327	1.000000	50.000000
1.000000	1000.000000	0.261283	1.000000	50.000000
1.000000	1000.000000	0.349249	1.000000	50.000000
2.000000	1000.000000	0.285668	1.054797	50.000000
2.000000	1000.000000	0.278280	1.027518	50.000000
2.000000	1000.000000	0.263358	0.972420	50.000000
2.000000	1000.000000	0.262692	0.969961	50.000000
2.000000	1000.000000	0.262000	0.967405	50.000000
2.000000	1000.000000	0.262649	0.969802	50.000000
2.000000	1000.000000	0.263066	0.971342	50.000000
2.000000	1000.000000	0.263107	0.971493	50.000000
2.000000	1000.000000	0.262373	0.968783	50.000000
2.000000	1000.000000	0.266313	0.983331	50.000000
3.000000	1000.000000	0.208495	0.769844	50.000000
3.000000	1000.000000	0.207955	0.767850	50.000000
3.000000	1000.000000	0.206303	0.761751	50.000000
3.000000	1000.000000	0.207350	0.765616	50.000000
3.000000	1000.000000	0.207667	0.766787	50.000000
3.000000	1000.000000	0.207720	0.766983	50.000000
3.000000	1000.000000	0.146016	0.539148	50.000000
3.000000	1000.000000	0.213975	0.790079	50.000000
3.000000	1000.000000	0.209249	0.772628	50.000000
3.000000	1000.000000	0.208522	0.769944	50.000000
4.000000	1000.000000	0.180649	0.667026	50.000000
4.000000	1000.000000	0.142969	0.527897	50.000000
4.000000	1000.000000	0.174926	0.645895	50.000000
4.000000	1000.000000	0.178752	0.660022	50.000000
4.000000	1000.000000	0.182952	0.675530	50.000000
4.000000	1000.000000	0.141707	0.523237	50.000000
4.000000	1000.000000	0.176732	0.652563	50.000000
4.000000	1000.000000	0.174255	0.643417	50.000000
4.000000	1000.000000	0.121713	0.449412	50.000000
4.000000	1000.000000	0.176882	0.653117	50.000000
5.000000	1000.000000	0.162027	0.598266	50.000000
5.000000	1000.000000	0.162088	0.598492	50.000000
5.000000	1000.000000	0.102485	0.378414	50.000000
5.000000	1000.000000	0.160913	0.594153	50.000000
5.000000	1000.000000	0.164490	0.607361	50.000000
5.000000	1000.000000	0.163801	0.604817	50.000000
5.000000	1000.000000	0.116629	0.430639	50.000000
5.000000	1000.000000	0.163639	0.604219	50.000000
5.000000	1000.000000	0.161564	0.596557	50.000000
5.000000	1000.000000	0.162012	0.598211	50.000000
6.000000	1000.000000	0.152620	0.563532	50.000000
6.000000	1000.000000	0.153024	0.565024	50.000000
6.000000	1000.000000	0.101840	0.376033	50.000000
6.000000	1000.000000	0.144185	0.532387	50.000000
6.000000	1000.000000	0.154408	0.570134	50.000000
6.000000	1000.000000	0.149312	0.551318	50.000000
6.000000	1000.000000	0.150234	0.554722	50.000000
6.000000	1000.000000	0.149960	0.553710	50.000000
6.000000	1000.000000	0.149116	0.550594	50.000000
6.000000	1000.000000	0.107916	0.398468	50.000000
7.000000	1000.000000	0.149460	0.551864	50.000000
7.000000	1000.000000	0.146353	0.540392	50.000000
7.000000	1000.000000	0.145362	0.536733	50.000000
7.000000	1000.000000	0.146424	0.540654	50.000000
7.000000	1000.000000	0.145885	0.538664	50.000000
7.000000	1000.000000	0.147678	0.545284	50.000000
7.000000	1000.000000	0.147597	0.544985	50.000000
7.000000	1000.000000	0.146804	0.542057	50.000000
7.000000	1000.000000	0.146470	0.540824	50.000000
7.000000	1000.000000	0.127217	0.469734	50.000000
8.000000	1000.000000	0.139089	0.513570	50.000000
8.000000	1000.000000	0.139517	0.515151	50.000000
8.000000	1000.000000	0.443239	1.636610	50.000000
8.000000	1000.000000	0.138941	0.513024	50.000000
8.000000	1000.000000	0.137953	0.509376	50.000000
8.000000	1000.000000	0.138096	0.509904	50.000000
8.000000	1000.000000	0.138132	0.510037	50.000000
8.000000	1000.000000	0.140021	0.517012	50.000000
8.000000	1000.000000	0.138613	0.511813	50.000000
8.000000	1000.000000	0.138754	0.512333	50.000000
9.000000	1000.000000	0.138558	0.511610	50.000000
9.000000	1000.000000	0.139454	0.514918	50.000000
9.000000	1000.000000	0.138210	0.510325	50.000000
9.000000	1000.000000	0.139267	0.514228	50.000000
9.000000	1000.000000	0.139412	0.514763	50.000000
9.000000	1000.000000	0.138316	0.510716	50.000000
9.000000	1000.000000	0.138742	0.512289	50.000000
9.000000	1000.000000	0.138470	0.511285	50.000000
9.000000	1000.000000	0.139114	0.513663	50.000000
9.000000	1000.000000	0.139907	0.516591	50.000000
10.000000	1000.000000	0.132249	0.488315	50.000000
10.000000	1000.000000	0.132627	0.489710	50.000000
10.000000	1000.000000	0.132916	0.490777	50.000000
10.000000	1000.000000	0.135207	0.499237	50.000000
10.000000	1000.000000	0.135010	0.498509	50.000000
10.000000	1000.000000	0.134634	0.497121	50.000000
10.000000	1000.000000	0.134649	0.497176	50.000000
10.000000	1000.000000	0.134483	0.496563	50.000000
10.000000	1000.000000	0.135223	0.499296	50.000000
10.000000	1000.000000	0.136299	0.503269	50.000000
11.000000	1000.000000	0.138725	0.512226	50.000000
11.000000	1000.000000	0.136821	0.505196	50.000000
11.000000	1000.000000	0.136712	0.504794	50.000000
11.000000	1000.000000	0.135688	0.501013	50.000000
11.000000	1000.000000	0.136038	0.502305	50.000000
11.000000	1000.000000	0.135414	0.500001	50.000000
11.000000	1000.000000	0.136110	0.502571	50.000000
11.000000	1000.000000	0.136794	0.505096	50.000000
11.000000	1000.000000	0.134714	0.497416	50.000000
11.000000	1000.000000	0.150210	0.554633	50.000000
12.000000	1000.000000	0.131644	0.486081	50.000000
12.000000	1000.000000	0.131540	0.485697	50.000000
12.000000	1000.000000	0.131360	0.485032	50.000000
12.000000	1000.000000	0.131416	0.485239	50.000000
12.000000	1000.000000	0.132658	0.489825	50.000000
12.000000	1000.000000	0.131275	0.484718	50.000000
12.000000	1000.000000	0.132066	0.487639	50.000000
12.000000	1000.000000	0.132061	0.487620	50.000000
12.000000	1000.000000	0.130686	0.482543	50.000000
12.000000	1000.000000	0.132021	0.487473	50.000000
1.000000	1000.000000	1.037032	1.000000	100.000000
1.000000	1000.000000	1.080810	1.000000	100.000000
1.000000	1000.000000	1.149788	1.000000	100.000000
1.000000	1000.000000	1.037156	1.000000	100.000000
1.000000	1000.000000	1.079782	1.000000	100.000000
1.000000	1000.000000	1.080174	1.000000	100.000000
1.000000	1000.000000	1.078753	1.000000	100.000000
1.000000	1000.000000	1.080144	1.000000	100.000000
1.000000	1000.000000	1.036431	1.000000	100.000000
1.000000	1000.000000	1.036188	1.000000	100.000000
2.000000	1000.000000	0.964258	0.901491	100.000000
2.000000	1000.000000	0.896421	0.838070	100.000000
2.000000	1000.000000	0.895145	0.836877	100.000000
2.000000	1000.000000	0.892729	0.834618	100.000000
2.000000	1000.000000	0.894554	0.836324	100.000000
2.000000	1000.000000	0.893108	0.834972	100.000000
2.000000	1000.000000	0.895101	0.836836	100.000000
2.000000	1000.000000	0.892202	0.834125	100.000000
2.000000	1000.000000	0.898597	0.840104	100.000000
2.000000	1000.000000	0.894254	0.836044	100.000000
3.000000	1000.000000	0.723843	0.676725	100.000000
3.000000	1000.000000	0.719959	0.673094	100.000000
3.000000	1000.000000	0.712902	0.666497	100.000000
3.000000	1000.000000	0.716263	0.669639	100.000000
3.000000	1000.000000	0.721720	0.674741	100.000000
3.000000	1000.000000	0.718630	0.671852	100.000000
3.000000	1000.000000	0.714161	0.667674	100.000000
3.000000	1000.000000	0.716440	0.669804	100.000000
3.000000	1000.000000	0.715581	0.669001	100.000000
3.000000	1000.000000	0.722271	0.675256	100.000000
4.000000	1000.000000	0.626576	0.585790	100.000000
4.000000	1000.000000	0.627752	0.586889	100.000000
4.000000	1000.000000	0.624782	0.584113	100.000000
4.000000	1000.000000	0.629055	0.588108	100.000000
4.000000	1000.000000	0.624581	0.583925	100.000000
4.000000	1000.000000	0.625500	0.584784	100.000000
4.000000	1000.000000	0.631006	0.589932	100.000000
4.000000	1000.000000	0.633689	0.592440	100.000000
4.000000	1000.000000	0.629659	0.588672	100.000000
4.000000	1000.000000	0.630532	0.589488	100.000000
5.000000	1000.000000	0.612294	0.572438	100.000000
5.000000	1000.000000	0.606484	0.567006	100.000000
5.000000	1000.000000	0.607354	0.567819	100.000000
5.000000	1000.000000	0.536406	0.501489	100.000000
5.000000	1000.000000	0.613073	0.573166	100.000000
5.000000	1000.000000	0.606488	0.567010	100.000000
5.000000	1000.000000	0.610435	0.570700	100.000000
5.000000	1000.000000	0.555955	0.519766	100.000000
5.000000	1000.000000	0.606585	0.567100	100.000000
5.000000	1000.000000	0.605799	0.566365	100.000000
6.000000	1000.000000	0.573677	0.536334	100.000000
6.000000	1000.000000	0.574127	0.536755	100.000000
6.000000	1000.000000	0.570556	0.533416	100.000000
6.000000	1000.000000	0.577950	0.540329	100.000000
6.000000	1000.000000	0.574516	0.537119	100.000000
6.000000	1000.000000	0.574273	0.536891	100.000000
6.000000	1000.000000	0.573435	0.536108	100.000000
6.000000	1000.000000	0.577041	0.539479	100.000000
6.000000	1000.000000	0.576371	0.538853	100.000000
6.000000	1000.000000	0.575646	0.538175	100.000000
7.000000	1000.000000	0.570047	0.532941	100.000000
7.000000	1000.000000	0.564441	0.527700	100.000000
7.000000	1000.000000	0.568347	0.531351	100.000000
7.000000	1000.000000	0.566550	0.529671	100.000000
7.000000	1000.000000	0.834379	0.780066	100.000000
7.000000	1000.000000	0.559474	0.523056	100.000000
7.000000	1000.000000	0.559980	0.523529	100.000000
7.000000	1000.000000	0.563207	0.526546	100.000000
7.000000	1000.000000	0.569219	0.532166	100.000000
7.000000	1000.000000	0.565877	0.529042	100.000000
8.000000	1000.000000	0.549467	0.513700	100.000000
8.000000	1000.000000	0.546288	0.510728	100.000000
8.000000	1000.000000	0.551733	0.515819	100.000000
8.000000	1000.000000	0.544007	0.508596	100.000000
8.000000	1000.000000	0.549827	0.514037	100.000000
8.000000	1000.000000	0.548910	0.513179	100.000000
8.000000	1000.000000	0.550951	0.515088	100.000000
8.000000	1000.000000	0.552746	0.516766	100.000000
8.000000	1000.000000	0.553829	0.517778	100.000000
8.000000	1000.000000	0.552174	0.516231	100.000000
9.000000	1000.000000	0.548761	0.513040	100.000000
9.000000	1000.000000	0.541884	0.506611	100.000000
9.000000	1000.000000	0.544829	0.509364	100.000000
9.000000	1000.000000	0.540397	0.505221	100.000000
9.000000	1000.000000	0.542905	0.507565	100.000000
9.000000	1000.000000	0.730748	0.683181	100.000000
9.000000	1000.000000	0.546805	0.511211	100.000000
9.000000	1000.000000	0.544648	0.509195	100.000000
9.000000	1000.000000	0.693584	0.648436	100.000000
9.000000	1000.000000	0.544325	0.508893	100.000000
10.000000	1000.000000	0.532880	0.498193	100.000000
10.000000	1000.000000	0.531881	0.497259	100.000000
10.000000	1000.000000	0.531682	0.497073	100.000000
10.000000	1000.000000	0.533308	0.498593	100.000000
10.000000	1000.000000	0.531180	0.496604	100.000000
10.000000	1000.000000	0.549895	0.514100	100.000000
10.000000	1000.000000	0.542357	0.507053	100.000000
10.000000	1000.000000	0.532786	0.498105	100.000000
10.000000	1000.000000	0.529324	0.494868	100.000000
10.000000	1000.000000	0.532008	0.497378	100.000000
11.000000	1000.000000	0.549234	0.513482	100.000000
11.000000	1000.000000	0.529193	0.494746	100.000000
11.000000	1000.000000	0.532762	0.498083	100.000000
11.000000	1000.000000	0.531781	0.497165	100.000000
11.000000	1000.000000	0.531608	0.497004	100.000000
11.000000	1000.000000	0.529250	0.494799	100.000000
11.000000	1000.000000	0.531912	0.497288	100.000000
11.000000	1000.000000	0.534262	0.499485	100.000000
11.000000	1000.000000	0.530222	0.495708	100.000000
11.000000	1000.000000	0.530862	0.496306	100.000000
12.000000	1000.000000	0.526934	0.492634	100.000000
12.000000	1000.000000	0.522433	0.488426	100.000000
12.000000	1000.000000	0.536007	0.501116	100.000000
12.000000	1000.000000	0.520613	0.486724	100.000000
12.000000	1000.000000	0.520747	0.486850	100.000000
12.000000	1000.000000	0.522163	0.488174	100.000000
12.000000	1000.000000	0.522792	0.488762	100.000000
12.000000	1000.000000	0.533508	0.498780	100.000000
12.000000	1000.000000	0.521605	0.487652	100.000000
12.000000	1000.000000	0.522775	0.488746	100.000000
1.000000	1000.000000	4.108645	1.000000	200.000000
1.000000	1000.000000	4.107961	1.000000	200.000000
1.000000	1000.000000	4.158229	1.000000	200.000000
1.000000	1000.000000	4.108624	1.000000	200.000000
1.000000	1000.000000	4.107927	1.000000	200.000000
1.000000	1000.000000	4.108056	1.000000	200.000000
1.000000	1000.000000	4.107980	1.000000	200.000000
1.000000	1000.000000	4.151596	1.000000	200.000000
1.000000	1000.000000	4.108120	1.000000	200.000000
1.000000	1000.000000	4.109570	1.000000	200.000000
2.000000	1000.000000	3.292592	0.799625	200.000000
2.000000	1000.000000	3.282251	0.797114	200.000000
2.000000	1000.000000	3.278708	0.796253	200.000000
2.000000	1000.000000	3.281466	0.796923	200.000000
2.000000	1000.000000	3.288883	0.798724	200.000000
2.000000	1000.000000	3.310528	0.803981	200.000000
2.000000	1000.000000	3.308850	0.803573	200.000000
2.000000	1000.000000	3.315113	0.805094	200.000000
2.000000	1000.000000	3.300811	0.801621	200.000000
2.000000	1000.000000	3.441044	0.835677	200.000000
3.000000	1000.000000	2.544095	0.617848	200.000000
3.000000	1000.000000	2.466324	0.598961	200.000000
3.000000	1000.000000	2.463380	0.598246	200.000000
3.000000	1000.000000	2.475103	0.601093	200.000000
3.000000	1000.000000	2.465334	0.598721	200.000000
3.000000	1000.000000	2.533606	0.615301	200.000000
3.000000	1000.000000	2.458497	0.597060	200.000000
3.000000	1000.000000	2.472262	0.600403	200.000000
3.000000	1000.000000	2.459766	0.597368	200.000000
3.000000	1000.000000	2.468803	0.599563	200.000000
4.000000	1000.000000	2.105212	0.511263	200.000000
4.000000	1000.000000	2.131318	0.517603	200.000000
4.000000	1000.000000	2.113954	0.513386	200.000000
4.000000	1000.000000	2.083005	0.505870	200.000000
4.000000	1000.000000	2.237381	0.543361	200.000000
4.000000	1000.000000	2.155525	0.523482	200.000000
4.000000	1000.000000	2.119494	0.514731	200.000000
4.000000	1000.000000	2.137613	0.519132	200.000000
4.000000	1000.000000	2.116807	0.514079	200.000000
4.000000	1000.000000	2.118755	0.514552	200.000000
5.000000	1000.000000	2.027797	0.492462	200.000000
5.000000	1000.000000	2.049896	0.497829	200.000000
5.000000	1000.000000	2.032878	0.493696	200.000000
5.000000	1000.000000	2.051185	0.498142	200.000000
5.000000	1000.000000	2.049321	0.497689	200.000000
5.000000	1000.000000	2.089215	0.507378	200.000000
5.000000	1000.000000	2.047974	0.497362	200.000000
5.000000	1000.000000	2.034996	0.494210	200.000000
5.000000	1000.000000	2.057528	0.499682	200.000000
5.000000	1000.000000	2.021184	0.490856	200.000000
6.000000	1000.000000	1.905791	0.462832	200.000000
6.000000	1000.000000	1.920190	0.466329	200.000000
6.000000	1000.000000	1.902803	0.462107	200.000000
6.000000	1000.000000	1.940752	0.471323	200.000000
6.000000	1000.000000	1.894907	0.460189	200.000000
6.000000	1000.000000	1.908876	0.463581	200.000000
6.000000	1000.000000	1.959168	0.475795	200.000000
6.000000	1000.000000	1.919654	0.466199	200.000000
6.000000	1000.000000	1.902577	0.462052	200.000000
6.000000	1000.000000	1.901733	0.461847	200.000000
7.000000	1000.000000	1.871227	0.454438	200.000000
7.000000	1000.000000	1.866213	0.453221	200.000000
7.000000	1000.000000	1.880209	0.456620	200.000000
7.000000	1000.000000	1.873826	0.455069	200.000000
7.000000	1000.000000	1.875708	0.455526	200.000000
7.000000	1000.000000	1.877869	0.456051	200.000000
7.000000	1000.000000	1.880248	0.456629	200.000000
7.000000	1000.000000	1.885087	0.457804	200.000000
7.000000	1000.000000	1.890046	0.459009	200.000000
7.000000	1000.000000	1.878031	0.456091	200.000000
8.000000	1000.000000	1.834784	0.445588	200.000000
8.000000	1000.000000	1.840367	0.446944	200.000000
8.000000	1000.000000	1.824992	0.443210	200.000000
8.000000	1000.000000	1.839191	0.446658	200.000000
8.000000	1000.000000	2.185891	0.530856	200.000000
8.000000	1000.000000	1.820001	0.441998	200.000000
8.000000	1000.000000	1.821141	0.442275	200.000000
8.000000	1000.000000	1.839907	0.446832	200.000000
8.000000	1000.000000	1.822679	0.442648	200.000000
8.000000	1000.000000	1.825919	0.443435	200.000000
9.000000	1000.000000	1.818526	0.441639	200.000000
9.000000	1000.000000	1.820440	0.442104	200.000000
9.000000	1000.000000	1.805947	0.438585	200.000000
9.000000	1000.000000	1.814753	0.440723	200.000000
9.000000	1000.000000	1.817720	0.441444	200.000000
9.000000	1000.000000	1.826576	0.443594	200.000000
9.000000	1000.000000	1.833734	0.445333	200.000000
9.000000	1000.000000	1.833214	0.445207	200.000000
9.000000	1000.000000	1.822193	0.442530	200.000000
9.000000	1000.000000	1.810766	0.439755	200.000000
10.000000	1000.000000	1.819000	0.441755	200.000000
10.000000	1000.000000	1.819513	0.441879	200.000000
10.000000	1000.000000	1.804286	0.438181	200.000000
10.000000	1000.000000	1.811424	0.439915	200.000000
10.000000	1000.000000	1.811606	0.439959	200.000000
10.000000	1000.000000	1.808296	0.439155	200.000000
10.000000	1000.000000	1.817088	0.441290	200.000000
10.000000	1000.000000	1.818187	0.441557	200.000000
10.000000	1000.000000	1.813031	0.440305	200.000000
10.000000	1000.000000	1.791878	0.435168	200.000000
11.000000	1000.000000	1.778811	0.431994	200.000000
11.000000	1000.000000	1.781044	0.432537	200.000000
11.000000	1000.000000	1.783753	0.433195	200.000000
11.000000	1000.000000	1.779215	0.432093	200.000000
11.000000	1000.000000	1.784501	0.433376	200.000000
11.000000	1000.000000	1.788436	0.434332	200.000000
11.000000	1000.000000	1.784308	0.433329	200.000000
11.000000	1000.000000	1.782469	0.432883	200.000000
11.000000	1000.000000	1.790373	0.434802	200.000000
11.000000	1000.000000	1.781151	0.432563	200.000000
12.000000	1000.000000	1.766126	0.428914	200.000000
12.000000	1000.000000	1.773739	0.430763	200.000000
12.000000	1000.000000	1.757522	0.426824	200.000000
12.000000	1000.000000	1.767549	0.429259	200.000000
12.000000	1000.000000	1.761081	0.427689	200.000000
12.000000	1000.000000	1.768619	0.429519	200.000000
12.000000	1000.000000	1.766006	0.428885	200.000000
12.000000	1000.000000	1.756860	0.426664	200.000000
12.000000	1000.000000	1.769530	0.429741	200.000000
12.000000	1000.000000	1.757640	0.426853	200.000000
1.000000	1000.000000	25.707243	1.000000	500.000000
1.000000	1000.000000	25.832512	1.000000	500.000000
1.000000	1000.000000	25.708657	1.000000	500.000000
1.000000	1000.000000	25.853166	1.000000	500.000000
1.000000	1000.000000	25.689934	1.000000	500.000000
1.000000	1000.000000	25.896986	1.000000	500.000000
1.000000	1000.000000	25.676940	1.000000	500.000000
1.000000	1000.000000	25.675915	1.000000	500.000000
1.000000	1000.000000	25.858855	1.000000	500.000000
1.000000	1000.000000	25.689064	1.000000	500.000000
2.000000	1000.000000	19.557172	0.759239	500.000000
2.000000	1000.000000	19.117072	0.742153	500.000000
2.000000	1000.000000	19.058555	0.739882	500.000000
2.000000	1000.000000	18.468949	0.716992	500.000000
2.000000	1000.000000	18.539449	0.719729	500.000000
2.000000	1000.000000	18.417429	0.714992	500.000000
2.000000	1000.000000	18.417632	0.715000	500.000000
2.000000	1000.000000	18.419413	0.715069	500.000000
2.000000	1000.000000	18.419419	0.715069	500.000000
2.000000	1000.000000	18.614270	0.722634	500.000000
3.000000	1000.000000	14.506459	0.563162	500.000000
3.000000	1000.000000	14.401926	0.559104	500.000000
3.000000	1000.000000	14.451284	0.561020	500.000000
3.000000	1000.000000	14.365637	0.557695	500.000000
3.000000	1000.000000	14.454949	0.561163	500.000000
3.000000	1000.000000	14.466196	0.561599	500.000000
3.000000	1000.000000	14.396371	0.558889	500.000000
3.000000	1000.000000	14.478293	0.562069	500.000000
3.000000	1000.000000	14.437753	0.560495	500.000000
3.000000	1000.000000	14.440457	0.560600	500.000000
4.000000	1000.000000	12.618709	0.489877	500.000000
4.000000	1000.000000	12.532039	0.486512	500.000000
4.000000	1000.000000	12.523059	0.486164	500.000000
4.000000	1000.000000	12.460710	0.483743	500.000000
4.000000	1000.000000	12.594476	0.488936	500.000000
4.000000	1000.000000	12.611879	0.489612	500.000000
4.000000	1000.000000	12.530792	0.486464	500.000000
4.000000	1000.000000	12.513424	0.485790	500.000000
4.000000	1000.000000	12.599538	0.489133	500.000000
4.000000	1000.000000	12.613653	0.489681	500.000000
5.000000	1000.000000	12.276769	0.476602	500.000000
5.000000	1000.000000	12.155394	0.471891	500.000000
5.000000	1000.000000	12.246902	0.475443	500.000000
5.000000	1000.000000	12.218928	0.474357	500.000000
5.000000	1000.000000	12.239478	0.475155	500.000000
5.000000	1000.000000	12.259926	0.475949	500.000000
5.000000	1000.000000	12.199991	0.473622	500.000000
5.000000	1000.000000	12.269748	0.476330	500.000000
5.000000	1000.000000	12.156660	0.471940	500.000000
5.000000	1000.000000	12.209804	0.474003	500.000000
6.000000	1000.000000	11.515598	0.447053	500.000000
6.000000	1000.000000	11.659443	0.452637	500.000000
6.000000	1000.000000	11.681385	0.453489	500.000000
6.000000	1000.000000	11.671863	0.453119	500.000000
6.000000	1000.000000	11.558374	0.448713	500.000000
6.000000	1000.000000	11.657565	0.452564	500.000000
6.000000	1000.000000	11.699053	0.454175	500.000000
6.000000	1000.000000	11.667395	0.452946	500.000000
6.000000	1000.000000	11.594198	0.450104	500.000000
6.000000	1000.000000	11.843750	0.459792	500.000000
7.000000	1000.000000	11.328132	0.439775	500.000000
7.000000	1000.000000	11.565300	0.448982	500.000000
7.000000	1000.000000	11.575227	0.449368	500.000000
7.000000	1000.000000	11.524231	0.447388	500.000000
7.000000	1000.000000	11.523030	0.447341	500.000000
7.000000	1000.000000	11.252062	0.436822	500.000000
7.000000	1000.000000	11.330644	0.439873	500.000000
7.000000	1000.000000	11.501035	0.446487	500.000000
7.000000	1000.000000	11.435194	0.443931	500.000000
7.000000	1000.000000	11.478063	0.445596	500.000000
8.000000	1000.000000	11.330688	0.439874	500.000000
8.000000	1000.000000	11.193891	0.434564	500.000000
8.000000	1000.000000	11.306996	0.438954	500.000000
8.000000	1000.000000	11.305850	0.438910	500.000000
8.000000	1000.000000	11.232539	0.436064	500.000000
8.000000	1000.000000	11.192549	0.434511	500.000000
8.000000	1000.000000	11.161998	0.433325	500.000000
8.000000	1000.000000	11.191470	0.434470	500.000000
8.000000	1000.000000	11.087192	0.430421	500.000000
8.000000	1000.000000	11.285646	0.438126	500.000000
9.000000	1000.000000	11.097685	0.430829	500.000000
9.000000	1000.000000	11.149551	0.432842	500.000000
9.000000	1000.000000	11.151381	0.432913	500.000000
9.000000	1000.000000	11.133100	0.432204	500.000000
9.000000	1000.000000	11.118602	0.431641	500.000000
9.000000	1000.000000	11.110175	0.431314	500.000000
9.000000	1000.000000	11.154894	0.433050	500.000000
9.000000	1000.000000	11.129447	0.432062	500.000000
9.000000	1000.000000	11.178771	0.433977	500.000000
9.000000	1000.000000	11.119327	0.431669	500.000000
10.000000	1000.000000	11.026546	0.428067	500.000000
10.000000	1000.000000	11.044600	0.428768	500.000000
10.000000	1000.000000	10.983381	0.426391	500.000000
10.000000	1000.000000	10.984378	0.426430	500.000000
10.000000	1000.000000	11.013373	0.427556	500.000000
10.000000	1000.000000	11.054946	0.429170	500.000000
10.000000	1000.000000	11.107193	0.431198	500.000000
10.000000	1000.000000	11.003564	0.427175	500.000000
10.000000	1000.000000	11.066493	0.429618	500.000000
10.000000	1000.000000	11.123559	0.431833	500.000000
11.000000	1000.000000	10.950113	0.425100	500.000000
11.000000	1000.000000	10.925486	0.424144	500.000000
11.000000	1000.000000	10.901354	0.423207	500.000000
11.000000	1000.000000	10.890098	0.422770	500.000000
11.000000	1000.000000	10.878522	0.422320	500.000000
11.000000	1000.000000	10.882526	0.422476	500.000000
11.000000	1000.000000	10.883274	0.422505	500.000000
11.000000	1000.000000	10.880873	0.422412	500.000000
11.000000	1000.000000	10.881717	0.422444	500.000000
11.000000	1000.000000	10.899779	0.423146	500.000000
12.000000	1000.000000	10.768573	0.418052	500.000000
12.000000	1000.000000	10.761413	0.417774	500.000000
12.000000	1000.000000	10.794370	0.419054	500.000000
12.000000	1000.000000	10.764630	0.417899	500.000000
12.000000	1000.000000	10.775370	0.418316	500.000000
12.000000	1000.000000	10.761099	0.417762	500.000000
12.000000	1000.000000	10.764207	0.417883	500.000000
12.000000	1000.000000	10.769981	0.418107	500.000000
12.000000	1000.000000	10.760035	0.417721	500.000000
12.000000	1000.000000	10.772891	0.418220	500.000000
