0.0	0.020000	10000.000000	2.469628
1.0	0.020000	10000.000000	1.439706
0.0	0.040000	10000.000000	2.537485
1.0	0.040000	10000.000000	1.599583
0.0	0.060000	10000.000000	2.387564
1.0	0.060000	10000.000000	1.363213
0.0	0.080000	10000.000000	2.507196
1.0	0.080000	10000.000000	1.544932
0.0	0.100000	10000.000000	2.311242
1.0	0.100000	10000.000000	1.397500
0.0	0.120000	10000.000000	2.455898
1.0	0.120000	10000.000000	1.563561
0.0	0.140000	10000.000000	2.253240
1.0	0.140000	10000.000000	1.205822
0.0	0.160000	10000.000000	1.463263
1.0	0.160000	10000.000000	1.015967
0.0	0.180000	10000.000000	1.471197
1.0	0.180000	10000.000000	0.982491
0.0	0.200000	10000.000000	1.452815
1.0	0.200000	10000.000000	0.984414
0.0	0.220000	10000.000000	1.460514
1.0	0.220000	10000.000000	0.914296
0.0	0.240000	10000.000000	1.493221
1.0	0.240000	10000.000000	0.961582
0.0	0.260000	10000.000000	1.450753
1.0	0.260000	10000.000000	1.025015
0.0	0.280000	10000.000000	1.454051
1.0	0.280000	10000.000000	0.913494
0.0	0.300000	10000.000000	1.453394
1.0	0.300000	10000.000000	0.945986
0.0	0.320000	10000.000000	1.467483
1.0	0.320000	10000.000000	0.917078
0.0	0.340000	10000.000000	1.466333
1.0	0.340000	10000.000000	0.950961
0.0	0.360000	10000.000000	1.460590
1.0	0.360000	10000.000000	0.929046
0.0	0.380000	10000.000000	1.465864
1.0	0.380000	10000.000000	0.929819
0.0	0.400000	10000.000000	2.446126
1.0	0.400000	10000.000000	1.494437
0.0	0.420000	10000.000000	2.439437
1.0	0.420000	10000.000000	1.442168
0.0	0.440000	10000.000000	2.477021
1.0	0.440000	10000.000000	1.441236
0.0	0.460000	10000.000000	2.443664
1.0	0.460000	10000.000000	1.456208
0.0	0.480000	10000.000000	2.374121
1.0	0.480000	10000.000000	1.435367
0.0	0.500000	10000.000000	2.482412
1.0	0.500000	10000.000000	1.447840
0.0	0.520000	10000.000000	2.439133
1.0	0.520000	10000.000000	1.641671
0.0	0.540000	10000.000000	2.621439
1.0	0.540000	10000.000000	1.418363
0.0	0.560000	10000.000000	2.572658
1.0	0.560000	10000.000000	1.628015
0.0	0.580000	10000.000000	2.640888
1.0	0.580000	10000.000000	1.527500
0.0	0.600000	10000.000000	2.641278
1.0	0.600000	10000.000000	1.581907
0.0	0.620000	10000.000000	2.672397
1.0	0.620000	10000.000000	1.595822
0.0	0.640000	10000.000000	2.623957
1.0	0.640000	10000.000000	1.699458
0.0	0.660000	10000.000000	2.651581
1.0	0.660000	10000.000000	1.435170
0.0	0.680000	10000.000000	2.401476
1.0	0.680000	10000.000000	1.391966
0.0	0.700000	10000.000000	2.524835
1.0	0.700000	10000.000000	1.600681
0.0	0.720000	10000.000000	2.393204
1.0	0.720000	10000.000000	1.452822
0.0	0.740000	10000.000000	2.466372
1.0	0.740000	10000.000000	1.665951
0.0	0.760000	10000.000000	2.626250
1.0	0.760000	10000.000000	1.690103
0.0	0.780000	10000.000000	2.618636
1.0	0.780000	10000.000000	1.662346
0.0	0.800000	10000.000000	2.659224
1.0	0.800000	10000.000000	1.695005
0.0	0.820000	10000.000000	2.604581
1.0	0.820000	10000.000000	1.968147
0.0	0.840000	10000.000000	2.612152
1.0	0.840000	10000.000000	1.982822
0.0	0.860000	10000.000000	2.588441
1.0	0.860000	10000.000000	1.966362
0.0	0.880000	10000.000000	2.343280
1.0	0.880000	10000.000000	1.573882
0.0	0.900000	10000.000000	2.537544
1.0	0.900000	10000.000000	1.967950
0.0	0.920000	10000.000000	2.482818
1.0	0.920000	10000.000000	1.772389
0.0	0.940000	10000.000000	2.292632
1.0	0.940000	10000.000000	1.800229
0.0	0.960000	10000.000000	2.382137
1.0	0.960000	10000.000000	2.042747
0.0	0.980000	10000.000000	2.449927
1.0	0.980000	10000.000000	1.537781
0.0	1.000000	10000.000000	2.317628
1.0	1.000000	10000.000000	1.582735
0.0	1.000000	10000.000000	2.367054
1.0	1.000000	10000.000000	1.418538
0.0	1.010000	10000.000000	2.320557
1.0	1.010000	10000.000000	1.654976
0.0	1.020000	10000.000000	2.370220
1.0	1.020000	10000.000000	1.902992
0.0	1.030000	10000.000000	2.355727
1.0	1.030000	10000.000000	1.521749
0.0	1.040000	10000.000000	2.261765
1.0	1.040000	10000.000000	1.776404
0.0	1.050000	10000.000000	2.502035
1.0	1.050000	10000.000000	1.937534
0.0	1.060000	10000.000000	2.294260
1.0	1.060000	10000.000000	1.583242
0.0	1.070000	10000.000000	2.499469
1.0	1.070000	10000.000000	1.637037
0.0	1.080000	10000.000000	2.526132
1.0	1.080000	10000.000000	1.650823
0.0	1.090000	10000.000000	2.724971
1.0	1.090000	10000.000000	1.539052
0.0	1.100000	10000.000000	2.445195
1.0	1.100000	10000.000000	1.651823
0.0	1.110000	10000.000000	2.514254
1.0	1.110000	10000.000000	1.599425
0.0	1.120000	10000.000000	2.644328
1.0	1.120000	10000.000000	1.802276
0.0	1.130000	10000.000000	2.463323
1.0	1.130000	10000.000000	2.037287
0.0	1.140000	10000.000000	2.613184
1.0	1.140000	10000.000000	1.944141
0.0	1.150000	10000.000000	2.630996
1.0	1.150000	10000.000000	1.738870
0.0	1.160000	10000.000000	2.622593
1.0	1.160000	10000.000000	2.008844
0.0	1.170000	10000.000000	2.586799
1.0	1.170000	10000.000000	1.594447
0.0	1.180000	10000.000000	2.415192
1.0	1.180000	10000.000000	1.826936
0.0	1.190000	10000.000000	2.447522
1.0	1.190000	10000.000000	1.514842
0.0	1.200000	10000.000000	2.485115
1.0	1.200000	10000.000000	2.024488
0.0	1.210000	10000.000000	2.618697
1.0	1.210000	10000.000000	1.790017
0.0	1.220000	10000.000000	2.476545
1.0	1.220000	10000.000000	1.826202
0.0	1.230000	10000.000000	2.416113
1.0	1.230000	10000.000000	1.787626
0.0	1.240000	10000.000000	2.653025
1.0	1.240000	10000.000000	1.629071
0.0	1.250000	10000.000000	2.620229
1.0	1.250000	10000.000000	1.846347
0.0	1.260000	10000.000000	2.434102
1.0	1.260000	10000.000000	1.962106
0.0	1.270000	10000.000000	2.500827
1.0	1.270000	10000.000000	2.202417
0.0	1.280000	10000.000000	2.612083
1.0	1.280000	10000.000000	2.044161
0.0	1.290000	10000.000000	2.635970
1.0	1.290000	10000.000000	1.778022
0.0	1.300000	10000.000000	2.469476
1.0	1.300000	10000.000000	1.900817
0.0	1.310000	10000.000000	2.457200
1.0	1.310000	10000.000000	1.855780
0.0	1.320000	10000.000000	2.443477
1.0	1.320000	10000.000000	1.860909
0.0	1.330000	10000.000000	2.686756
1.0	1.330000	10000.000000	2.117986
0.0	1.340000	10000.000000	2.595209
1.0	1.340000	10000.000000	1.879996
0.0	1.350000	10000.000000	2.479332
1.0	1.350000	10000.000000	1.715428
0.0	1.360000	10000.000000	2.364585
1.0	1.360000	10000.000000	1.833528
0.0	1.370000	10000.000000	2.309228
1.0	1.370000	10000.000000	1.724022
0.0	1.380000	10000.000000	2.242959
1.0	1.380000	10000.000000	1.885297
0.0	1.390000	10000.000000	2.643630
1.0	1.390000	10000.000000	2.154667
0.0	1.400000	10000.000000	2.409541
1.0	1.400000	10000.000000	1.947442
0.0	1.410000	10000.000000	2.431270
1.0	1.410000	10000.000000	1.704857
0.0	1.420000	10000.000000	2.348192
1.0	1.420000	10000.000000	1.649593
0.0	1.430000	10000.000000	2.340693
1.0	1.430000	10000.000000	1.669900
0.0	1.440000	10000.000000	2.352304
1.0	1.440000	10000.000000	1.814229
0.0	1.450000	10000.000000	2.431443
1.0	1.450000	10000.000000	1.968417
0.0	1.460000	10000.000000	2.576703
1.0	1.460000	10000.000000	1.796376
0.0	1.470000	10000.000000	2.475862
1.0	1.470000	10000.000000	1.660974
0.0	1.480000	10000.000000	2.340867
1.0	1.480000	10000.000000	1.551264
0.0	1.490000	10000.000000	2.280625
1.0	1.490000	10000.000000	1.769430
0.0	1.500000	10000.000000	2.338400
1.0	1.500000	10000.000000	1.658811
0.0	1.510000	10000.000000	2.435418
1.0	1.510000	10000.000000	2.002340
0.0	1.520000	10000.000000	2.595235
1.0	1.520000	10000.000000	1.823516
0.0	1.530000	10000.000000	2.383183
1.0	1.530000	10000.000000	2.118838
0.0	1.540000	10000.000000	2.627579
1.0	1.540000	10000.000000	1.908705
0.0	1.550000	10000.000000	2.359350
1.0	1.550000	10000.000000	1.689035
0.0	1.560000	10000.000000	2.436530
1.0	1.560000	10000.000000	1.760835
0.0	1.570000	10000.000000	2.352312
1.0	1.570000	10000.000000	2.006107
0.0	1.580000	10000.000000	2.424195
1.0	1.580000	10000.000000	1.821954
0.0	1.590000	10000.000000	2.463051
1.0	1.590000	10000.000000	2.043585
0.0	1.600000	10000.000000	2.287809
1.0	1.600000	10000.000000	1.545732
0.0	1.610000	10000.000000	2.260583
1.0	1.610000	10000.000000	1.725813
0.0	1.620000	10000.000000	2.334723
1.0	1.620000	10000.000000	1.598391
0.0	1.630000	10000.000000	2.327330
1.0	1.630000	10000.000000	2.092028
0.0	1.640000	10000.000000	2.399742
1.0	1.640000	10000.000000	1.611058
0.0	1.650000	10000.000000	2.379850
1.0	1.650000	10000.000000	1.704508
0.0	1.660000	10000.000000	2.543289
1.0	1.660000	10000.000000	1.630997
0.0	1.670000	10000.000000	2.298884
1.0	1.670000	10000.000000	1.723881
0.0	1.680000	10000.000000	2.442476
1.0	1.680000	10000.000000	1.665306
0.0	1.690000	10000.000000	2.641576
1.0	1.690000	10000.000000	2.054070
0.0	1.700000	10000.000000	2.637961
1.0	1.700000	10000.000000	1.614753
0.0	1.710000	10000.000000	2.258180
1.0	1.710000	10000.000000	1.800460
0.0	1.720000	10000.000000	2.359996
1.0	1.720000	10000.000000	1.685512
0.0	1.730000	10000.000000	2.457471
1.0	1.730000	10000.000000	1.747538
0.0	1.740000	10000.000000	2.391734
1.0	1.740000	10000.000000	1.575685
0.0	1.750000	10000.000000	2.433733
1.0	1.750000	10000.000000	1.733905
0.0	1.760000	10000.000000	2.292229
1.0	1.760000	10000.000000	1.597791
0.0	1.770000	10000.000000	2.362038
1.0	1.770000	10000.000000	1.839295
0.0	1.780000	10000.000000	2.299360
1.0	1.780000	10000.000000	1.687274
0.0	1.790000	10000.000000	2.402816
1.0	1.790000	10000.000000	1.676335
0.0	1.800000	10000.000000	2.307791
1.0	1.800000	10000.000000	1.716935
0.0	1.810000	10000.000000	2.424093
1.0	1.810000	10000.000000	1.568496
0.0	1.820000	10000.000000	2.428138
1.0	1.820000	10000.000000	2.015451
0.0	1.830000	10000.000000	2.629945
1.0	1.830000	10000.000000	2.016979
0.0	1.840000	10000.000000	2.505645
1.0	1.840000	10000.000000	1.896630
0.0	1.850000	10000.000000	2.300601
1.0	1.850000	10000.000000	1.653849
0.0	1.860000	10000.000000	2.296859
1.0	1.860000	10000.000000	2.021624
0.0	1.870000	10000.000000	2.505946
1.0	1.870000	10000.000000	1.804994
0.0	1.880000	10000.000000	2.438127
1.0	1.880000	10000.000000	1.844139
0.0	1.890000	10000.000000	2.287235
1.0	1.890000	10000.000000	1.974205
0.0	1.900000	10000.000000	2.329523
1.0	1.900000	10000.000000	1.700727
0.0	1.910000	10000.000000	2.239578
1.0	1.910000	10000.000000	1.949234
0.0	1.920000	10000.000000	2.446927
1.0	1.920000	10000.000000	1.852987
0.0	1.930000	10000.000000	2.431004
1.0	1.930000	10000.000000	1.698805
0.0	1.940000	10000.000000	2.426882
1.0	1.940000	10000.000000	1.812262
0.0	1.950000	10000.000000	1.525349
1.0	1.950000	10000.000000	1.092775
0.0	1.960000	10000.000000	1.506850
1.0	1.960000	10000.000000	1.058540
0.0	1.970000	10000.000000	1.510780
1.0	1.970000	10000.000000	1.082502
0.0	1.980000	10000.000000	1.504447
1.0	1.980000	10000.000000	1.064270
0.0	1.990000	10000.000000	1.529531
1.0	1.990000	10000.000000	1.102568
0.0	2.000000	10000.000000	2.522127
1.0	2.000000	10000.000000	1.848685
0.0	2.010000	10000.000000	2.472828
1.0	2.010000	10000.000000	1.636923
0.0	2.020000	10000.000000	2.506373
1.0	2.020000	10000.000000	1.946113
0.0	2.030000	10000.000000	2.515317
1.0	2.030000	10000.000000	2.081516
0.0	2.040000	10000.000000	2.607965
1.0	2.040000	10000.000000	1.998517
0.0	2.050000	10000.000000	2.609938
1.0	2.050000	10000.000000	1.869637
0.0	2.060000	10000.000000	2.516685
1.0	2.060000	10000.000000	1.809336
0.0	2.070000	10000.000000	2.455268
1.0	2.070000	10000.000000	1.650567
0.0	2.080000	10000.000000	2.443361
1.0	2.080000	10000.000000	1.987336
0.0	2.090000	10000.000000	2.638761
1.0	2.090000	10000.000000	2.039371
0.0	2.100000	10000.000000	2.615624
1.0	2.100000	10000.000000	1.962264
0.0	2.110000	10000.000000	2.633505
1.0	2.110000	10000.000000	1.932468
0.0	2.120000	10000.000000	2.325480
1.0	2.120000	10000.000000	1.836218
0.0	2.130000	10000.000000	2.399316
1.0	2.130000	10000.000000	1.687039
0.0	2.140000	10000.000000	2.478219
1.0	2.140000	10000.000000	1.875738
0.0	2.150000	10000.000000	2.487962
1.0	2.150000	10000.000000	1.518281
0.0	2.160000	10000.000000	2.402910
1.0	2.160000	10000.000000	1.872319
0.0	2.170000	10000.000000	2.623178
1.0	2.170000	10000.000000	1.993649
0.0	2.180000	10000.000000	2.535225
1.0	2.180000	10000.000000	1.773898
0.0	2.190000	10000.000000	2.521319
1.0	2.190000	10000.000000	1.655465
0.0	2.200000	10000.000000	2.504714
1.0	2.200000	10000.000000	1.711139
0.0	2.210000	10000.000000	2.428645
1.0	2.210000	10000.000000	1.750865
0.0	2.220000	10000.000000	2.378266
1.0	2.220000	10000.000000	1.883759
0.0	2.230000	10000.000000	2.378475
1.0	2.230000	10000.000000	1.695763
0.0	2.240000	10000.000000	2.390502
1.0	2.240000	10000.000000	1.720124
0.0	2.250000	10000.000000	2.334184
1.0	2.250000	10000.000000	1.506469
0.0	2.260000	10000.000000	2.282581
1.0	2.260000	10000.000000	1.704465
0.0	2.270000	10000.000000	2.324628
1.0	2.270000	10000.000000	1.525825
0.0	2.280000	10000.000000	2.692413
1.0	2.280000	10000.000000	1.557330
0.0	2.290000	10000.000000	2.433121
1.0	2.290000	10000.000000	1.690419
0.0	2.300000	10000.000000	2.430765
1.0	2.300000	10000.000000	1.786658
0.0	2.310000	10000.000000	2.602964
1.0	2.310000	10000.000000	2.089186
0.0	2.320000	10000.000000	2.623357
1.0	2.320000	10000.000000	1.778867
0.0	2.330000	10000.000000	2.357491
1.0	2.330000	10000.000000	1.933361
0.0	2.340000	10000.000000	2.494258
1.0	2.340000	10000.000000	1.926343
0.0	2.350000	10000.000000	2.365375
1.0	2.350000	10000.000000	1.677436
0.0	2.360000	10000.000000	2.423353
1.0	2.360000	10000.000000	1.835475
0.0	2.370000	10000.000000	2.506358
1.0	2.370000	10000.000000	1.829969
0.0	2.380000	10000.000000	2.473208
1.0	2.380000	10000.000000	1.566381
0.0	2.390000	10000.000000	2.342586
1.0	2.390000	10000.000000	1.529284
0.0	2.400000	10000.000000	2.387768
1.0	2.400000	10000.000000	1.899307
0.0	2.410000	10000.000000	2.619720
1.0	2.410000	10000.000000	1.644936
0.0	2.420000	10000.000000	2.380124
1.0	2.420000	10000.000000	1.490089
0.0	2.430000	10000.000000	2.405527
1.0	2.430000	10000.000000	1.530826
0.0	2.440000	10000.000000	2.415959
1.0	2.440000	10000.000000	1.790221
0.0	2.450000	10000.000000	2.503045
1.0	2.450000	10000.000000	2.049223
0.0	2.460000	10000.000000	2.345641
1.0	2.460000	10000.000000	1.696351
0.0	2.470000	10000.000000	2.328038
1.0	2.470000	10000.000000	1.546171
0.0	2.480000	10000.000000	2.446772
1.0	2.480000	10000.000000	1.552471
0.0	2.490000	10000.000000	2.609195
1.0	2.490000	10000.000000	1.745183
0.0	2.500000	10000.000000	2.377056
1.0	2.500000	10000.000000	1.650059
0.0	2.510000	10000.000000	2.360847
1.0	2.510000	10000.000000	1.543977
0.0	2.520000	10000.000000	2.390079
1.0	2.520000	10000.000000	1.589860
0.0	2.530000	10000.000000	2.344854
1.0	2.530000	10000.000000	1.862243
0.0	2.540000	10000.000000	2.365796
1.0	2.540000	10000.000000	1.652466
0.0	2.550000	10000.000000	2.320207
1.0	2.550000	10000.000000	1.799100
0.0	2.560000	10000.000000	2.389755
1.0	2.560000	10000.000000	1.664558
0.0	2.570000	10000.000000	2.417651
1.0	2.570000	10000.000000	1.542440
0.0	2.580000	10000.000000	2.363650
1.0	2.580000	10000.000000	1.823213
0.0	2.590000	10000.000000	2.011004
1.0	2.590000	10000.000000	1.798948
0.0	2.600000	10000.000000	2.501543
1.0	2.600000	10000.000000	1.975403
0.0	2.610000	10000.000000	2.505291
1.0	2.610000	10000.000000	1.679232
0.0	2.620000	10000.000000	2.462087
1.0	2.620000	10000.000000	1.627933
0.0	2.630000	10000.000000	2.462601
1.0	2.630000	10000.000000	1.777365
0.0	2.640000	10000.000000	2.676920
1.0	2.640000	10000.000000	1.541944
0.0	2.650000	10000.000000	2.403257
1.0	2.650000	10000.000000	1.550320
0.0	2.660000	10000.000000	2.426672
1.0	2.660000	10000.000000	1.631217
0.0	2.670000	10000.000000	2.448311
1.0	2.670000	10000.000000	1.690586
0.0	2.680000	10000.000000	2.667401
1.0	2.680000	10000.000000	2.080546
0.0	2.690000	10000.000000	2.624984
1.0	2.690000	10000.000000	1.580738
0.0	2.700000	10000.000000	2.442097
1.0	2.700000	10000.000000	2.031077
0.0	2.710000	10000.000000	2.584965
1.0	2.710000	10000.000000	1.921148
0.0	2.720000	10000.000000	2.626637
1.0	2.720000	10000.000000	1.862223
0.0	2.730000	10000.000000	2.518286
1.0	2.730000	10000.000000	1.854518
0.0	2.740000	10000.000000	2.325869
1.0	2.740000	10000.000000	1.863293
0.0	2.750000	10000.000000	2.493556
1.0	2.750000	10000.000000	1.563830
0.0	2.760000	10000.000000	2.629059
1.0	2.760000	10000.000000	1.953112
0.0	2.770000	10000.000000	2.361328
1.0	2.770000	10000.000000	1.715571
0.0	2.780000	10000.000000	2.358980
1.0	2.780000	10000.000000	1.911111
0.0	2.790000	10000.000000	2.429616
1.0	2.790000	10000.000000	1.656882
0.0	2.800000	10000.000000	2.341282
1.0	2.800000	10000.000000	1.825414
0.0	2.810000	10000.000000	2.612418
1.0	2.810000	10000.000000	1.933225
0.0	2.820000	10000.000000	2.458278
1.0	2.820000	10000.000000	1.645927
0.0	2.830000	10000.000000	2.506289
1.0	2.830000	10000.000000	2.039347
0.0	2.840000	10000.000000	2.373195
1.0	2.840000	10000.000000	1.808940
0.0	2.850000	10000.000000	2.384705
1.0	2.850000	10000.000000	1.630497
0.0	2.860000	10000.000000	2.410750
1.0	2.860000	10000.000000	1.801869
0.0	2.870000	10000.000000	2.320804
1.0	2.870000	10000.000000	1.895884
0.0	2.880000	10000.000000	2.599082
1.0	2.880000	10000.000000	1.993207
0.0	2.890000	10000.000000	2.508256
1.0	2.890000	10000.000000	1.618704
0.0	2.900000	10000.000000	2.361928
1.0	2.900000	10000.000000	1.873772
0.0	2.910000	10000.000000	2.511491
1.0	2.910000	10000.000000	1.641890
0.0	2.920000	10000.000000	2.469930
1.0	2.920000	10000.000000	1.764617
0.0	2.930000	10000.000000	2.487745
1.0	2.930000	10000.000000	1.892987
0.0	2.940000	10000.000000	2.457583
1.0	2.940000	10000.000000	1.908689
0.0	2.950000	10000.000000	2.502566
1.0	2.950000	10000.000000	1.750723
0.0	2.960000	10000.000000	2.461154
1.0	2.960000	10000.000000	1.689598
0.0	2.970000	10000.000000	2.503485
1.0	2.970000	10000.000000	2.116824
0.0	2.980000	10000.000000	2.627269
1.0	2.980000	10000.000000	1.803507
0.0	2.990000	10000.000000	2.570092
1.0	2.990000	10000.000000	2.137132
0.0	3.000000	10000.000000	2.446777
1.0	3.000000	10000.000000	1.624624
0.0	3.010000	10000.000000	2.306126
1.0	3.010000	10000.000000	1.801833
0.0	3.020000	10000.000000	2.325287
1.0	3.020000	10000.000000	1.997538
0.0	3.030000	10000.000000	2.412876
1.0	3.030000	10000.000000	1.816975
0.0	3.040000	10000.000000	2.565931
1.0	3.040000	10000.000000	1.920376
0.0	3.050000	10000.000000	2.494258
1.0	3.050000	10000.000000	1.671578
0.0	3.060000	10000.000000	2.363377
1.0	3.060000	10000.000000	1.919835
0.0	3.070000	10000.000000	2.452946
1.0	3.070000	10000.000000	1.923629
0.0	3.080000	10000.000000	2.495029
1.0	3.080000	10000.000000	1.510223
0.0	3.090000	10000.000000	2.538981
1.0	3.090000	10000.000000	2.069606
0.0	3.100000	10000.000000	2.512760
1.0	3.100000	10000.000000	1.717927
0.0	3.110000	10000.000000	2.390179
1.0	3.110000	10000.000000	1.987150
0.0	3.120000	10000.000000	2.422973
1.0	3.120000	10000.000000	1.484691
0.0	3.130000	10000.000000	2.462128
1.0	3.130000	10000.000000	1.604127
0.0	3.140000	10000.000000	2.606343
1.0	3.140000	10000.000000	1.884124
0.0	3.150000	10000.000000	2.695237
1.0	3.150000	10000.000000	1.659708
0.0	3.160000	10000.000000	2.637594
1.0	3.160000	10000.000000	1.979329
0.0	3.170000	10000.000000	2.318917
1.0	3.170000	10000.000000	1.821847
0.0	3.180000	10000.000000	2.473160
1.0	3.180000	10000.000000	1.855638
0.0	3.190000	10000.000000	2.508481
1.0	3.190000	10000.000000	2.068451
0.0	3.200000	10000.000000	2.550222
1.0	3.200000	10000.000000	1.626144
0.0	3.210000	10000.000000	2.611945
1.0	3.210000	10000.000000	1.806184
0.0	3.220000	10000.000000	2.564971
1.0	3.220000	10000.000000	1.826600
0.0	3.230000	10000.000000	2.589021
1.0	3.230000	10000.000000	1.982852
0.0	3.240000	10000.000000	2.336878
1.0	3.240000	10000.000000	1.745229
0.0	3.250000	10000.000000	2.319992
1.0	3.250000	10000.000000	1.666470
0.0	3.260000	10000.000000	2.415272
1.0	3.260000	10000.000000	1.552319
0.0	3.270000	10000.000000	2.368503
1.0	3.270000	10000.000000	1.567388
0.0	3.280000	10000.000000	2.477709
1.0	3.280000	10000.000000	1.951692
0.0	3.290000	10000.000000	2.512003
1.0	3.290000	10000.000000	1.551509
0.0	3.300000	10000.000000	2.477483
1.0	3.300000	10000.000000	1.592731
0.0	3.310000	10000.000000	2.541064
1.0	3.310000	10000.000000	1.880409
0.0	3.320000	10000.000000	2.441614
1.0	3.320000	10000.000000	1.668469
0.0	3.330000	10000.000000	2.410015
1.0	3.330000	10000.000000	2.104266
0.0	3.340000	10000.000000	2.610402
1.0	3.340000	10000.000000	1.862104
0.0	3.350000	10000.000000	2.339693
1.0	3.350000	10000.000000	1.834724
0.0	3.360000	10000.000000	2.436232
1.0	3.360000	10000.000000	1.838545
0.0	3.370000	10000.000000	2.418909
1.0	3.370000	10000.000000	1.822254
0.0	3.380000	10000.000000	2.420587
1.0	3.380000	10000.000000	1.688568
0.0	3.390000	10000.000000	2.589601
1.0	3.390000	10000.000000	1.698898
0.0	3.400000	10000.000000	2.654328
1.0	3.400000	10000.000000	2.143494
0.0	3.410000	10000.000000	2.311877
1.0	3.410000	10000.000000	1.831869
0.0	3.420000	10000.000000	2.435373
1.0	3.420000	10000.000000	2.032031
0.0	3.430000	10000.000000	2.321671
1.0	3.430000	10000.000000	1.702116
0.0	3.440000	10000.000000	2.425859
1.0	3.440000	10000.000000	1.920058
0.0	3.450000	10000.000000	2.649750
1.0	3.450000	10000.000000	1.536816
0.0	3.460000	10000.000000	2.441475
1.0	3.460000	10000.000000	1.760949
0.0	3.470000	10000.000000	2.538815
1.0	3.470000	10000.000000	1.929664
0.0	3.480000	10000.000000	2.615983
1.0	3.480000	10000.000000	1.857621
0.0	3.490000	10000.000000	2.485011
1.0	3.490000	10000.000000	1.584183
0.0	3.500000	10000.000000	2.466897
1.0	3.500000	10000.000000	1.599111
0.0	3.520000	10000.000000	2.480604
1.0	3.520000	10000.000000	1.990116
0.0	3.540000	10000.000000	2.470066
1.0	3.540000	10000.000000	1.655586
0.0	3.560000	10000.000000	2.456553
1.0	3.560000	10000.000000	1.987465
0.0	3.580000	10000.000000	2.419254
1.0	3.580000	10000.000000	1.777047
0.0	3.600000	10000.000000	2.436384
1.0	3.600000	10000.000000	1.612324
0.0	3.620000	10000.000000	2.453369
1.0	3.620000	10000.000000	1.836187
0.0	3.640000	10000.000000	2.465865
1.0	3.640000	10000.000000	1.954174
0.0	3.660000	10000.000000	2.328209
1.0	3.660000	10000.000000	1.776794
0.0	3.680000	10000.000000	2.419826
1.0	3.680000	10000.000000	1.890151
0.0	3.700000	10000.000000	2.525123
1.0	3.700000	10000.000000	1.560002
0.0	3.720000	10000.000000	2.438755
1.0	3.720000	10000.000000	1.961398
0.0	3.740000	10000.000000	2.447071
1.0	3.740000	10000.000000	1.891126
0.0	3.760000	10000.000000	2.513667
1.0	3.760000	10000.000000	1.838383
0.0	3.780000	10000.000000	2.471072
1.0	3.780000	10000.000000	1.776386
0.0	3.800000	10000.000000	2.481882
1.0	3.800000	10000.000000	1.887157
0.0	3.820000	10000.000000	2.458682
1.0	3.820000	10000.000000	1.990897
0.0	3.840000	10000.000000	2.603179
1.0	3.840000	10000.000000	1.556216
0.0	3.860000	10000.000000	2.439524
1.0	3.860000	10000.000000	1.688104
0.0	3.880000	10000.000000	2.407697
1.0	3.880000	10000.000000	1.759977
0.0	3.900000	10000.000000	2.322493
1.0	3.900000	10000.000000	1.599920
0.0	3.920000	10000.000000	2.438666
1.0	3.920000	10000.000000	1.981888
0.0	3.940000	10000.000000	2.445291
1.0	3.940000	10000.000000	1.612582
0.0	3.960000	10000.000000	2.446417
1.0	3.960000	10000.000000	1.705460
0.0	3.980000	10000.000000	2.497997
1.0	3.980000	10000.000000	1.964329
0.0	4.000000	10000.000000	2.312391
1.0	4.000000	10000.000000	1.977575
0.0	4.020000	10000.000000	2.486975
1.0	4.020000	10000.000000	2.013514
0.0	4.040000	10000.000000	2.494834
1.0	4.040000	10000.000000	1.780514
0.0	4.060000	10000.000000	2.488282
1.0	4.060000	10000.000000	1.818318
0.0	4.080000	10000.000000	2.479929
1.0	4.080000	10000.000000	1.650060
0.0	4.100000	10000.000000	2.496820
1.0	4.100000	10000.000000	1.651654
0.0	4.120000	10000.000000	2.346059
1.0	4.120000	10000.000000	1.898717
0.0	4.140000	10000.000000	2.464114
1.0	4.140000	10000.000000	1.577334
0.0	4.160000	10000.000000	2.360696
1.0	4.160000	10000.000000	1.843123
0.0	4.180000	10000.000000	2.464627
1.0	4.180000	10000.000000	1.711947
0.0	4.200000	10000.000000	2.272284
1.0	4.200000	10000.000000	1.630300
0.0	4.220000	10000.000000	2.408570
1.0	4.220000	10000.000000	2.014867
0.0	4.240000	10000.000000	2.397921
1.0	4.240000	10000.000000	1.927690
0.0	4.260000	10000.000000	2.601055
1.0	4.260000	10000.000000	2.054399
0.0	4.280000	10000.000000	2.430997
1.0	4.280000	10000.000000	1.925568
0.0	4.300000	10000.000000	2.342839
1.0	4.300000	10000.000000	1.873522
0.0	4.320000	10000.000000	2.274118
1.0	4.320000	10000.000000	1.987374
0.0	4.340000	10000.000000	2.468889
1.0	4.340000	10000.000000	1.800464
0.0	4.360000	10000.000000	2.402507
1.0	4.360000	10000.000000	1.727915
0.0	4.380000	10000.000000	2.366501
1.0	4.380000	10000.000000	2.021883
0.0	4.400000	10000.000000	2.303352
1.0	4.400000	10000.000000	1.615498
0.0	4.420000	10000.000000	2.354422
1.0	4.420000	10000.000000	1.651359
0.0	4.440000	10000.000000	2.314351
1.0	4.440000	10000.000000	1.820985
0.0	4.460000	10000.000000	2.338371
1.0	4.460000	10000.000000	1.697690
0.0	4.480000	10000.000000	2.288191
1.0	4.480000	10000.000000	1.869768
0.0	4.500000	10000.000000	2.492133
1.0	4.500000	10000.000000	1.896140
0.0	4.560000	10000.000000	2.485614
1.0	4.560000	10000.000000	2.038713
0.0	4.620000	10000.000000	2.435670
1.0	4.620000	10000.000000	1.620128
0.0	4.680000	10000.000000	2.396444
1.0	4.680000	10000.000000	1.775644
0.0	4.740000	10000.000000	2.455727
1.0	4.740000	10000.000000	1.637173
0.0	4.800000	10000.000000	2.465528
1.0	4.800000	10000.000000	1.622898
0.0	4.860000	10000.000000	2.465427
1.0	4.860000	10000.000000	1.650692
0.0	4.920000	10000.000000	2.417121
1.0	4.920000	10000.000000	1.660276
0.0	4.980000	10000.000000	2.461582
1.0	4.980000	10000.000000	1.762936
0.0	5.040000	10000.000000	2.406688
1.0	5.040000	10000.000000	1.989307
0.0	5.100000	10000.000000	2.382714
1.0	5.100000	10000.000000	1.784638
0.0	5.160000	10000.000000	2.570666
1.0	5.160000	10000.000000	1.653782
0.0	5.220000	10000.000000	2.498253
1.0	5.220000	10000.000000	1.616228
0.0	5.280000	10000.000000	2.384921
1.0	5.280000	10000.000000	1.718018
0.0	5.340000	10000.000000	2.407868
1.0	5.340000	10000.000000	2.032111
0.0	5.400000	10000.000000	2.343946
1.0	5.400000	10000.000000	1.945659
0.0	5.460000	10000.000000	2.274678
1.0	5.460000	10000.000000	1.898722
0.0	5.520000	10000.000000	2.309104
1.0	5.520000	10000.000000	1.728295
0.0	5.580000	10000.000000	2.472165
1.0	5.580000	10000.000000	1.576507
0.0	5.640000	10000.000000	2.527848
1.0	5.640000	10000.000000	1.819568
0.0	5.700000	10000.000000	2.607664
1.0	5.700000	10000.000000	2.051974
0.0	5.760000	10000.000000	2.460943
1.0	5.760000	10000.000000	1.614188
0.0	5.820000	10000.000000	2.436493
1.0	5.820000	10000.000000	1.696623
0.0	5.880000	10000.000000	2.468586
1.0	5.880000	10000.000000	1.623714
0.0	5.940000	10000.000000	2.435315
1.0	5.940000	10000.000000	1.845970
0.0	6.000000	10000.000000	2.437474
1.0	6.000000	10000.000000	1.907813
0.0	6.060000	10000.000000	2.389066
1.0	6.060000	10000.000000	1.905564
0.0	6.120000	10000.000000	2.451210
1.0	6.120000	10000.000000	2.069079
0.0	6.180000	10000.000000	2.518421
1.0	6.180000	10000.000000	1.891876
0.0	6.240000	10000.000000	2.420029
1.0	6.240000	10000.000000	1.992751
0.0	6.300000	10000.000000	2.499135
1.0	6.300000	10000.000000	2.158404
0.0	6.360000	10000.000000	2.464887
1.0	6.360000	10000.000000	1.954907
0.0	6.420000	10000.000000	2.410295
1.0	6.420000	10000.000000	1.654815
0.0	6.480000	10000.000000	2.491243
1.0	6.480000	10000.000000	1.841946
0.0	6.540000	10000.000000	2.529899
1.0	6.540000	10000.000000	1.622968
0.0	6.600000	10000.000000	2.507802
1.0	6.600000	10000.000000	2.048825
0.0	6.660000	10000.000000	2.448537
1.0	6.660000	10000.000000	1.910738
0.0	6.720000	10000.000000	2.428088
1.0	6.720000	10000.000000	1.980939
0.0	6.780000	10000.000000	2.278172
1.0	6.780000	10000.000000	1.585889
0.0	6.840000	10000.000000	2.367834
1.0	6.840000	10000.000000	1.805346
0.0	6.900000	10000.000000	2.266573
1.0	6.900000	10000.000000	1.930662
0.0	6.960000	10000.000000	2.264537
1.0	6.960000	10000.000000	1.874924
0.0	7.020000	10000.000000	2.386494
1.0	7.020000	10000.000000	1.768093
0.0	7.080000	10000.000000	2.433653
1.0	7.080000	10000.000000	1.780985
0.0	7.140000	10000.000000	2.383983
1.0	7.140000	10000.000000	2.073117
0.0	7.200000	10000.000000	2.453619
1.0	7.200000	10000.000000	1.775300
0.0	7.260000	10000.000000	2.372687
1.0	7.260000	10000.000000	1.459170
0.0	7.320000	10000.000000	2.377766
1.0	7.320000	10000.000000	1.929849
0.0	7.380000	10000.000000	2.281037
1.0	7.380000	10000.000000	1.812165
0.0	7.440000	10000.000000	2.405124
1.0	7.440000	10000.000000	1.820586
0.0	7.500000	10000.000000	2.527503
1.0	7.500000	10000.000000	2.124793
0.0	7.560000	10000.000000	2.473304
1.0	7.560000	10000.000000	2.073010
0.0	7.620000	10000.000000	2.494847
1.0	7.620000	10000.000000	1.745387
0.0	7.680000	10000.000000	2.470796
1.0	7.680000	10000.000000	1.723947
0.0	7.740000	10000.000000	2.378868
1.0	7.740000	10000.000000	1.704763
0.0	7.800000	10000.000000	2.447345
1.0	7.800000	10000.000000	2.169721
0.0	7.860000	10000.000000	2.388600
1.0	7.860000	10000.000000	1.834975
0.0	7.920000	10000.000000	2.311130
1.0	7.920000	10000.000000	1.572436
0.0	7.980000	10000.000000	2.395587
1.0	7.980000	10000.000000	1.758233
0.0	8.040000	10000.000000	2.304821
1.0	8.040000	10000.000000	1.804927
0.0	8.100000	10000.000000	2.222073
1.0	8.100000	10000.000000	1.531191
0.0	8.160000	10000.000000	2.320504
1.0	8.160000	10000.000000	1.815910
0.0	8.220000	10000.000000	2.441730
1.0	8.220000	10000.000000	1.784361
0.0	8.280000	10000.000000	2.379229
1.0	8.280000	10000.000000	1.986682
0.0	8.340000	10000.000000	2.307530
1.0	8.340000	10000.000000	1.793951
0.0	8.400000	10000.000000	2.450719
1.0	8.400000	10000.000000	2.146784
0.0	8.460000	10000.000000	2.435603
1.0	8.460000	10000.000000	2.130002
0.0	8.520000	10000.000000	2.459605
1.0	8.520000	10000.000000	1.898002
0.0	8.580000	10000.000000	2.424458
1.0	8.580000	10000.000000	1.992095
0.0	8.640000	10000.000000	2.345124
1.0	8.640000	10000.000000	1.914119
0.0	8.700000	10000.000000	2.347018
1.0	8.700000	10000.000000	1.820583
0.0	8.760000	10000.000000	2.230963
1.0	8.760000	10000.000000	1.717186
0.0	8.820000	10000.000000	2.231153
1.0	8.820000	10000.000000	1.881982
0.0	8.880000	10000.000000	2.235669
1.0	8.880000	10000.000000	1.895447
0.0	8.940000	10000.000000	2.391769
1.0	8.940000	10000.000000	1.777469
0.0	9.000000	10000.000000	2.373774
1.0	9.000000	10000.000000	1.609057
0.0	9.060000	10000.000000	2.349673
1.0	9.060000	10000.000000	1.609470
0.0	9.120000	10000.000000	2.317308
1.0	9.120000	10000.000000	2.052422
0.0	9.180000	10000.000000	2.210807
1.0	9.180000	10000.000000	1.932153
0.0	9.240000	10000.000000	2.299774
1.0	9.240000	10000.000000	1.656947
0.0	9.300000	10000.000000	2.321450
1.0	9.300000	10000.000000	1.652110
0.0	9.360000	10000.000000	2.294317
1.0	9.360000	10000.000000	1.725230
0.0	9.420000	10000.000000	2.452164
1.0	9.420000	10000.000000	2.120593
0.0	9.480000	10000.000000	2.465087
1.0	9.480000	10000.000000	1.998803
0.0	9.540000	10000.000000	2.340928
1.0	9.540000	10000.000000	1.705866
0.0	9.600000	10000.000000	2.296529
1.0	9.600000	10000.000000	1.923285
0.0	9.660000	10000.000000	2.351034
1.0	9.660000	10000.000000	1.889635
0.0	9.720000	10000.000000	2.331193
1.0	9.720000	10000.000000	1.675881
0.0	9.780000	10000.000000	2.204767
1.0	9.780000	10000.000000	1.633421
0.0	9.840000	10000.000000	2.305684
1.0	9.840000	10000.000000	1.652174
0.0	9.900000	10000.000000	2.198780
1.0	9.900000	10000.000000	1.634873
0.0	9.960000	10000.000000	2.342945
1.0	9.960000	10000.000000	1.622187
0.0	10.020000	10000.000000	2.294359
1.0	10.020000	10000.000000	1.887678
0.0	10.080000	10000.000000	2.232529
1.0	10.080000	10000.000000	1.736850
0.0	10.140000	10000.000000	2.398199
1.0	10.140000	10000.000000	1.801463
0.0	10.200000	10000.000000	2.161756
1.0	10.200000	10000.000000	1.910625
0.0	10.260000	10000.000000	2.188301
1.0	10.260000	10000.000000	1.619916
0.0	10.320000	10000.000000	2.376029
1.0	10.320000	10000.000000	1.615087
0.0	10.380000	10000.000000	2.366254
1.0	10.380000	10000.000000	2.118285
0.0	10.440000	10000.000000	2.409171
1.0	10.440000	10000.000000	1.801160
0.0	10.010000	10000.000000	2.257056
1.0	10.010000	10000.000000	1.597659
0.0	10.210000	10000.000000	2.317161
1.0	10.210000	10000.000000	1.834757
0.0	10.410000	10000.000000	2.354350
1.0	10.410000	10000.000000	1.978613
0.0	10.610000	10000.000000	2.361928
1.0	10.610000	10000.000000	1.946050
0.0	10.810000	10000.000000	2.339037
1.0	10.810000	10000.000000	1.875788
0.0	11.010000	10000.000000	2.360648
1.0	11.010000	10000.000000	1.893209
0.0	11.210000	10000.000000	2.379981
1.0	11.210000	10000.000000	1.825686
0.0	11.410000	10000.000000	2.351042
1.0	11.410000	10000.000000	1.769539
0.0	11.610000	10000.000000	2.256849
1.0	11.610000	10000.000000	1.827987
0.0	11.810000	10000.000000	2.339128
1.0	11.810000	10000.000000	2.044074
0.0	12.010000	10000.000000	2.328245
1.0	12.010000	10000.000000	2.055842
0.0	12.210000	10000.000000	2.374192
1.0	12.210000	10000.000000	1.733437
0.0	12.410000	10000.000000	2.276771
1.0	12.410000	10000.000000	2.051987
0.0	12.610000	10000.000000	2.318181
1.0	12.610000	10000.000000	1.971651
0.0	12.810000	10000.000000	2.280134
1.0	12.810000	10000.000000	1.930190
0.0	13.010000	10000.000000	2.290424
1.0	13.010000	10000.000000	1.996042
0.0	13.210000	10000.000000	2.292297
1.0	13.210000	10000.000000	1.924269
0.0	13.410000	10000.000000	2.175146
1.0	13.410000	10000.000000	1.517808
0.0	13.610000	10000.000000	2.293507
1.0	13.610000	10000.000000	1.575181
0.0	13.810000	10000.000000	2.287362
1.0	13.810000	10000.000000	1.771740
0.0	14.010000	10000.000000	2.374759
1.0	14.010000	10000.000000	1.862343
0.0	14.210000	10000.000000	2.348111
1.0	14.210000	10000.000000	2.071555
0.0	14.410000	10000.000000	2.320273
1.0	14.410000	10000.000000	1.792526
0.0	14.610000	10000.000000	2.238885
1.0	14.610000	10000.000000	1.433043
0.0	14.810000	10000.000000	2.314152
1.0	14.810000	10000.000000	1.941052
0.0	15.010000	10000.000000	2.333259
1.0	15.010000	10000.000000	1.625958
0.0	15.210000	10000.000000	2.275762
1.0	15.210000	10000.000000	1.825690
0.0	15.410000	10000.000000	2.289150
1.0	15.410000	10000.000000	1.839280
0.0	15.610000	10000.000000	2.155478
1.0	15.610000	10000.000000	1.870816
0.0	15.810000	10000.000000	2.354742
1.0	15.810000	10000.000000	1.621376
0.0	16.010000	10000.000000	2.198963
1.0	16.010000	10000.000000	1.870893
0.0	16.210000	10000.000000	2.182440
1.0	16.210000	10000.000000	1.638027
0.0	16.410000	10000.000000	2.269042
1.0	16.410000	10000.000000	1.568379
0.0	16.610000	10000.000000	2.209288
1.0	16.610000	10000.000000	1.880561
0.0	16.810000	10000.000000	2.278865
1.0	16.810000	10000.000000	2.030853
0.0	17.010000	10000.000000	2.156620
1.0	17.010000	10000.000000	1.882462
0.0	17.210000	10000.000000	2.268487
1.0	17.210000	10000.000000	1.722000
0.0	17.410000	10000.000000	2.290679
1.0	17.410000	10000.000000	2.056534
0.0	17.610000	10000.000000	2.359022
1.0	17.610000	10000.000000	1.969304
0.0	17.810000	10000.000000	2.219773
1.0	17.810000	10000.000000	1.995175
0.0	18.010000	10000.000000	2.177178
1.0	18.010000	10000.000000	1.668537
0.0	18.210000	10000.000000	2.381864
1.0	18.210000	10000.000000	1.986897
0.0	18.410000	10000.000000	2.149247
1.0	18.410000	10000.000000	1.874695
0.0	18.610000	10000.000000	2.242114
1.0	18.610000	10000.000000	1.614072
0.0	18.810000	10000.000000	2.242241
1.0	18.810000	10000.000000	1.700615
0.0	19.010000	10000.000000	2.254766
1.0	19.010000	10000.000000	1.841226
0.0	19.210000	10000.000000	2.288831
1.0	19.210000	10000.000000	1.790405
0.0	19.410000	10000.000000	2.285617
1.0	19.410000	10000.000000	1.821213
0.0	19.610000	10000.000000	2.143293
1.0	19.610000	10000.000000	2.037818
0.0	19.810000	10000.000000	2.137781
1.0	19.810000	10000.000000	1.598471
0.0	20.005355	10000.000000	2.211322
1.0	20.005355	10000.000000	1.649267
0.0	20.655879	10000.000000	2.252096
1.0	20.655879	10000.000000	1.855517
0.0	21.327557	10000.000000	2.295743
1.0	21.327557	10000.000000	1.851455
0.0	22.021076	10000.000000	2.153662
1.0	22.021076	10000.000000	1.897585
0.0	22.737147	10000.000000	2.348126
1.0	22.737147	10000.000000	2.046525
0.0	23.476502	10000.000000	2.354383
1.0	23.476502	10000.000000	2.061151
0.0	24.239899	10000.000000	2.318222
1.0	24.239899	10000.000000	1.629463
0.0	25.028120	10000.000000	2.195390
1.0	25.028120	10000.000000	1.652151
0.0	25.841972	10000.000000	2.097897
1.0	25.841972	10000.000000	2.002802
0.0	26.682289	10000.000000	2.115589
1.0	26.682289	10000.000000	1.718057
0.0	27.549930	10000.000000	2.134221
1.0	27.549930	10000.000000	1.679635
0.0	28.445785	10000.000000	2.252423
1.0	28.445785	10000.000000	1.719866
0.0	29.370771	10000.000000	2.233554
1.0	29.370771	10000.000000	1.841396
0.0	30.325835	10000.000000	2.198304
1.0	30.325835	10000.000000	1.876038
0.0	31.311956	10000.000000	2.205576
1.0	31.311956	10000.000000	1.899677
0.0	32.330143	10000.000000	2.224208
1.0	32.330143	10000.000000	2.020095
0.0	33.381438	10000.000000	2.102791
1.0	33.381438	10000.000000	1.675629
0.0	34.466919	10000.000000	2.221471
1.0	34.466919	10000.000000	1.857607
0.0	35.587697	10000.000000	2.208287
1.0	35.587697	10000.000000	1.673016
0.0	36.744921	10000.000000	2.258272
1.0	36.744921	10000.000000	1.712979
0.0	37.939774	10000.000000	2.231835
1.0	37.939774	10000.000000	1.836653
0.0	39.173481	10000.000000	2.265132
1.0	39.173481	10000.000000	1.817663
0.0	40.447304	10000.000000	2.258743
1.0	40.447304	10000.000000	1.796950
0.0	41.762550	10000.000000	2.293029
1.0	41.762550	10000.000000	2.042553
0.0	43.120564	10000.000000	2.162962
1.0	43.120564	10000.000000	2.059851
0.0	44.522737	10000.000000	2.175676
1.0	44.522737	10000.000000	1.949077
0.0	45.970505	10000.000000	2.272020
1.0	45.970505	10000.000000	1.956198
0.0	47.465351	10000.000000	2.261902
1.0	47.465351	10000.000000	1.926058
0.0	49.008806	10000.000000	2.219982
1.0	49.008806	10000.000000	1.624962
0.0	50.602450	10000.000000	2.195914
1.0	50.602450	10000.000000	1.615901
0.0	52.247916	10000.000000	2.205454
1.0	52.247916	10000.000000	1.972188
0.0	53.946888	10000.000000	2.073533
1.0	53.946888	10000.000000	1.914678
0.0	55.701106	10000.000000	2.105579
1.0	55.701106	10000.000000	1.625748
0.0	57.512367	10000.000000	2.159096
1.0	57.512367	10000.000000	2.008847
0.0	59.382526	10000.000000	2.200173
1.0	59.382526	10000.000000	1.737698
0.0	61.313497	10000.000000	2.139847
1.0	61.313497	10000.000000	1.726842
0.0	63.307259	10000.000000	1.968457
1.0	63.307259	10000.000000	1.876228
0.0	65.365853	10000.000000	2.194947
1.0	65.365853	10000.000000	1.649291
0.0	67.491388	10000.000000	2.080021
1.0	67.491388	10000.000000	2.060663
0.0	69.686039	10000.000000	2.176529
1.0	69.686039	10000.000000	1.948219
0.0	71.952055	10000.000000	2.203675
1.0	71.952055	10000.000000	1.681654
0.0	74.291757	10000.000000	2.231725
1.0	74.291757	10000.000000	1.985405
0.0	76.707539	10000.000000	2.162763
1.0	76.707539	10000.000000	2.088264
0.0	79.201877	10000.000000	2.228830
1.0	79.201877	10000.000000	1.625665
0.0	81.777325	10000.000000	2.168221
1.0	81.777325	10000.000000	1.937049
0.0	84.436519	10000.000000	2.170633
1.0	84.436519	10000.000000	1.838700
0.0	87.182184	10000.000000	2.083347
1.0	87.182184	10000.000000	1.731156
0.0	90.017131	10000.000000	2.212896
1.0	90.017131	10000.000000	1.959117
0.0	92.944264	10000.000000	2.222622
1.0	92.944264	10000.000000	1.925773
0.0	95.966579	10000.000000	2.150596
1.0	95.966579	10000.000000	1.577513
0.0	99.982983	10000.000000	2.232524
1.0	99.982983	10000.000000	1.984109
0.0	104.689623	10000.000000	2.098208
1.0	104.689623	10000.000000	1.775715
0.0	109.617825	10000.000000	2.188357
1.0	109.617825	10000.000000	2.046824
0.0	114.778020	10000.000000	2.194025
1.0	114.778020	10000.000000	1.760925
0.0	120.181127	10000.000000	2.208434
1.0	120.181127	10000.000000	2.105481
0.0	125.838583	10000.000000	2.198336
1.0	125.838583	10000.000000	1.784354
0.0	131.762360	10000.000000	2.229923
1.0	131.762360	10000.000000	1.918873
0.0	137.964996	10000.000000	2.104167
1.0	137.964996	10000.000000	1.646198
0.0	144.459617	10000.000000	2.218921
1.0	144.459617	10000.000000	1.705148
0.0	151.259968	10000.000000	2.079473
1.0	151.259968	10000.000000	1.898462
0.0	158.380442	10000.000000	2.041357
1.0	158.380442	10000.000000	1.874277
0.0	165.836108	10000.000000	2.115225
1.0	165.836108	10000.000000	1.828866
0.0	173.642745	10000.000000	2.135124
1.0	173.642745	10000.000000	1.551359
0.0	181.816875	10000.000000	2.193724
1.0	181.816875	10000.000000	1.932077
0.0	190.375797	10000.000000	2.224125
1.0	190.375797	10000.000000	1.953435
0.0	199.337626	10000.000000	2.146775
1.0	199.337626	10000.000000	1.714169
0.0	208.721327	10000.000000	2.145740
1.0	208.721327	10000.000000	2.034866
0.0	218.546761	10000.000000	2.199428
1.0	218.546761	10000.000000	1.826455
0.0	228.834721	10000.000000	2.066752
1.0	228.834721	10000.000000	1.650537
0.0	239.606981	10000.000000	2.072690
1.0	239.606981	10000.000000	1.800547
0.0	250.886338	10000.000000	2.226169
1.0	250.886338	10000.000000	1.593848
0.0	262.696665	10000.000000	2.169587
1.0	262.696665	10000.000000	1.736264
0.0	275.062955	10000.000000	2.142870
1.0	275.062955	10000.000000	2.113833
0.0	288.011382	10000.000000	2.217777
1.0	288.011382	10000.000000	1.979437
0.0	301.569348	10000.000000	2.069935
1.0	301.569348	10000.000000	1.757841
0.0	315.765548	10000.000000	2.051165
1.0	315.765548	10000.000000	1.812646
0.0	330.630025	10000.000000	2.216848
1.0	330.630025	10000.000000	1.696402
0.0	346.194238	10000.000000	2.060641
1.0	346.194238	10000.000000	1.743116
0.0	362.491128	10000.000000	2.141742
1.0	362.491128	10000.000000	1.913218
0.0	379.555185	10000.000000	2.152735
1.0	379.555185	10000.000000	1.842486
0.0	397.422521	10000.000000	2.188276
1.0	397.422521	10000.000000	1.718814
0.0	416.130952	10000.000000	2.132877
1.0	416.130952	10000.000000	1.755112
0.0	435.720072	10000.000000	2.187662
1.0	435.720072	10000.000000	1.836264
0.0	456.231338	10000.000000	2.169644
1.0	456.231338	10000.000000	1.657633
0.0	477.708159	10000.000000	2.153485
1.0	477.708159	10000.000000	2.160220
0.0	500.195989	10000.000000	2.199853
1.0	500.195989	10000.000000	1.946281
0.0	523.742421	10000.000000	2.142746
1.0	523.742421	10000.000000	1.937545
0.0	548.397287	10000.000000	2.140474
1.0	548.397287	10000.000000	1.764821
0.0	574.212766	10000.000000	2.194676
1.0	574.212766	10000.000000	1.556949
0.0	601.243494	10000.000000	2.164279
1.0	601.243494	10000.000000	1.768181
0.0	629.546677	10000.000000	2.194707
1.0	629.546677	10000.000000	1.875723
0.0	659.182216	10000.000000	1.997755
1.0	659.182216	10000.000000	1.719886
0.0	690.212830	10000.000000	2.014173
1.0	690.212830	10000.000000	1.561834
0.0	722.704193	10000.000000	2.232081
1.0	722.704193	10000.000000	1.562891
0.0	756.725067	10000.000000	2.226717
1.0	756.725067	10000.000000	1.648657
0.0	792.347454	10000.000000	2.142911
1.0	792.347454	10000.000000	1.632670
0.0	829.646744	10000.000000	2.213929
1.0	829.646744	10000.000000	1.941418
0.0	868.701875	10000.000000	2.133346
1.0	868.701875	10000.000000	2.034789
0.0	909.595504	10000.000000	2.159637
1.0	909.595504	10000.000000	1.980175
0.0	952.414177	10000.000000	2.133875
1.0	952.414177	10000.000000	1.853007
0.0	999.245006	10000.000000	2.232812
1.0	999.245006	10000.000000	1.805364
0.0	1046.283876	10000.000000	2.222142
1.0	1046.283876	10000.000000	1.915599
0.0	1095.537073	10000.000000	2.183273
1.0	1095.537073	10000.000000	1.868096
0.0	1147.108836	10000.000000	2.114175
1.0	1147.108836	10000.000000	1.733494
0.0	1201.108309	10000.000000	2.171928
1.0	1201.108309	10000.000000	1.597807
0.0	1257.649775	10000.000000	2.254197
1.0	1257.649775	10000.000000	2.144833
0.0	1316.852897	10000.000000	2.218633
1.0	1316.852897	10000.000000	2.058022
0.0	1378.842971	10000.000000	2.124603
1.0	1378.842971	10000.000000	1.902806
0.0	1443.751192	10000.000000	2.060183
1.0	1443.751192	10000.000000	1.681566
0.0	1511.714929	10000.000000	2.061332
1.0	1511.714929	10000.000000	1.992998
0.0	1582.878019	10000.000000	2.066971
1.0	1582.878019	10000.000000	1.584214
0.0	1657.391069	10000.000000	2.234431
1.0	1657.391069	10000.000000	1.750259
0.0	1735.411778	10000.000000	2.069993
1.0	1735.411778	10000.000000	1.744392
0.0	1817.105265	10000.000000	2.068442
1.0	1817.105265	10000.000000	1.784274
0.0	1902.644425	10000.000000	2.124192
1.0	1902.644425	10000.000000	1.844360
0.0	1992.210290	10000.000000	2.151729
1.0	1992.210290	10000.000000	1.566391
0.0	2085.992416	10000.000000	2.176146
1.0	2085.992416	10000.000000	1.539483
0.0	2184.189280	10000.000000	2.104108
1.0	2184.189280	10000.000000	1.632045
0.0	2287.008704	10000.000000	2.150089
1.0	2287.008704	10000.000000	1.854790
0.0	2394.668292	10000.000000	2.222307
1.0	2394.668292	10000.000000	2.064270
0.0	2507.395891	10000.000000	2.046529
1.0	2507.395891	10000.000000	1.843260
0.0	2625.430076	10000.000000	2.067967
1.0	2625.430076	10000.000000	1.779943
0.0	2749.020650	10000.000000	2.169213
1.0	2749.020650	10000.000000	2.013339
0.0	2878.429178	10000.000000	2.057128
1.0	2878.429178	10000.000000	1.555428
0.0	3013.929536	10000.000000	2.180707
1.0	3013.929536	10000.000000	1.549796
0.0	3155.808494	10000.000000	2.010546
1.0	3155.808494	10000.000000	1.699494
0.0	3304.366319	10000.000000	2.135235
1.0	3304.366319	10000.000000	1.620162
0.0	3459.917418	10000.000000	2.108337
1.0	3459.917418	10000.000000	1.607435
0.0	3622.790992	10000.000000	2.150116
1.0	3622.790992	10000.000000	1.580139
0.0	3793.331744	10000.000000	2.121948
1.0	3793.331744	10000.000000	1.726140
0.0	3971.900601	10000.000000	2.038539
1.0	3971.900601	10000.000000	1.834589
0.0	4158.875482	10000.000000	2.060341
1.0	4158.875482	10000.000000	2.084749
0.0	4354.652096	10000.000000	2.249942
1.0	4354.652096	10000.000000	2.025661
0.0	4559.644778	10000.000000	2.173340
1.0	4559.644778	10000.000000	1.863346
0.0	4774.287371	10000.000000	2.136123
1.0	4774.287371	10000.000000	1.975013
0.0	4999.034136	10000.000000	2.148350
1.0	4999.034136	10000.000000	2.059005
0.0	5234.360724	10000.000000	2.228104
1.0	5234.360724	10000.000000	1.749327
0.0	5480.765171	10000.000000	2.146251
1.0	5480.765171	10000.000000	1.709878
0.0	5738.768963	10000.000000	2.235956
1.0	5738.768963	10000.000000	1.802390
0.0	6008.918132	10000.000000	2.263616
1.0	6008.918132	10000.000000	1.590605
0.0	6291.784413	10000.000000	2.174824
1.0	6291.784413	10000.000000	1.836840
0.0	6587.966459	10000.000000	2.016619
1.0	6587.966459	10000.000000	1.661400
0.0	6898.091099	10000.000000	2.159861
1.0	6898.091099	10000.000000	1.925269
0.0	7222.814674	10000.000000	2.157137
1.0	7222.814674	10000.000000	1.916728
0.0	7562.824421	10000.000000	2.170247
1.0	7562.824421	10000.000000	1.928394
0.0	7918.839925	10000.000000	2.093267
1.0	7918.839925	10000.000000	2.064700
0.0	8291.614650	10000.000000	2.139117
1.0	8291.614650	10000.000000	1.869076
0.0	8681.937526	10000.000000	2.140993
1.0	8681.937526	10000.000000	1.725699
0.0	9090.634621	10000.000000	2.154614
1.0	9090.634621	10000.000000	1.617906
0.0	9518.570891	10000.000000	2.114965
1.0	9518.570891	10000.000000	1.485618
2.0	-1.0	10000.000000	1152.045800
3.0	-1.0	10000.000000	1520.351927
4.0	-1.0	10000.000000	3541.874645
