1.000000	1000.000000	0.016474	1.000000	10.000000
1.000000	1000.000000	0.015076	1.000000	10.000000
1.000000	1000.000000	0.013887	1.000000	10.000000
1.000000	1000.000000	0.013239	1.000000	10.000000
1.000000	1000.000000	0.013225	1.000000	10.000000
2.000000	1000.000000	0.011178	0.777319	10.000000
2.000000	1000.000000	0.010685	0.743036	10.000000
2.000000	1000.000000	0.010509	0.730797	10.000000
2.000000	1000.000000	0.010560	0.734343	10.000000
2.000000	1000.000000	0.017415	1.211040	10.000000
3.000000	1000.000000	0.020531	1.427727	10.000000
3.000000	1000.000000	0.019626	1.364793	10.000000
3.000000	1000.000000	0.019213	1.336073	10.000000
3.000000	1000.000000	0.019167	1.332874	10.000000
3.000000	1000.000000	0.019222	1.336699	10.000000
4.000000	1000.000000	0.020362	1.415975	10.000000
4.000000	1000.000000	0.020208	1.405266	10.000000
4.000000	1000.000000	0.019851	1.380440	10.000000
4.000000	1000.000000	0.019575	1.361247	10.000000
4.000000	1000.000000	0.019225	1.336908	10.000000
5.000000	1000.000000	0.019129	1.330232	10.000000
5.000000	1000.000000	0.019388	1.348243	10.000000
5.000000	1000.000000	0.019204	1.335447	10.000000
5.000000	1000.000000	0.019095	1.327867	10.000000
5.000000	1000.000000	0.019174	1.333361	10.000000
6.000000	1000.000000	0.020972	1.458394	10.000000
6.000000	1000.000000	0.020764	1.443930	10.000000
6.000000	1000.000000	0.020767	1.444138	10.000000
6.000000	1000.000000	0.020416	1.419730	10.000000
6.000000	1000.000000	0.020185	1.403666	10.000000
7.000000	1000.000000	0.017661	1.228147	10.000000
7.000000	1000.000000	0.017732	1.233084	10.000000
7.000000	1000.000000	0.018025	1.253460	10.000000
7.000000	1000.000000	0.017767	1.235518	10.000000
7.000000	1000.000000	0.017660	1.228077	10.000000
8.000000	1000.000000	0.018677	1.298800	10.000000
8.000000	1000.000000	0.018731	1.302555	10.000000
8.000000	1000.000000	0.018337	1.275156	10.000000
8.000000	1000.000000	0.018848	1.310691	10.000000
8.000000	1000.000000	0.020147	1.401024	10.000000
9.000000	1000.000000	0.020217	1.405891	10.000000
9.000000	1000.000000	0.020033	1.393096	10.000000
9.000000	1000.000000	0.020188	1.403875	10.000000
9.000000	1000.000000	0.020079	1.396295	10.000000
9.000000	1000.000000	0.020019	1.392123	10.000000
10.000000	1000.000000	0.022457	1.561661	10.000000
10.000000	1000.000000	0.022321	1.552204	10.000000
10.000000	1000.000000	0.023612	1.641980	10.000000
10.000000	1000.000000	0.022728	1.580507	10.000000
10.000000	1000.000000	0.023129	1.608392	10.000000
11.000000	1000.000000	0.021694	1.508602	10.000000
11.000000	1000.000000	0.021742	1.511940	10.000000
11.000000	1000.000000	0.022146	1.540034	10.000000
11.000000	1000.000000	0.023241	1.616181	10.000000
11.000000	1000.000000	0.023328	1.622231	10.000000
12.000000	1000.000000	0.025471	1.771255	10.000000
12.000000	1000.000000	0.025473	1.771394	10.000000
12.000000	1000.000000	0.025719	1.788501	10.000000
12.000000	1000.000000	0.025544	1.776331	10.000000
12.000000	1000.000000	0.025603	1.780434	10.000000
1.000000	1000.000000	0.792390	1.000000	100.000000
1.000000	1000.000000	0.790406	1.000000	100.000000
1.000000	1000.000000	0.835471	1.000000	100.000000
1.000000	1000.000000	0.790350	1.000000	100.000000
1.000000	1000.000000	0.800603	1.000000	100.000000
2.000000	1000.000000	0.947902	1.182153	100.000000
2.000000	1000.000000	1.009848	1.259407	100.000000
2.000000	1000.000000	0.925475	1.154183	100.000000
2.000000	1000.000000	0.935060	1.166137	100.000000
2.000000	1000.000000	0.931465	1.161654	100.000000
3.000000	1000.000000	0.812619	1.013438	100.000000
3.000000	1000.000000	0.799538	0.997124	100.000000
3.000000	1000.000000	0.785173	0.979209	100.000000
3.000000	1000.000000	0.798040	0.995256	100.000000
3.000000	1000.000000	0.810543	1.010849	100.000000
4.000000	1000.000000	0.756916	0.943969	100.000000
4.000000	1000.000000	0.743448	0.927173	100.000000
4.000000	1000.000000	0.747449	0.932163	100.000000
4.000000	1000.000000	0.752266	0.938170	100.000000
4.000000	1000.000000	0.750881	0.936443	100.000000
5.000000	1000.000000	0.779520	0.972159	100.000000
5.000000	1000.000000	0.730388	0.910885	100.000000
5.000000	1000.000000	0.796579	0.993434	100.000000
5.000000	1000.000000	0.791925	0.987630	100.000000
5.000000	1000.000000	0.789272	0.984321	100.000000
6.000000	1000.000000	0.773690	0.964888	100.000000
6.000000	1000.000000	0.768066	0.957875	100.000000
6.000000	1000.000000	0.699523	0.872393	100.000000
6.000000	1000.000000	0.748902	0.933975	100.000000
6.000000	1000.000000	0.760805	0.948819	100.000000
7.000000	1000.000000	0.787976	0.982705	100.000000
7.000000	1000.000000	0.799967	0.997659	100.000000
7.000000	1000.000000	0.795052	0.991530	100.000000
7.000000	1000.000000	0.795555	0.992157	100.000000
7.000000	1000.000000	0.806014	1.005201	100.000000
8.000000	1000.000000	0.785895	0.980110	100.000000
8.000000	1000.000000	0.800495	0.998318	100.000000
8.000000	1000.000000	0.792825	0.988752	100.000000
8.000000	1000.000000	0.791826	0.987506	100.000000
8.000000	1000.000000	0.781416	0.974524	100.000000
9.000000	1000.000000	0.815875	1.017498	100.000000
9.000000	1000.000000	0.806543	1.005860	100.000000
9.000000	1000.000000	0.796410	0.993223	100.000000
9.000000	1000.000000	0.799949	0.997637	100.000000
9.000000	1000.000000	0.800388	0.998184	100.000000
10.000000	1000.000000	0.822114	1.025279	100.000000
10.000000	1000.000000	0.796308	0.993096	100.000000
10.000000	1000.000000	0.819800	1.022393	100.000000
10.000000	1000.000000	0.800432	0.998239	100.000000
10.000000	1000.000000	0.821311	1.024278	100.000000
11.000000	1000.000000	0.817177	1.019122	100.000000
11.000000	1000.000000	0.809204	1.009179	100.000000
11.000000	1000.000000	0.817892	1.020014	100.000000
11.000000	1000.000000	0.814613	1.015925	100.000000
11.000000	1000.000000	0.809615	1.009691	100.000000
12.000000	1000.000000	0.812784	1.013644	100.000000
12.000000	1000.000000	0.821329	1.024300	100.000000
12.000000	1000.000000	0.810974	1.011386	100.000000
12.000000	1000.000000	0.811861	1.012492	100.000000
12.000000	1000.000000	0.813393	1.014403	100.000000
1.000000	1000.000000	19.929675	1.000000	500.000000
1.000000	1000.000000	20.104510	1.000000	500.000000
1.000000	1000.000000	19.907969	1.000000	500.000000
1.000000	1000.000000	19.892095	1.000000	500.000000
1.000000	1000.000000	20.017302	1.000000	500.000000
2.000000	1000.000000	23.952356	1.199398	500.000000
2.000000	1000.000000	23.586100	1.181058	500.000000
2.000000	1000.000000	23.613588	1.182435	500.000000
2.000000	1000.000000	23.502083	1.176851	500.000000
2.000000	1000.000000	23.681854	1.185853	500.000000
3.000000	1000.000000	21.551344	1.079169	500.000000
3.000000	1000.000000	21.620908	1.082653	500.000000
3.000000	1000.000000	20.402266	1.021630	500.000000
3.000000	1000.000000	21.464238	1.074807	500.000000
3.000000	1000.000000	21.433969	1.073292	500.000000
4.000000	1000.000000	19.097098	0.956274	500.000000
4.000000	1000.000000	18.994873	0.951156	500.000000
4.000000	1000.000000	18.888889	0.945849	500.000000
4.000000	1000.000000	18.933471	0.948081	500.000000
4.000000	1000.000000	19.140975	0.958472	500.000000
5.000000	1000.000000	20.050116	1.003996	500.000000
5.000000	1000.000000	20.573539	1.030206	500.000000
5.000000	1000.000000	20.261220	1.014567	500.000000
5.000000	1000.000000	19.958534	0.999410	500.000000
5.000000	1000.000000	20.107712	1.006880	500.000000
6.000000	1000.000000	19.298898	0.966379	500.000000
6.000000	1000.000000	19.484879	0.975692	500.000000
6.000000	1000.000000	19.296122	0.966240	500.000000
6.000000	1000.000000	19.478552	0.975376	500.000000
6.000000	1000.000000	19.310296	0.966950	500.000000
7.000000	1000.000000	20.517519	1.027401	500.000000
7.000000	1000.000000	20.133660	1.008180	500.000000
7.000000	1000.000000	19.269915	0.964928	500.000000
7.000000	1000.000000	20.080040	1.005495	500.000000
7.000000	1000.000000	20.027655	1.002872	500.000000
8.000000	1000.000000	19.806804	0.991813	500.000000
8.000000	1000.000000	19.918921	0.997427	500.000000
8.000000	1000.000000	19.827580	0.992853	500.000000
8.000000	1000.000000	19.780714	0.990506	500.000000
8.000000	1000.000000	19.855160	0.994234	500.000000
9.000000	1000.000000	20.415159	1.022276	500.000000
9.000000	1000.000000	20.444452	1.023742	500.000000
9.000000	1000.000000	20.266482	1.014831	500.000000
9.000000	1000.000000	20.477580	1.025401	500.000000
9.000000	1000.000000	20.387465	1.020889	500.000000
10.000000	1000.000000	20.345743	1.018800	500.000000
10.000000	1000.000000	20.347810	1.018903	500.000000
10.000000	1000.000000	20.352059	1.019116	500.000000
10.000000	1000.000000	20.162618	1.009630	500.000000
10.000000	1000.000000	20.315552	1.017288	500.000000
11.000000	1000.000000	20.158162	1.009407	500.000000
11.000000	1000.000000	20.199697	1.011486	500.000000
11.000000	1000.000000	20.226058	1.012806	500.000000
11.000000	1000.000000	20.318700	1.017445	500.000000
11.000000	1000.000000	20.210361	1.012020	500.000000
12.000000	1000.000000	20.154509	1.009224	500.000000
12.000000	1000.000000	20.094053	1.006196	500.000000
12.000000	1000.000000	20.168756	1.009937	500.000000
12.000000	1000.000000	20.118863	1.007439	500.000000
12.000000	1000.000000	20.063038	1.004643	500.000000
