1.000000	1000.000000	0.009275	1.000000	6.000000
1.000000	1000.000000	0.008832	1.000000	6.000000
1.000000	1000.000000	0.008803	1.000000	6.000000
1.000000	1000.000000	0.008794	1.000000	6.000000
1.000000	1000.000000	0.008825	1.000000	6.000000
1.000000	1000.000000	0.008783	1.000000	6.000000
1.000000	1000.000000	0.008813	1.000000	6.000000
1.000000	1000.000000	0.008782	1.000000	6.000000
1.000000	1000.000000	0.011662	1.000000	6.000000
1.000000	1000.000000	0.010373	1.000000	6.000000
2.000000	1000.000000	0.026451	2.845968	6.000000
2.000000	1000.000000	0.021817	2.347378	6.000000
2.000000	1000.000000	0.019684	2.117880	6.000000
2.000000	1000.000000	0.018933	2.037077	6.000000
2.000000	1000.000000	0.017597	1.893331	6.000000
2.000000	1000.000000	0.017586	1.892148	6.000000
2.000000	1000.000000	0.016873	1.815433	6.000000
2.000000	1000.000000	0.016644	1.790794	6.000000
2.000000	1000.000000	0.016715	1.798433	6.000000
2.000000	1000.000000	0.016695	1.796282	6.000000
3.000000	1000.000000	0.016284	1.752060	6.000000
3.000000	1000.000000	0.016397	1.764219	6.000000
3.000000	1000.000000	0.016576	1.783478	6.000000
3.000000	1000.000000	0.016516	1.777022	6.000000
3.000000	1000.000000	0.016451	1.770029	6.000000
3.000000	1000.000000	0.015909	1.711713	6.000000
3.000000	1000.000000	0.015507	1.668460	6.000000
3.000000	1000.000000	0.015744	1.693960	6.000000
3.000000	1000.000000	0.016201	1.743130	6.000000
3.000000	1000.000000	0.016127	1.735168	6.000000
4.000000	1000.000000	0.015655	1.684384	6.000000
4.000000	1000.000000	0.015541	1.672118	6.000000
4.000000	1000.000000	0.015858	1.706225	6.000000
4.000000	1000.000000	0.015760	1.695681	6.000000
4.000000	1000.000000	0.015643	1.683093	6.000000
4.000000	1000.000000	0.015829	1.703105	6.000000
4.000000	1000.000000	0.015813	1.701384	6.000000
4.000000	1000.000000	0.015672	1.686213	6.000000
4.000000	1000.000000	0.015350	1.651568	6.000000
4.000000	1000.000000	0.015260	1.641884	6.000000
5.000000	1000.000000	0.018342	1.973489	6.000000
5.000000	1000.000000	0.017941	1.930344	6.000000
5.000000	1000.000000	0.018293	1.968217	6.000000
5.000000	1000.000000	0.018250	1.963590	6.000000
5.000000	1000.000000	0.017974	1.933894	6.000000
5.000000	1000.000000	0.017804	1.915603	6.000000
5.000000	1000.000000	0.017890	1.924856	6.000000
5.000000	1000.000000	0.016992	1.828237	6.000000
5.000000	1000.000000	0.016163	1.739042	6.000000
5.000000	1000.000000	0.014612	1.572163	6.000000
6.000000	1000.000000	0.015501	1.667814	6.000000
6.000000	1000.000000	0.016338	1.757870	6.000000
6.000000	1000.000000	0.016461	1.771105	6.000000
6.000000	1000.000000	0.016735	1.800585	6.000000
6.000000	1000.000000	0.016476	1.772718	6.000000
6.000000	1000.000000	0.015953	1.716447	6.000000
6.000000	1000.000000	0.015940	1.715048	6.000000
6.000000	1000.000000	0.015588	1.677175	6.000000
6.000000	1000.000000	0.015833	1.703536	6.000000
6.000000	1000.000000	0.015383	1.655118	6.000000
7.000000	1000.000000	0.017148	1.845022	6.000000
7.000000	1000.000000	0.017358	1.867616	6.000000
7.000000	1000.000000	0.017270	1.858148	6.000000
7.000000	1000.000000	0.017351	1.866863	6.000000
7.000000	1000.000000	0.017143	1.844484	6.000000
7.000000	1000.000000	0.017598	1.893439	6.000000
7.000000	1000.000000	0.020295	2.183620	6.000000
7.000000	1000.000000	0.017085	1.838243	6.000000
7.000000	1000.000000	0.017420	1.874287	6.000000
7.000000	1000.000000	0.017357	1.867509	6.000000
8.000000	1000.000000	0.018083	1.945622	6.000000
8.000000	1000.000000	0.017744	1.909148	6.000000
8.000000	1000.000000	0.017760	1.910869	6.000000
8.000000	1000.000000	0.019238	2.069893	6.000000
8.000000	1000.000000	0.019660	2.115298	6.000000
8.000000	1000.000000	0.019198	2.065589	6.000000
8.000000	1000.000000	0.018961	2.040090	6.000000
8.000000	1000.000000	0.019126	2.057843	6.000000
8.000000	1000.000000	0.018898	2.033311	6.000000
8.000000	1000.000000	0.018268	1.965527	6.000000
9.000000	1000.000000	0.019861	2.136924	6.000000
9.000000	1000.000000	0.019767	2.126810	6.000000
9.000000	1000.000000	0.019806	2.131006	6.000000
9.000000	1000.000000	0.019854	2.136171	6.000000
9.000000	1000.000000	0.019772	2.127348	6.000000
9.000000	1000.000000	0.019696	2.119171	6.000000
9.000000	1000.000000	0.020004	2.152310	6.000000
9.000000	1000.000000	0.019845	2.135203	6.000000
9.000000	1000.000000	0.019794	2.129715	6.000000
9.000000	1000.000000	0.019903	2.141443	6.000000
10.000000	1000.000000	0.020271	2.181038	6.000000
10.000000	1000.000000	0.020652	2.222031	6.000000
10.000000	1000.000000	0.021787	2.344150	6.000000
10.000000	1000.000000	0.021227	2.283897	6.000000
10.000000	1000.000000	0.021166	2.277334	6.000000
10.000000	1000.000000	0.021436	2.306385	6.000000
10.000000	1000.000000	0.020302	2.184373	6.000000
10.000000	1000.000000	0.021077	2.267758	6.000000
10.000000	1000.000000	0.022016	2.368789	6.000000
10.000000	1000.000000	0.021964	2.363194	6.000000
11.000000	1000.000000	0.023197	2.495858	6.000000
11.000000	1000.000000	0.023327	2.509845	6.000000
11.000000	1000.000000	0.023204	2.496611	6.000000
11.000000	1000.000000	0.023175	2.493491	6.000000
11.000000	1000.000000	0.023101	2.485529	6.000000
11.000000	1000.000000	0.023178	2.493813	6.000000
11.000000	1000.000000	0.023203	2.496503	6.000000
11.000000	1000.000000	0.022908	2.464763	6.000000
11.000000	1000.000000	0.023034	2.478320	6.000000
11.000000	1000.000000	0.026197	2.818640	6.000000
12.000000	1000.000000	0.024846	2.673280	6.000000
12.000000	1000.000000	0.022763	2.449162	6.000000
12.000000	1000.000000	0.031256	3.362958	6.000000
12.000000	1000.000000	0.025038	2.693938	6.000000
12.000000	1000.000000	0.024619	2.648856	6.000000
12.000000	1000.000000	0.024267	2.610983	6.000000
12.000000	1000.000000	0.025858	2.782165	6.000000
12.000000	1000.000000	0.023144	2.490155	6.000000
12.000000	1000.000000	0.023488	2.527167	6.000000
12.000000	1000.000000	0.024050	2.587635	6.000000
13.000000	1000.000000	0.027023	2.907512	6.000000
13.000000	1000.000000	0.026868	2.890835	6.000000
13.000000	1000.000000	0.025698	2.764950	6.000000
13.000000	1000.000000	0.026816	2.885240	6.000000
13.000000	1000.000000	0.027023	2.907512	6.000000
13.000000	1000.000000	0.026883	2.892449	6.000000
13.000000	1000.000000	0.026688	2.871468	6.000000
13.000000	1000.000000	0.027005	2.905576	6.000000
13.000000	1000.000000	0.026755	2.878677	6.000000
13.000000	1000.000000	0.026784	2.881797	6.000000
14.000000	1000.000000	0.024211	2.604958	6.000000
14.000000	1000.000000	0.024170	2.600547	6.000000
14.000000	1000.000000	0.024209	2.604743	6.000000
14.000000	1000.000000	0.024159	2.599363	6.000000
14.000000	1000.000000	0.024564	2.642939	6.000000
14.000000	1000.000000	0.024578	2.644445	6.000000
14.000000	1000.000000	0.024457	2.631426	6.000000
14.000000	1000.000000	0.024451	2.630780	6.000000
14.000000	1000.000000	0.024519	2.638097	6.000000
14.000000	1000.000000	0.024545	2.640894	6.000000
15.000000	1000.000000	0.029966	3.224161	6.000000
15.000000	1000.000000	0.029782	3.204364	6.000000
15.000000	1000.000000	0.029895	3.216522	6.000000
15.000000	1000.000000	0.029888	3.215769	6.000000
15.000000	1000.000000	0.029855	3.212218	6.000000
15.000000	1000.000000	0.034255	3.685632	6.000000
15.000000	1000.000000	0.034413	3.702632	6.000000
15.000000	1000.000000	0.037316	4.014977	6.000000
15.000000	1000.000000	0.030246	3.254288	6.000000
15.000000	1000.000000	0.030321	3.262357	6.000000
16.000000	1000.000000	0.034595	3.722214	6.000000
16.000000	1000.000000	0.032420	3.488197	6.000000
16.000000	1000.000000	0.032405	3.486583	6.000000
16.000000	1000.000000	0.032141	3.458178	6.000000
16.000000	1000.000000	0.032233	3.468077	6.000000
16.000000	1000.000000	0.032059	3.449356	6.000000
16.000000	1000.000000	0.032136	3.457640	6.000000
16.000000	1000.000000	0.032202	3.464741	6.000000
16.000000	1000.000000	0.032392	3.485184	6.000000
16.000000	1000.000000	0.032056	3.449033	6.000000
1.000000	1000.000000	0.014931	1.000000	10.000000
1.000000	1000.000000	0.014962	1.000000	10.000000
1.000000	1000.000000	0.014517	1.000000	10.000000
1.000000	1000.000000	0.014429	1.000000	10.000000
1.000000	1000.000000	0.014354	1.000000	10.000000
1.000000	1000.000000	0.014048	1.000000	10.000000
1.000000	1000.000000	0.013869	1.000000	10.000000
1.000000	1000.000000	0.013876	1.000000	10.000000
1.000000	1000.000000	0.013952	1.000000	10.000000
1.000000	1000.000000	0.014063	1.000000	10.000000
2.000000	1000.000000	0.011694	0.817757	10.000000
2.000000	1000.000000	0.011543	0.807197	10.000000
2.000000	1000.000000	0.011406	0.797617	10.000000
2.000000	1000.000000	0.011710	0.818875	10.000000
2.000000	1000.000000	0.011438	0.799855	10.000000
2.000000	1000.000000	0.011775	0.823421	10.000000
2.000000	1000.000000	0.011414	0.798176	10.000000
2.000000	1000.000000	0.011441	0.800064	10.000000
2.000000	1000.000000	0.030791	2.153202	10.000000
2.000000	1000.000000	0.030852	2.157467	10.000000
3.000000	1000.000000	0.025853	1.807889	10.000000
3.000000	1000.000000	0.022907	1.601877	10.000000
3.000000	1000.000000	0.021969	1.536283	10.000000
3.000000	1000.000000	0.021361	1.493766	10.000000
3.000000	1000.000000	0.020722	1.449081	10.000000
3.000000	1000.000000	0.020850	1.458032	10.000000
3.000000	1000.000000	0.020887	1.460619	10.000000
3.000000	1000.000000	0.020851	1.458102	10.000000
3.000000	1000.000000	0.020891	1.460899	10.000000
3.000000	1000.000000	0.024710	1.727960	10.000000
4.000000	1000.000000	0.026013	1.819078	10.000000
4.000000	1000.000000	0.021883	1.530269	10.000000
4.000000	1000.000000	0.025206	1.762645	10.000000
4.000000	1000.000000	0.026145	1.828309	10.000000
4.000000	1000.000000	0.021733	1.519780	10.000000
4.000000	1000.000000	0.021797	1.524255	10.000000
4.000000	1000.000000	0.021436	1.499010	10.000000
4.000000	1000.000000	0.021122	1.477053	10.000000
4.000000	1000.000000	0.020918	1.462787	10.000000
4.000000	1000.000000	0.021739	1.520199	10.000000
5.000000	1000.000000	0.020879	1.460060	10.000000
5.000000	1000.000000	0.021283	1.488311	10.000000
5.000000	1000.000000	0.021506	1.503906	10.000000
5.000000	1000.000000	0.021254	1.486283	10.000000
5.000000	1000.000000	0.020765	1.452088	10.000000
5.000000	1000.000000	0.021041	1.471388	10.000000
5.000000	1000.000000	0.021062	1.472857	10.000000
5.000000	1000.000000	0.021223	1.484115	10.000000
5.000000	1000.000000	0.020868	1.459290	10.000000
5.000000	1000.000000	0.021179	1.481039	10.000000
6.000000	1000.000000	0.022597	1.580199	10.000000
6.000000	1000.000000	0.022601	1.580478	10.000000
6.000000	1000.000000	0.022493	1.572926	10.000000
6.000000	1000.000000	0.022565	1.577961	10.000000
6.000000	1000.000000	0.022564	1.577891	10.000000
6.000000	1000.000000	0.022077	1.543835	10.000000
6.000000	1000.000000	0.022281	1.558101	10.000000
6.000000	1000.000000	0.022121	1.546912	10.000000
6.000000	1000.000000	0.022149	1.548870	10.000000
6.000000	1000.000000	0.022211	1.553206	10.000000
7.000000	1000.000000	0.023027	1.610268	10.000000
7.000000	1000.000000	0.023492	1.642786	10.000000
7.000000	1000.000000	0.024024	1.679988	10.000000
7.000000	1000.000000	0.024703	1.727470	10.000000
7.000000	1000.000000	0.024934	1.743624	10.000000
7.000000	1000.000000	0.023893	1.670827	10.000000
7.000000	1000.000000	0.023705	1.657681	10.000000
7.000000	1000.000000	0.024453	1.709988	10.000000
7.000000	1000.000000	0.024536	1.715792	10.000000
7.000000	1000.000000	0.023353	1.633066	10.000000
8.000000	1000.000000	0.024384	1.705163	10.000000
8.000000	1000.000000	0.024378	1.704743	10.000000
8.000000	1000.000000	0.024111	1.686072	10.000000
8.000000	1000.000000	0.024122	1.686841	10.000000
8.000000	1000.000000	0.031453	2.199495	10.000000
8.000000	1000.000000	0.024264	1.696771	10.000000
8.000000	1000.000000	0.028474	1.991175	10.000000
8.000000	1000.000000	0.024415	1.707331	10.000000
8.000000	1000.000000	0.026658	1.864183	10.000000
8.000000	1000.000000	0.024461	1.710547	10.000000
9.000000	1000.000000	0.024938	1.743904	10.000000
9.000000	1000.000000	0.025650	1.793694	10.000000
9.000000	1000.000000	0.026299	1.839078	10.000000
9.000000	1000.000000	0.026060	1.822365	10.000000
9.000000	1000.000000	0.026382	1.844882	10.000000
9.000000	1000.000000	0.026248	1.835512	10.000000
9.000000	1000.000000	0.026247	1.835442	10.000000
9.000000	1000.000000	0.026518	1.854393	10.000000
9.000000	1000.000000	0.025542	1.786141	10.000000
9.000000	1000.000000	0.025850	1.807680	10.000000
10.000000	1000.000000	0.026700	1.867120	10.000000
10.000000	1000.000000	0.026320	1.840547	10.000000
10.000000	1000.000000	0.026755	1.870966	10.000000
10.000000	1000.000000	0.026972	1.886141	10.000000
10.000000	1000.000000	0.027351	1.912644	10.000000
10.000000	1000.000000	0.027139	1.897819	10.000000
10.000000	1000.000000	0.027211	1.902854	10.000000
10.000000	1000.000000	0.027219	1.903413	10.000000
10.000000	1000.000000	0.027125	1.896840	10.000000
10.000000	1000.000000	0.026509	1.853763	10.000000
11.000000	1000.000000	0.027169	1.899917	10.000000
11.000000	1000.000000	0.025931	1.813344	10.000000
11.000000	1000.000000	0.027847	1.947329	10.000000
11.000000	1000.000000	0.027242	1.905022	10.000000
11.000000	1000.000000	0.028094	1.964602	10.000000
11.000000	1000.000000	0.028059	1.962154	10.000000
11.000000	1000.000000	0.027759	1.941175	10.000000
11.000000	1000.000000	0.027955	1.954881	10.000000
11.000000	1000.000000	0.032634	2.282082	10.000000
11.000000	1000.000000	0.026473	1.851246	10.000000
12.000000	1000.000000	0.033003	2.307886	10.000000
12.000000	1000.000000	0.028995	2.027608	10.000000
12.000000	1000.000000	0.028670	2.004881	10.000000
12.000000	1000.000000	0.028727	2.008867	10.000000
12.000000	1000.000000	0.028781	2.012643	10.000000
12.000000	1000.000000	0.028442	1.988937	10.000000
12.000000	1000.000000	0.028757	2.010965	10.000000
12.000000	1000.000000	0.028750	2.010475	10.000000
12.000000	1000.000000	0.028746	2.010196	10.000000
12.000000	1000.000000	0.028915	2.022014	10.000000
13.000000	1000.000000	0.029740	2.079706	10.000000
13.000000	1000.000000	0.029595	2.069566	10.000000
13.000000	1000.000000	0.029670	2.074811	10.000000
13.000000	1000.000000	0.029375	2.054181	10.000000
13.000000	1000.000000	0.029420	2.057328	10.000000
13.000000	1000.000000	0.029489	2.062153	10.000000
13.000000	1000.000000	0.029119	2.036279	10.000000
13.000000	1000.000000	0.029503	2.063132	10.000000
13.000000	1000.000000	0.029690	2.076209	10.000000
13.000000	1000.000000	0.029742	2.079846	10.000000
14.000000	1000.000000	0.028009	1.958658	10.000000
14.000000	1000.000000	0.027925	1.952784	10.000000
14.000000	1000.000000	0.028130	1.967119	10.000000
14.000000	1000.000000	0.028028	1.959986	10.000000
14.000000	1000.000000	0.028025	1.959777	10.000000
14.000000	1000.000000	0.028464	1.990476	10.000000
14.000000	1000.000000	0.028197	1.971804	10.000000
14.000000	1000.000000	0.028347	1.982294	10.000000
14.000000	1000.000000	0.028623	2.001594	10.000000
14.000000	1000.000000	0.028239	1.974741	10.000000
15.000000	1000.000000	0.036407	2.545926	10.000000
15.000000	1000.000000	0.088779	6.208278	10.000000
15.000000	1000.000000	0.040961	2.864386	10.000000
15.000000	1000.000000	0.032645	2.282851	10.000000
15.000000	1000.000000	0.032729	2.288725	10.000000
15.000000	1000.000000	0.032253	2.255439	10.000000
15.000000	1000.000000	0.032585	2.278655	10.000000
15.000000	1000.000000	0.032399	2.265648	10.000000
15.000000	1000.000000	0.032247	2.255019	10.000000
15.000000	1000.000000	0.032414	2.266697	10.000000
16.000000	1000.000000	0.033636	2.352151	10.000000
16.000000	1000.000000	0.033447	2.338935	10.000000
16.000000	1000.000000	0.033458	2.339704	10.000000
16.000000	1000.000000	0.033384	2.334529	10.000000
16.000000	1000.000000	0.033424	2.337326	10.000000
16.000000	1000.000000	0.033392	2.335089	10.000000
16.000000	1000.000000	0.033648	2.352991	10.000000
16.000000	1000.000000	0.033571	2.347606	10.000000
16.000000	1000.000000	0.033489	2.341872	10.000000
16.000000	1000.000000	0.033181	2.320333	10.000000
1.000000	1000.000000	0.050141	1.000000	20.000000
1.000000	1000.000000	0.085757	1.000000	20.000000
1.000000	1000.000000	0.060945	1.000000	20.000000
1.000000	1000.000000	0.049923	1.000000	20.000000
1.000000	1000.000000	0.046412	1.000000	20.000000
1.000000	1000.000000	0.046512	1.000000	20.000000
1.000000	1000.000000	0.046510	1.000000	20.000000
1.000000	1000.000000	0.086304	1.000000	20.000000
1.000000	1000.000000	0.063334	1.000000	20.000000
1.000000	1000.000000	0.053268	1.000000	20.000000
2.000000	1000.000000	0.062592	1.062491	20.000000
2.000000	1000.000000	0.060962	1.034822	20.000000
2.000000	1000.000000	0.099433	1.687863	20.000000
2.000000	1000.000000	0.105702	1.794278	20.000000
2.000000	1000.000000	0.098047	1.664335	20.000000
2.000000	1000.000000	0.093945	1.594705	20.000000
2.000000	1000.000000	0.086257	1.464202	20.000000
2.000000	1000.000000	0.085024	1.443272	20.000000
2.000000	1000.000000	0.093050	1.579512	20.000000
2.000000	1000.000000	0.094137	1.597964	20.000000
3.000000	1000.000000	0.066651	1.131392	20.000000
3.000000	1000.000000	0.067742	1.149912	20.000000
3.000000	1000.000000	0.066423	1.127522	20.000000
3.000000	1000.000000	0.069695	1.183064	20.000000
3.000000	1000.000000	0.075945	1.289157	20.000000
3.000000	1000.000000	0.069869	1.186017	20.000000
3.000000	1000.000000	0.070695	1.200039	20.000000
3.000000	1000.000000	0.067887	1.152373	20.000000
3.000000	1000.000000	0.061038	1.036112	20.000000
3.000000	1000.000000	0.065820	1.117286	20.000000
4.000000	1000.000000	0.062741	1.065021	20.000000
4.000000	1000.000000	0.050258	0.853123	20.000000
4.000000	1000.000000	0.052570	0.892369	20.000000
4.000000	1000.000000	0.057439	0.975020	20.000000
4.000000	1000.000000	0.051777	0.878908	20.000000
4.000000	1000.000000	0.051471	0.873714	20.000000
4.000000	1000.000000	0.051213	0.869334	20.000000
4.000000	1000.000000	0.053320	0.905100	20.000000
4.000000	1000.000000	0.059520	1.010344	20.000000
4.000000	1000.000000	0.052057	0.883661	20.000000
5.000000	1000.000000	0.052387	0.889263	20.000000
5.000000	1000.000000	0.050403	0.855585	20.000000
5.000000	1000.000000	0.054080	0.918001	20.000000
5.000000	1000.000000	0.052076	0.883984	20.000000
5.000000	1000.000000	0.050043	0.849474	20.000000
5.000000	1000.000000	0.049039	0.832431	20.000000
5.000000	1000.000000	0.049392	0.838423	20.000000
5.000000	1000.000000	0.050595	0.858844	20.000000
5.000000	1000.000000	0.048317	0.820175	20.000000
5.000000	1000.000000	0.051376	0.872101	20.000000
6.000000	1000.000000	0.047878	0.812723	20.000000
6.000000	1000.000000	0.050877	0.863631	20.000000
6.000000	1000.000000	0.058606	0.994829	20.000000
6.000000	1000.000000	0.047855	0.812333	20.000000
6.000000	1000.000000	0.051182	0.868808	20.000000
6.000000	1000.000000	0.048012	0.814998	20.000000
6.000000	1000.000000	0.047836	0.812010	20.000000
6.000000	1000.000000	0.046818	0.794730	20.000000
6.000000	1000.000000	0.047534	0.806884	20.000000
6.000000	1000.000000	0.046790	0.794254	20.000000
7.000000	1000.000000	0.049648	0.842769	20.000000
7.000000	1000.000000	0.048225	0.818613	20.000000
7.000000	1000.000000	0.048727	0.827135	20.000000
7.000000	1000.000000	0.050882	0.863716	20.000000
7.000000	1000.000000	0.049760	0.844670	20.000000
7.000000	1000.000000	0.047664	0.809090	20.000000
7.000000	1000.000000	0.055127	0.935774	20.000000
7.000000	1000.000000	0.056232	0.954531	20.000000
7.000000	1000.000000	0.054322	0.922109	20.000000
7.000000	1000.000000	0.051640	0.876582	20.000000
8.000000	1000.000000	0.047154	0.800433	20.000000
8.000000	1000.000000	0.052570	0.892369	20.000000
8.000000	1000.000000	0.052490	0.891011	20.000000
8.000000	1000.000000	0.048122	0.816865	20.000000
8.000000	1000.000000	0.056685	0.962221	20.000000
8.000000	1000.000000	0.048259	0.819190	20.000000
8.000000	1000.000000	0.047866	0.812519	20.000000
8.000000	1000.000000	0.047449	0.805441	20.000000
8.000000	1000.000000	0.046570	0.790520	20.000000
8.000000	1000.000000	0.046919	0.796444	20.000000
9.000000	1000.000000	0.047184	0.800942	20.000000
9.000000	1000.000000	0.051856	0.880249	20.000000
9.000000	1000.000000	0.055605	0.943888	20.000000
9.000000	1000.000000	0.051165	0.868519	20.000000
9.000000	1000.000000	0.054691	0.928373	20.000000
9.000000	1000.000000	0.049405	0.838644	20.000000
9.000000	1000.000000	0.048026	0.815235	20.000000
9.000000	1000.000000	0.052833	0.896834	20.000000
9.000000	1000.000000	0.047663	0.809073	20.000000
9.000000	1000.000000	0.058699	0.996408	20.000000
10.000000	1000.000000	0.053009	0.899821	20.000000
10.000000	1000.000000	0.052602	0.892912	20.000000
10.000000	1000.000000	0.052446	0.890264	20.000000
10.000000	1000.000000	0.051535	0.874800	20.000000
10.000000	1000.000000	0.050958	0.865006	20.000000
10.000000	1000.000000	0.049701	0.843668	20.000000
10.000000	1000.000000	0.054371	0.922941	20.000000
10.000000	1000.000000	0.048183	0.817900	20.000000
10.000000	1000.000000	0.048208	0.818325	20.000000
10.000000	1000.000000	0.049398	0.838525	20.000000
11.000000	1000.000000	0.052834	0.896850	20.000000
11.000000	1000.000000	0.050045	0.849508	20.000000
11.000000	1000.000000	0.048006	0.814896	20.000000
11.000000	1000.000000	0.052359	0.888787	20.000000
11.000000	1000.000000	0.047757	0.810669	20.000000
11.000000	1000.000000	0.051374	0.872067	20.000000
11.000000	1000.000000	0.049258	0.836148	20.000000
11.000000	1000.000000	0.047792	0.811263	20.000000
11.000000	1000.000000	0.047505	0.806391	20.000000
11.000000	1000.000000	0.048702	0.826710	20.000000
12.000000	1000.000000	0.054623	0.927219	20.000000
12.000000	1000.000000	0.049276	0.836454	20.000000
12.000000	1000.000000	0.056616	0.961049	20.000000
12.000000	1000.000000	0.049064	0.832855	20.000000
12.000000	1000.000000	0.048684	0.826405	20.000000
12.000000	1000.000000	0.054527	0.925589	20.000000
12.000000	1000.000000	0.050184	0.851867	20.000000
12.000000	1000.000000	0.049917	0.847335	20.000000
12.000000	1000.000000	0.049973	0.848285	20.000000
12.000000	1000.000000	0.052736	0.895187	20.000000
13.000000	1000.000000	0.055940	0.949574	20.000000
13.000000	1000.000000	0.053526	0.908597	20.000000
13.000000	1000.000000	0.054205	0.920123	20.000000
13.000000	1000.000000	0.055687	0.945280	20.000000
13.000000	1000.000000	0.051671	0.877109	20.000000
13.000000	1000.000000	0.053134	0.901943	20.000000
13.000000	1000.000000	0.053414	0.906696	20.000000
13.000000	1000.000000	0.057637	0.978381	20.000000
13.000000	1000.000000	0.060471	1.026488	20.000000
13.000000	1000.000000	0.066914	1.135857	20.000000
14.000000	1000.000000	0.050335	0.854430	20.000000
14.000000	1000.000000	0.052106	0.884493	20.000000
14.000000	1000.000000	0.052468	0.890638	20.000000
14.000000	1000.000000	0.053024	0.900076	20.000000
14.000000	1000.000000	0.050698	0.860592	20.000000
14.000000	1000.000000	0.051359	0.871813	20.000000
14.000000	1000.000000	0.049891	0.846893	20.000000
14.000000	1000.000000	0.048915	0.830326	20.000000
14.000000	1000.000000	0.048844	0.829121	20.000000
14.000000	1000.000000	0.049180	0.834824	20.000000
15.000000	1000.000000	0.056799	0.964156	20.000000
15.000000	1000.000000	0.054213	0.920259	20.000000
15.000000	1000.000000	0.054301	0.921753	20.000000
15.000000	1000.000000	0.055498	0.942072	20.000000
15.000000	1000.000000	0.053640	0.910532	20.000000
15.000000	1000.000000	0.057541	0.976751	20.000000
15.000000	1000.000000	0.054578	0.926455	20.000000
15.000000	1000.000000	0.058066	0.985663	20.000000
15.000000	1000.000000	0.055239	0.937675	20.000000
15.000000	1000.000000	0.056431	0.957909	20.000000
16.000000	1000.000000	0.055783	0.946909	20.000000
16.000000	1000.000000	0.057232	0.971506	20.000000
16.000000	1000.000000	0.058756	0.997376	20.000000
16.000000	1000.000000	0.057354	0.973577	20.000000
16.000000	1000.000000	0.059377	1.007917	20.000000
16.000000	1000.000000	0.060991	1.035315	20.000000
16.000000	1000.000000	0.058667	0.995865	20.000000
16.000000	1000.000000	0.060132	1.020733	20.000000
16.000000	1000.000000	0.057083	0.968977	20.000000
16.000000	1000.000000	0.056340	0.956364	20.000000
1.000000	1000.000000	0.146176	1.000000	36.000000
1.000000	1000.000000	0.199327	1.000000	36.000000
1.000000	1000.000000	0.201419	1.000000	36.000000
1.000000	1000.000000	0.143336	1.000000	36.000000
1.000000	1000.000000	0.143475	1.000000	36.000000
1.000000	1000.000000	0.143306	1.000000	36.000000
1.000000	1000.000000	0.143188	1.000000	36.000000
1.000000	1000.000000	0.143033	1.000000	36.000000
1.000000	1000.000000	0.143401	1.000000	36.000000
1.000000	1000.000000	0.143372	1.000000	36.000000
2.000000	1000.000000	0.147515	0.951689	36.000000
2.000000	1000.000000	0.237868	1.534600	36.000000
2.000000	1000.000000	0.257943	1.664113	36.000000
2.000000	1000.000000	0.225577	1.455304	36.000000
2.000000	1000.000000	0.276285	1.782446	36.000000
2.000000	1000.000000	0.241178	1.555954	36.000000
2.000000	1000.000000	0.209304	1.350320	36.000000
2.000000	1000.000000	0.176230	1.136944	36.000000
2.000000	1000.000000	0.223090	1.439260	36.000000
2.000000	1000.000000	0.222961	1.438427	36.000000
3.000000	1000.000000	0.211510	1.364552	36.000000
3.000000	1000.000000	0.181947	1.173827	36.000000
3.000000	1000.000000	0.190021	1.225916	36.000000
3.000000	1000.000000	0.182958	1.180349	36.000000
3.000000	1000.000000	0.182043	1.174446	36.000000
3.000000	1000.000000	0.171412	1.105860	36.000000
3.000000	1000.000000	0.167461	1.080371	36.000000
3.000000	1000.000000	0.169609	1.094228	36.000000
3.000000	1000.000000	0.100355	0.647438	36.000000
3.000000	1000.000000	0.086691	0.559285	36.000000
4.000000	1000.000000	0.164292	1.059926	36.000000
4.000000	1000.000000	0.161204	1.040004	36.000000
4.000000	1000.000000	0.152731	0.985340	36.000000
4.000000	1000.000000	0.140860	0.908755	36.000000
4.000000	1000.000000	0.138892	0.896058	36.000000
4.000000	1000.000000	0.077113	0.497493	36.000000
4.000000	1000.000000	0.124646	0.804151	36.000000
4.000000	1000.000000	0.139228	0.898226	36.000000
4.000000	1000.000000	0.142196	0.917374	36.000000
4.000000	1000.000000	0.074960	0.483603	36.000000
5.000000	1000.000000	0.140836	0.908600	36.000000
5.000000	1000.000000	0.135063	0.871356	36.000000
5.000000	1000.000000	0.066379	0.428242	36.000000
5.000000	1000.000000	0.100825	0.650470	36.000000
5.000000	1000.000000	0.141465	0.912658	36.000000
5.000000	1000.000000	0.131292	0.847027	36.000000
5.000000	1000.000000	0.132674	0.855943	36.000000
5.000000	1000.000000	0.130727	0.843382	36.000000
5.000000	1000.000000	0.133993	0.864453	36.000000
5.000000	1000.000000	0.066580	0.429539	36.000000
6.000000	1000.000000	0.130479	0.841782	36.000000
6.000000	1000.000000	0.130666	0.842989	36.000000
6.000000	1000.000000	0.133311	0.860053	36.000000
6.000000	1000.000000	0.127166	0.820408	36.000000
6.000000	1000.000000	0.130781	0.843730	36.000000
6.000000	1000.000000	0.130392	0.841221	36.000000
6.000000	1000.000000	0.127356	0.821634	36.000000
6.000000	1000.000000	0.123697	0.798028	36.000000
6.000000	1000.000000	0.123805	0.798725	36.000000
6.000000	1000.000000	0.062258	0.401656	36.000000
7.000000	1000.000000	0.120692	0.778641	36.000000
7.000000	1000.000000	0.129161	0.833279	36.000000
7.000000	1000.000000	0.061782	0.398585	36.000000
7.000000	1000.000000	0.089773	0.579168	36.000000
7.000000	1000.000000	0.112798	0.727714	36.000000
7.000000	1000.000000	0.127002	0.819350	36.000000
7.000000	1000.000000	0.130437	0.841511	36.000000
7.000000	1000.000000	0.128600	0.829660	36.000000
7.000000	1000.000000	0.136050	0.877723	36.000000
7.000000	1000.000000	0.130339	0.840879	36.000000
8.000000	1000.000000	0.125506	0.809699	36.000000
8.000000	1000.000000	0.124998	0.806422	36.000000
8.000000	1000.000000	0.126498	0.816099	36.000000
8.000000	1000.000000	0.129042	0.832511	36.000000
8.000000	1000.000000	0.129508	0.835518	36.000000
8.000000	1000.000000	0.125960	0.812628	36.000000
8.000000	1000.000000	0.071981	0.464384	36.000000
8.000000	1000.000000	0.110395	0.712211	36.000000
8.000000	1000.000000	0.117042	0.755094	36.000000
8.000000	1000.000000	0.126072	0.813350	36.000000
9.000000	1000.000000	0.124679	0.804364	36.000000
9.000000	1000.000000	0.125517	0.809770	36.000000
9.000000	1000.000000	0.126049	0.813202	36.000000
9.000000	1000.000000	0.123292	0.795415	36.000000
9.000000	1000.000000	0.125883	0.812131	36.000000
9.000000	1000.000000	0.124971	0.806247	36.000000
9.000000	1000.000000	0.124273	0.801744	36.000000
9.000000	1000.000000	0.125186	0.807634	36.000000
9.000000	1000.000000	0.123076	0.794022	36.000000
9.000000	1000.000000	0.127302	0.821286	36.000000
10.000000	1000.000000	0.122256	0.788732	36.000000
10.000000	1000.000000	0.122869	0.792686	36.000000
10.000000	1000.000000	0.124511	0.803280	36.000000
10.000000	1000.000000	0.141847	0.915122	36.000000
10.000000	1000.000000	0.125058	0.806809	36.000000
10.000000	1000.000000	0.124905	0.805822	36.000000
10.000000	1000.000000	0.123420	0.796241	36.000000
10.000000	1000.000000	0.121815	0.785886	36.000000
10.000000	1000.000000	0.123032	0.793738	36.000000
10.000000	1000.000000	0.122693	0.791551	36.000000
11.000000	1000.000000	0.127686	0.823763	36.000000
11.000000	1000.000000	0.126378	0.815325	36.000000
11.000000	1000.000000	0.128410	0.828434	36.000000
11.000000	1000.000000	0.121455	0.783564	36.000000
11.000000	1000.000000	0.121567	0.784287	36.000000
11.000000	1000.000000	0.124236	0.801506	36.000000
11.000000	1000.000000	0.122371	0.789474	36.000000
11.000000	1000.000000	0.122479	0.790170	36.000000
11.000000	1000.000000	0.123861	0.799086	36.000000
11.000000	1000.000000	0.137699	0.888362	36.000000
12.000000	1000.000000	0.129784	0.837298	36.000000
12.000000	1000.000000	0.121483	0.783745	36.000000
12.000000	1000.000000	0.121085	0.781177	36.000000
12.000000	1000.000000	0.124942	0.806060	36.000000
12.000000	1000.000000	0.125710	0.811015	36.000000
12.000000	1000.000000	0.125267	0.808157	36.000000
12.000000	1000.000000	0.134345	0.866723	36.000000
12.000000	1000.000000	0.123747	0.798351	36.000000
12.000000	1000.000000	0.128148	0.826744	36.000000
12.000000	1000.000000	0.125671	0.810763	36.000000
13.000000	1000.000000	0.125276	0.808215	36.000000
13.000000	1000.000000	0.125006	0.806473	36.000000
13.000000	1000.000000	0.129809	0.837460	36.000000
13.000000	1000.000000	0.127285	0.821176	36.000000
13.000000	1000.000000	0.144926	0.934987	36.000000
13.000000	1000.000000	0.177558	1.145511	36.000000
13.000000	1000.000000	0.126790	0.817983	36.000000
13.000000	1000.000000	0.129126	0.833053	36.000000
13.000000	1000.000000	0.124291	0.801860	36.000000
13.000000	1000.000000	0.127664	0.823621	36.000000
14.000000	1000.000000	0.124074	0.800460	36.000000
14.000000	1000.000000	0.139444	0.899620	36.000000
14.000000	1000.000000	0.129174	0.833363	36.000000
14.000000	1000.000000	0.127214	0.820718	36.000000
14.000000	1000.000000	0.126945	0.818983	36.000000
14.000000	1000.000000	0.123343	0.795744	36.000000
14.000000	1000.000000	0.127675	0.823692	36.000000
14.000000	1000.000000	0.124732	0.804705	36.000000
14.000000	1000.000000	0.125450	0.809338	36.000000
14.000000	1000.000000	0.140948	0.909323	36.000000
15.000000	1000.000000	0.134836	0.869891	36.000000
15.000000	1000.000000	0.130203	0.840001	36.000000
15.000000	1000.000000	0.129619	0.836234	36.000000
15.000000	1000.000000	0.127987	0.825705	36.000000
15.000000	1000.000000	0.130685	0.843111	36.000000
15.000000	1000.000000	0.129039	0.832492	36.000000
15.000000	1000.000000	0.139588	0.900549	36.000000
15.000000	1000.000000	0.137574	0.887555	36.000000
15.000000	1000.000000	0.128009	0.825847	36.000000
15.000000	1000.000000	0.128641	0.829924	36.000000
16.000000	1000.000000	0.130553	0.842259	36.000000
16.000000	1000.000000	0.131099	0.845782	36.000000
16.000000	1000.000000	0.131448	0.848034	36.000000
16.000000	1000.000000	0.130709	0.843266	36.000000
16.000000	1000.000000	0.141737	0.914413	36.000000
16.000000	1000.000000	0.139828	0.902097	36.000000
16.000000	1000.000000	0.130260	0.840369	36.000000
16.000000	1000.000000	0.133325	0.860143	36.000000
16.000000	1000.000000	0.132520	0.854950	36.000000
16.000000	1000.000000	0.144862	0.934574	36.000000
1.000000	1000.000000	0.276274	1.000000	50.000000
1.000000	1000.000000	0.318649	1.000000	50.000000
1.000000	1000.000000	0.273458	1.000000	50.000000
1.000000	1000.000000	0.273573	1.000000	50.000000
1.000000	1000.000000	0.277695	1.000000	50.000000
1.000000	1000.000000	0.273954	1.000000	50.000000
1.000000	1000.000000	0.273717	1.000000	50.000000
1.000000	1000.000000	0.273535	1.000000	50.000000
1.000000	1000.000000	0.273727	1.000000	50.000000
1.000000	1000.000000	0.273740	1.000000	50.000000
2.000000	1000.000000	0.433329	1.554085	50.000000
2.000000	1000.000000	0.426615	1.530006	50.000000
2.000000	1000.000000	0.420699	1.508789	50.000000
2.000000	1000.000000	0.396254	1.421120	50.000000
2.000000	1000.000000	0.374188	1.341983	50.000000
2.000000	1000.000000	0.373656	1.340075	50.000000
2.000000	1000.000000	0.379121	1.359674	50.000000
2.000000	1000.000000	0.374729	1.343923	50.000000
2.000000	1000.000000	0.375450	1.346509	50.000000
2.000000	1000.000000	0.376537	1.350407	50.000000
3.000000	1000.000000	0.304139	1.090760	50.000000
3.000000	1000.000000	0.305296	1.094909	50.000000
3.000000	1000.000000	0.300156	1.076475	50.000000
3.000000	1000.000000	0.296540	1.063507	50.000000
3.000000	1000.000000	0.301171	1.080116	50.000000
3.000000	1000.000000	0.305059	1.094059	50.000000
3.000000	1000.000000	0.304034	1.090383	50.000000
3.000000	1000.000000	0.304682	1.092707	50.000000
3.000000	1000.000000	0.225500	0.808730	50.000000
3.000000	1000.000000	0.341290	1.223998	50.000000
4.000000	1000.000000	0.296382	1.062940	50.000000
4.000000	1000.000000	0.302592	1.085212	50.000000
4.000000	1000.000000	0.272433	0.977050	50.000000
4.000000	1000.000000	0.263818	0.946153	50.000000
4.000000	1000.000000	0.252782	0.906574	50.000000
4.000000	1000.000000	0.258986	0.928824	50.000000
4.000000	1000.000000	0.173830	0.623422	50.000000
4.000000	1000.000000	0.259969	0.932349	50.000000
4.000000	1000.000000	0.258428	0.926823	50.000000
4.000000	1000.000000	0.251902	0.903418	50.000000
5.000000	1000.000000	0.253541	0.909296	50.000000
5.000000	1000.000000	0.136586	0.489850	50.000000
5.000000	1000.000000	0.242467	0.869580	50.000000
5.000000	1000.000000	0.249258	0.893935	50.000000
5.000000	1000.000000	0.259441	0.930456	50.000000
5.000000	1000.000000	0.252257	0.904691	50.000000
5.000000	1000.000000	0.251142	0.900692	50.000000
5.000000	1000.000000	0.256366	0.919428	50.000000
5.000000	1000.000000	0.257613	0.923900	50.000000
5.000000	1000.000000	0.166439	0.596915	50.000000
6.000000	1000.000000	0.241358	0.865603	50.000000
6.000000	1000.000000	0.241977	0.867823	50.000000
6.000000	1000.000000	0.222554	0.798165	50.000000
6.000000	1000.000000	0.243997	0.875068	50.000000
6.000000	1000.000000	0.243682	0.873938	50.000000
6.000000	1000.000000	0.243773	0.874264	50.000000
6.000000	1000.000000	0.134413	0.482057	50.000000
6.000000	1000.000000	0.236158	0.846954	50.000000
6.000000	1000.000000	0.238904	0.856802	50.000000
6.000000	1000.000000	0.240396	0.862153	50.000000
7.000000	1000.000000	0.243572	0.873543	50.000000
7.000000	1000.000000	0.252755	0.906477	50.000000
7.000000	1000.000000	0.243552	0.873472	50.000000
7.000000	1000.000000	0.243264	0.872439	50.000000
7.000000	1000.000000	0.247822	0.888785	50.000000
7.000000	1000.000000	0.118651	0.425528	50.000000
7.000000	1000.000000	0.215429	0.772612	50.000000
7.000000	1000.000000	0.241921	0.867622	50.000000
7.000000	1000.000000	0.194431	0.697305	50.000000
7.000000	1000.000000	0.135154	0.484714	50.000000
8.000000	1000.000000	0.230882	0.828032	50.000000
8.000000	1000.000000	0.244135	0.875562	50.000000
8.000000	1000.000000	0.244468	0.876757	50.000000
8.000000	1000.000000	0.195233	0.700181	50.000000
8.000000	1000.000000	0.135484	0.485898	50.000000
8.000000	1000.000000	0.222300	0.797254	50.000000
8.000000	1000.000000	0.145388	0.521418	50.000000
8.000000	1000.000000	0.225797	0.809795	50.000000
8.000000	1000.000000	0.134535	0.482494	50.000000
8.000000	1000.000000	0.219407	0.786878	50.000000
9.000000	1000.000000	0.254063	0.911168	50.000000
9.000000	1000.000000	0.237367	0.851290	50.000000
9.000000	1000.000000	0.240123	0.861174	50.000000
9.000000	1000.000000	0.239707	0.859682	50.000000
9.000000	1000.000000	0.301999	1.083085	50.000000
9.000000	1000.000000	0.221819	0.795529	50.000000
9.000000	1000.000000	0.550539	1.974446	50.000000
9.000000	1000.000000	0.250978	0.900104	50.000000
9.000000	1000.000000	0.242881	0.871065	50.000000
9.000000	1000.000000	0.237625	0.852215	50.000000
10.000000	1000.000000	0.232826	0.835004	50.000000
10.000000	1000.000000	0.252971	0.907252	50.000000
10.000000	1000.000000	0.243622	0.873723	50.000000
10.000000	1000.000000	0.291232	1.044470	50.000000
10.000000	1000.000000	0.238488	0.855310	50.000000
10.000000	1000.000000	0.244467	0.876753	50.000000
10.000000	1000.000000	0.322134	1.155297	50.000000
10.000000	1000.000000	0.235650	0.845132	50.000000
10.000000	1000.000000	0.881701	3.162120	50.000000
10.000000	1000.000000	0.404393	1.450310	50.000000
11.000000	1000.000000	0.232652	0.834380	50.000000
11.000000	1000.000000	0.232131	0.832511	50.000000
11.000000	1000.000000	0.235894	0.846007	50.000000
11.000000	1000.000000	0.238941	0.856935	50.000000
11.000000	1000.000000	0.559471	2.006479	50.000000
11.000000	1000.000000	0.233928	0.838956	50.000000
11.000000	1000.000000	0.236955	0.849812	50.000000
11.000000	1000.000000	0.484037	1.735944	50.000000
11.000000	1000.000000	0.233731	0.838250	50.000000
11.000000	1000.000000	0.392280	1.406868	50.000000
12.000000	1000.000000	0.238576	0.855626	50.000000
12.000000	1000.000000	0.429312	1.539679	50.000000
12.000000	1000.000000	0.233207	0.836370	50.000000
12.000000	1000.000000	0.233316	0.836761	50.000000
12.000000	1000.000000	0.230630	0.827128	50.000000
12.000000	1000.000000	0.229865	0.824385	50.000000
12.000000	1000.000000	0.235870	0.845921	50.000000
12.000000	1000.000000	0.242377	0.869258	50.000000
12.000000	1000.000000	0.232303	0.833128	50.000000
12.000000	1000.000000	0.231284	0.829474	50.000000
13.000000	1000.000000	0.229528	0.823176	50.000000
13.000000	1000.000000	0.237346	0.851214	50.000000
13.000000	1000.000000	0.230945	0.828258	50.000000
13.000000	1000.000000	0.231931	0.831794	50.000000
13.000000	1000.000000	0.228665	0.820081	50.000000
13.000000	1000.000000	0.260512	0.934297	50.000000
13.000000	1000.000000	0.232866	0.835147	50.000000
13.000000	1000.000000	0.511780	1.835441	50.000000
13.000000	1000.000000	0.403168	1.445916	50.000000
13.000000	1000.000000	0.355764	1.275907	50.000000
14.000000	1000.000000	0.503283	1.804967	50.000000
14.000000	1000.000000	0.233412	0.837106	50.000000
14.000000	1000.000000	0.226878	0.813672	50.000000
14.000000	1000.000000	0.539717	1.935634	50.000000
14.000000	1000.000000	0.226407	0.811983	50.000000
14.000000	1000.000000	0.227094	0.814447	50.000000
14.000000	1000.000000	0.231303	0.829542	50.000000
14.000000	1000.000000	0.243043	0.871646	50.000000
14.000000	1000.000000	0.245158	0.879231	50.000000
14.000000	1000.000000	0.229088	0.821598	50.000000
15.000000	1000.000000	0.229916	0.824568	50.000000
15.000000	1000.000000	0.232109	0.832433	50.000000
15.000000	1000.000000	0.245186	0.879332	50.000000
15.000000	1000.000000	0.229478	0.822997	50.000000
15.000000	1000.000000	0.229326	0.822452	50.000000
15.000000	1000.000000	0.229216	0.822057	50.000000
15.000000	1000.000000	0.240330	0.861916	50.000000
15.000000	1000.000000	0.227610	0.816297	50.000000
15.000000	1000.000000	0.227232	0.814942	50.000000
15.000000	1000.000000	0.226870	0.813643	50.000000
16.000000	1000.000000	0.243280	0.872496	50.000000
16.000000	1000.000000	0.230052	0.825055	50.000000
16.000000	1000.000000	0.229781	0.824083	50.000000
16.000000	1000.000000	0.229389	0.822678	50.000000
16.000000	1000.000000	0.277423	0.994946	50.000000
16.000000	1000.000000	0.239555	0.859137	50.000000
16.000000	1000.000000	0.230018	0.824933	50.000000
16.000000	1000.000000	0.229626	0.823528	50.000000
16.000000	1000.000000	0.233036	0.835757	50.000000
16.000000	1000.000000	0.240818	0.863666	50.000000
1.000000	1000.000000	1.086932	1.000000	100.000000
1.000000	1000.000000	1.146026	1.000000	100.000000
1.000000	1000.000000	1.083959	1.000000	100.000000
1.000000	1000.000000	1.150739	1.000000	100.000000
1.000000	1000.000000	1.136660	1.000000	100.000000
1.000000	1000.000000	1.087775	1.000000	100.000000
1.000000	1000.000000	1.084050	1.000000	100.000000
1.000000	1000.000000	1.088150	1.000000	100.000000
1.000000	1000.000000	1.086451	1.000000	100.000000
1.000000	1000.000000	1.083373	1.000000	100.000000
2.000000	1000.000000	1.332708	1.207807	100.000000
2.000000	1000.000000	1.232798	1.117260	100.000000
2.000000	1000.000000	1.242375	1.125940	100.000000
2.000000	1000.000000	1.240030	1.123815	100.000000
2.000000	1000.000000	1.267909	1.149081	100.000000
2.000000	1000.000000	1.340075	1.214483	100.000000
2.000000	1000.000000	1.240272	1.124034	100.000000
2.000000	1000.000000	1.240330	1.124087	100.000000
2.000000	1000.000000	1.239541	1.123371	100.000000
2.000000	1000.000000	1.252759	1.135351	100.000000
3.000000	1000.000000	0.997627	0.904130	100.000000
3.000000	1000.000000	0.979300	0.887520	100.000000
3.000000	1000.000000	0.989432	0.896703	100.000000
3.000000	1000.000000	0.996747	0.903332	100.000000
3.000000	1000.000000	0.993510	0.900398	100.000000
3.000000	1000.000000	1.013748	0.918740	100.000000
3.000000	1000.000000	1.004703	0.910542	100.000000
3.000000	1000.000000	0.987343	0.894809	100.000000
3.000000	1000.000000	0.993900	0.900752	100.000000
3.000000	1000.000000	0.985611	0.893240	100.000000
4.000000	1000.000000	0.936098	0.848367	100.000000
4.000000	1000.000000	0.869762	0.788248	100.000000
4.000000	1000.000000	0.770514	0.698302	100.000000
4.000000	1000.000000	0.793891	0.719488	100.000000
4.000000	1000.000000	0.848200	0.768707	100.000000
4.000000	1000.000000	0.881497	0.798883	100.000000
4.000000	1000.000000	0.852932	0.772995	100.000000
4.000000	1000.000000	0.858427	0.777975	100.000000
4.000000	1000.000000	0.821050	0.744101	100.000000
4.000000	1000.000000	0.860479	0.779835	100.000000
5.000000	1000.000000	0.873209	0.791372	100.000000
5.000000	1000.000000	0.874315	0.792374	100.000000
5.000000	1000.000000	0.889693	0.806311	100.000000
5.000000	1000.000000	0.875739	0.793665	100.000000
5.000000	1000.000000	0.873054	0.791232	100.000000
5.000000	1000.000000	0.883131	0.800364	100.000000
5.000000	1000.000000	0.860416	0.779778	100.000000
5.000000	1000.000000	0.875806	0.793726	100.000000
5.000000	1000.000000	0.874560	0.792596	100.000000
5.000000	1000.000000	0.881483	0.798871	100.000000
6.000000	1000.000000	0.833851	0.755703	100.000000
6.000000	1000.000000	0.855853	0.775643	100.000000
6.000000	1000.000000	0.851196	0.771422	100.000000
6.000000	1000.000000	0.848630	0.769097	100.000000
6.000000	1000.000000	0.833007	0.754938	100.000000
6.000000	1000.000000	0.833101	0.755023	100.000000
6.000000	1000.000000	0.848680	0.769142	100.000000
6.000000	1000.000000	0.712241	0.645490	100.000000
6.000000	1000.000000	0.844683	0.765519	100.000000
6.000000	1000.000000	0.718736	0.651376	100.000000
7.000000	1000.000000	0.864760	0.783715	100.000000
7.000000	1000.000000	0.856707	0.776417	100.000000
7.000000	1000.000000	0.865908	0.784755	100.000000
7.000000	1000.000000	0.853618	0.773617	100.000000
7.000000	1000.000000	0.870606	0.789013	100.000000
7.000000	1000.000000	0.847489	0.768063	100.000000
7.000000	1000.000000	0.854614	0.774520	100.000000
7.000000	1000.000000	0.712244	0.645493	100.000000
7.000000	1000.000000	0.838780	0.760170	100.000000
7.000000	1000.000000	0.857583	0.777210	100.000000
8.000000	1000.000000	0.840833	0.762030	100.000000
8.000000	1000.000000	0.859374	0.778834	100.000000
8.000000	1000.000000	0.844947	0.765759	100.000000
8.000000	1000.000000	0.839289	0.760631	100.000000
8.000000	1000.000000	0.840608	0.761826	100.000000
8.000000	1000.000000	0.847503	0.768075	100.000000
8.000000	1000.000000	0.858997	0.778492	100.000000
8.000000	1000.000000	0.829381	0.751652	100.000000
8.000000	1000.000000	0.849041	0.769469	100.000000
8.000000	1000.000000	0.834107	0.755935	100.000000
9.000000	1000.000000	0.856687	0.776398	100.000000
9.000000	1000.000000	0.835806	0.757474	100.000000
9.000000	1000.000000	0.832949	0.754885	100.000000
9.000000	1000.000000	0.937734	0.849850	100.000000
9.000000	1000.000000	0.839453	0.760780	100.000000
9.000000	1000.000000	0.861847	0.781075	100.000000
9.000000	1000.000000	0.838204	0.759648	100.000000
9.000000	1000.000000	0.848683	0.769145	100.000000
9.000000	1000.000000	0.835047	0.756787	100.000000
9.000000	1000.000000	0.845970	0.766686	100.000000
10.000000	1000.000000	0.995985	0.902641	100.000000
10.000000	1000.000000	0.841274	0.762430	100.000000
10.000000	1000.000000	0.853216	0.773253	100.000000
10.000000	1000.000000	0.839732	0.761032	100.000000
10.000000	1000.000000	0.846507	0.767173	100.000000
10.000000	1000.000000	0.829101	0.751398	100.000000
10.000000	1000.000000	0.829357	0.751630	100.000000
10.000000	1000.000000	0.832094	0.754110	100.000000
10.000000	1000.000000	0.846861	0.767493	100.000000
10.000000	1000.000000	0.842917	0.763919	100.000000
11.000000	1000.000000	0.843973	0.764876	100.000000
11.000000	1000.000000	0.838527	0.759940	100.000000
11.000000	1000.000000	0.821163	0.744204	100.000000
11.000000	1000.000000	0.827153	0.749632	100.000000
11.000000	1000.000000	0.838280	0.759717	100.000000
11.000000	1000.000000	0.841536	0.762667	100.000000
11.000000	1000.000000	0.834221	0.756038	100.000000
11.000000	1000.000000	1.012986	0.918049	100.000000
11.000000	1000.000000	0.847263	0.767858	100.000000
11.000000	1000.000000	0.841107	0.762279	100.000000
12.000000	1000.000000	0.840658	0.761872	100.000000
12.000000	1000.000000	0.846742	0.767386	100.000000
12.000000	1000.000000	0.828694	0.751029	100.000000
12.000000	1000.000000	0.840037	0.761309	100.000000
12.000000	1000.000000	0.957353	0.867630	100.000000
12.000000	1000.000000	0.838935	0.760310	100.000000
12.000000	1000.000000	0.825178	0.747842	100.000000
12.000000	1000.000000	0.839841	0.761131	100.000000
12.000000	1000.000000	0.862211	0.781405	100.000000
12.000000	1000.000000	0.843268	0.764237	100.000000
13.000000	1000.000000	0.849957	0.770299	100.000000
13.000000	1000.000000	0.843387	0.764345	100.000000
13.000000	1000.000000	0.830747	0.752890	100.000000
13.000000	1000.000000	0.842905	0.763908	100.000000
13.000000	1000.000000	0.833811	0.755666	100.000000
13.000000	1000.000000	0.848619	0.769087	100.000000
13.000000	1000.000000	0.834646	0.756423	100.000000
13.000000	1000.000000	0.839502	0.760824	100.000000
13.000000	1000.000000	0.827875	0.750287	100.000000
13.000000	1000.000000	0.944569	0.856044	100.000000
14.000000	1000.000000	0.855600	0.775413	100.000000
14.000000	1000.000000	0.836787	0.758363	100.000000
14.000000	1000.000000	0.857919	0.777515	100.000000
14.000000	1000.000000	0.841505	0.762639	100.000000
14.000000	1000.000000	0.860972	0.780282	100.000000
14.000000	1000.000000	0.838787	0.760176	100.000000
14.000000	1000.000000	0.831843	0.753883	100.000000
14.000000	1000.000000	0.850311	0.770620	100.000000
14.000000	1000.000000	0.843153	0.764133	100.000000
14.000000	1000.000000	0.854748	0.774641	100.000000
15.000000	1000.000000	0.838952	0.760326	100.000000
15.000000	1000.000000	0.861802	0.781034	100.000000
15.000000	1000.000000	0.836475	0.758081	100.000000
15.000000	1000.000000	0.836693	0.758278	100.000000
15.000000	1000.000000	0.868690	0.787277	100.000000
15.000000	1000.000000	0.842890	0.763895	100.000000
15.000000	1000.000000	0.847460	0.768036	100.000000
15.000000	1000.000000	0.839184	0.760536	100.000000
15.000000	1000.000000	0.844852	0.765673	100.000000
15.000000	1000.000000	0.836444	0.758053	100.000000
16.000000	1000.000000	0.907572	0.822515	100.000000
16.000000	1000.000000	0.944223	0.855731	100.000000
16.000000	1000.000000	0.844814	0.765638	100.000000
16.000000	1000.000000	0.862361	0.781541	100.000000
16.000000	1000.000000	0.844971	0.765780	100.000000
16.000000	1000.000000	0.871264	0.789609	100.000000
16.000000	1000.000000	0.838998	0.760367	100.000000
16.000000	1000.000000	0.839875	0.761162	100.000000
16.000000	1000.000000	0.881081	0.798506	100.000000
16.000000	1000.000000	0.844938	0.765751	100.000000
1.000000	1000.000000	4.577497	1.000000	200.000000
1.000000	1000.000000	4.344961	1.000000	200.000000
1.000000	1000.000000	4.388193	1.000000	200.000000
1.000000	1000.000000	4.550279	1.000000	200.000000
1.000000	1000.000000	4.384195	1.000000	200.000000
1.000000	1000.000000	4.328793	1.000000	200.000000
1.000000	1000.000000	4.329777	1.000000	200.000000
1.000000	1000.000000	4.372195	1.000000	200.000000
1.000000	1000.000000	4.377521	1.000000	200.000000
1.000000	1000.000000	4.439720	1.000000	200.000000
2.000000	1000.000000	5.010597	1.136367	200.000000
2.000000	1000.000000	4.613864	1.046391	200.000000
2.000000	1000.000000	4.751391	1.077581	200.000000
2.000000	1000.000000	4.711769	1.068595	200.000000
2.000000	1000.000000	4.702403	1.066471	200.000000
2.000000	1000.000000	4.957890	1.124413	200.000000
2.000000	1000.000000	4.639722	1.052255	200.000000
2.000000	1000.000000	4.738997	1.074770	200.000000
2.000000	1000.000000	4.925630	1.117097	200.000000
2.000000	1000.000000	4.680742	1.061558	200.000000
3.000000	1000.000000	3.730907	0.846142	200.000000
3.000000	1000.000000	3.735441	0.847171	200.000000
3.000000	1000.000000	3.646205	0.826933	200.000000
3.000000	1000.000000	3.755884	0.851807	200.000000
3.000000	1000.000000	3.589560	0.814086	200.000000
3.000000	1000.000000	3.675272	0.833525	200.000000
3.000000	1000.000000	3.750348	0.850552	200.000000
3.000000	1000.000000	3.656438	0.829253	200.000000
3.000000	1000.000000	3.611218	0.818998	200.000000
3.000000	1000.000000	3.551738	0.805508	200.000000
4.000000	1000.000000	3.410588	0.773496	200.000000
4.000000	1000.000000	3.076805	0.697797	200.000000
4.000000	1000.000000	3.239943	0.734795	200.000000
4.000000	1000.000000	3.186293	0.722628	200.000000
4.000000	1000.000000	3.244111	0.735741	200.000000
4.000000	1000.000000	3.399667	0.771020	200.000000
4.000000	1000.000000	3.270409	0.741705	200.000000
4.000000	1000.000000	3.473949	0.787866	200.000000
4.000000	1000.000000	3.193155	0.724184	200.000000
4.000000	1000.000000	3.211340	0.728308	200.000000
5.000000	1000.000000	3.259713	0.739279	200.000000
5.000000	1000.000000	3.190522	0.723587	200.000000
5.000000	1000.000000	3.178538	0.720869	200.000000
5.000000	1000.000000	3.215189	0.729181	200.000000
5.000000	1000.000000	3.186317	0.722633	200.000000
5.000000	1000.000000	3.304948	0.749538	200.000000
5.000000	1000.000000	3.309568	0.750586	200.000000
5.000000	1000.000000	3.311238	0.750965	200.000000
5.000000	1000.000000	3.309301	0.750525	200.000000
5.000000	1000.000000	3.339161	0.757297	200.000000
6.000000	1000.000000	3.188701	0.723174	200.000000
6.000000	1000.000000	3.089269	0.700624	200.000000
6.000000	1000.000000	3.187325	0.722862	200.000000
6.000000	1000.000000	3.256647	0.738584	200.000000
6.000000	1000.000000	3.048854	0.691458	200.000000
6.000000	1000.000000	3.017712	0.684395	200.000000
6.000000	1000.000000	3.119022	0.707371	200.000000
6.000000	1000.000000	3.227328	0.731934	200.000000
6.000000	1000.000000	3.196481	0.724939	200.000000
6.000000	1000.000000	3.165629	0.717942	200.000000
7.000000	1000.000000	3.170101	0.718956	200.000000
7.000000	1000.000000	3.066973	0.695567	200.000000
7.000000	1000.000000	3.103707	0.703898	200.000000
7.000000	1000.000000	3.249202	0.736895	200.000000
7.000000	1000.000000	3.056407	0.693171	200.000000
7.000000	1000.000000	3.299428	0.748286	200.000000
7.000000	1000.000000	3.273985	0.742516	200.000000
7.000000	1000.000000	3.272526	0.742185	200.000000
7.000000	1000.000000	3.225364	0.731489	200.000000
7.000000	1000.000000	3.277663	0.743350	200.000000
8.000000	1000.000000	3.210603	0.728141	200.000000
8.000000	1000.000000	3.250705	0.737236	200.000000
8.000000	1000.000000	3.161524	0.717011	200.000000
8.000000	1000.000000	3.246287	0.736234	200.000000
8.000000	1000.000000	3.244701	0.735874	200.000000
8.000000	1000.000000	3.233182	0.733262	200.000000
8.000000	1000.000000	3.262700	0.739957	200.000000
8.000000	1000.000000	3.284603	0.744924	200.000000
8.000000	1000.000000	3.288767	0.745868	200.000000
8.000000	1000.000000	3.281322	0.744180	200.000000
9.000000	1000.000000	3.228318	0.732159	200.000000
9.000000	1000.000000	3.223838	0.731143	200.000000
9.000000	1000.000000	3.225146	0.731440	200.000000
9.000000	1000.000000	3.220162	0.730309	200.000000
9.000000	1000.000000	3.226569	0.731762	200.000000
9.000000	1000.000000	3.245805	0.736125	200.000000
9.000000	1000.000000	3.232285	0.733059	200.000000
9.000000	1000.000000	3.213853	0.728878	200.000000
9.000000	1000.000000	3.237622	0.734269	200.000000
9.000000	1000.000000	3.217248	0.729648	200.000000
10.000000	1000.000000	3.219060	0.730059	200.000000
10.000000	1000.000000	3.558818	0.807114	200.000000
10.000000	1000.000000	3.330547	0.755344	200.000000
10.000000	1000.000000	3.320133	0.752982	200.000000
10.000000	1000.000000	3.240367	0.734892	200.000000
10.000000	1000.000000	3.229836	0.732503	200.000000
10.000000	1000.000000	3.221259	0.730558	200.000000
10.000000	1000.000000	3.609887	0.818696	200.000000
10.000000	1000.000000	3.209494	0.727890	200.000000
10.000000	1000.000000	3.210757	0.728176	200.000000
11.000000	1000.000000	3.243413	0.735582	200.000000
11.000000	1000.000000	3.231542	0.732890	200.000000
11.000000	1000.000000	3.218132	0.729849	200.000000
11.000000	1000.000000	3.206291	0.727163	200.000000
11.000000	1000.000000	3.234031	0.733455	200.000000
11.000000	1000.000000	3.219368	0.730129	200.000000
11.000000	1000.000000	3.225116	0.731433	200.000000
11.000000	1000.000000	3.298006	0.747964	200.000000
11.000000	1000.000000	3.212467	0.728564	200.000000
11.000000	1000.000000	3.300138	0.748447	200.000000
12.000000	1000.000000	3.396979	0.770410	200.000000
12.000000	1000.000000	3.203198	0.726462	200.000000
12.000000	1000.000000	3.256295	0.738504	200.000000
12.000000	1000.000000	3.255373	0.738295	200.000000
12.000000	1000.000000	3.224707	0.731340	200.000000
12.000000	1000.000000	3.234049	0.733459	200.000000
12.000000	1000.000000	3.233041	0.733230	200.000000
12.000000	1000.000000	3.240552	0.734934	200.000000
12.000000	1000.000000	3.210620	0.728145	200.000000
12.000000	1000.000000	3.317269	0.752332	200.000000
13.000000	1000.000000	3.238589	0.734488	200.000000
13.000000	1000.000000	3.229842	0.732505	200.000000
13.000000	1000.000000	3.247262	0.736455	200.000000
13.000000	1000.000000	3.223680	0.731107	200.000000
13.000000	1000.000000	3.345402	0.758713	200.000000
13.000000	1000.000000	3.212598	0.728594	200.000000
13.000000	1000.000000	3.251537	0.737425	200.000000
13.000000	1000.000000	3.229826	0.732501	200.000000
13.000000	1000.000000	3.404704	0.772162	200.000000
13.000000	1000.000000	3.251893	0.737506	200.000000
14.000000	1000.000000	3.239520	0.734699	200.000000
14.000000	1000.000000	3.272474	0.742173	200.000000
14.000000	1000.000000	3.290069	0.746164	200.000000
14.000000	1000.000000	3.271893	0.742041	200.000000
14.000000	1000.000000	3.264088	0.740271	200.000000
14.000000	1000.000000	3.493054	0.792199	200.000000
14.000000	1000.000000	3.579571	0.811821	200.000000
14.000000	1000.000000	3.285594	0.745149	200.000000
14.000000	1000.000000	3.244104	0.735739	200.000000
14.000000	1000.000000	3.258938	0.739103	200.000000
15.000000	1000.000000	3.290074	0.746165	200.000000
15.000000	1000.000000	3.265652	0.740626	200.000000
15.000000	1000.000000	3.257950	0.738879	200.000000
15.000000	1000.000000	3.279679	0.743807	200.000000
15.000000	1000.000000	3.268996	0.741384	200.000000
15.000000	1000.000000	3.271005	0.741840	200.000000
15.000000	1000.000000	3.278891	0.743629	200.000000
15.000000	1000.000000	3.277117	0.743226	200.000000
15.000000	1000.000000	3.266698	0.740863	200.000000
15.000000	1000.000000	3.269357	0.741466	200.000000
16.000000	1000.000000	3.289105	0.745945	200.000000
16.000000	1000.000000	3.301005	0.748644	200.000000
16.000000	1000.000000	3.274332	0.742595	200.000000
16.000000	1000.000000	3.287006	0.745469	200.000000
16.000000	1000.000000	3.285714	0.745176	200.000000
16.000000	1000.000000	3.289797	0.746102	200.000000
16.000000	1000.000000	3.280861	0.744075	200.000000
16.000000	1000.000000	3.323202	0.753678	200.000000
16.000000	1000.000000	3.357705	0.761503	200.000000
16.000000	1000.000000	3.289302	0.745990	200.000000
1.000000	1000.000000	27.624729	1.000000	500.000000
1.000000	1000.000000	27.098178	1.000000	500.000000
1.000000	1000.000000	27.213571	1.000000	500.000000
1.000000	1000.000000	27.167651	1.000000	500.000000
1.000000	1000.000000	27.173629	1.000000	500.000000
1.000000	1000.000000	27.152860	1.000000	500.000000
1.000000	1000.000000	27.108280	1.000000	500.000000
1.000000	1000.000000	27.101365	1.000000	500.000000
1.000000	1000.000000	27.104507	1.000000	500.000000
1.000000	1000.000000	27.125815	1.000000	500.000000
2.000000	1000.000000	28.303842	1.041078	500.000000
2.000000	1000.000000	28.726934	1.056640	500.000000
2.000000	1000.000000	28.320244	1.041681	500.000000
2.000000	1000.000000	27.878104	1.025418	500.000000
2.000000	1000.000000	28.055862	1.031957	500.000000
2.000000	1000.000000	27.491250	1.011189	500.000000
2.000000	1000.000000	28.713831	1.056158	500.000000
2.000000	1000.000000	28.399175	1.044584	500.000000
2.000000	1000.000000	27.677386	1.018035	500.000000
2.000000	1000.000000	27.549744	1.013340	500.000000
3.000000	1000.000000	20.909646	0.769103	500.000000
3.000000	1000.000000	21.043668	0.774033	500.000000
3.000000	1000.000000	20.997169	0.772322	500.000000
3.000000	1000.000000	20.765698	0.763808	500.000000
3.000000	1000.000000	20.970761	0.771351	500.000000
3.000000	1000.000000	21.298282	0.783398	500.000000
3.000000	1000.000000	20.954715	0.770761	500.000000
3.000000	1000.000000	20.819687	0.765794	500.000000
3.000000	1000.000000	20.836730	0.766421	500.000000
3.000000	1000.000000	20.742671	0.762961	500.000000
4.000000	1000.000000	18.464144	0.679152	500.000000
4.000000	1000.000000	18.921754	0.695984	500.000000
4.000000	1000.000000	19.107413	0.702813	500.000000
4.000000	1000.000000	18.738692	0.689250	500.000000
4.000000	1000.000000	18.913086	0.695665	500.000000
4.000000	1000.000000	19.159711	0.704736	500.000000
4.000000	1000.000000	19.059074	0.701035	500.000000
4.000000	1000.000000	19.026758	0.699846	500.000000
4.000000	1000.000000	19.192973	0.705960	500.000000
4.000000	1000.000000	19.298447	0.709839	500.000000
5.000000	1000.000000	19.289765	0.709520	500.000000
5.000000	1000.000000	19.349793	0.711728	500.000000
5.000000	1000.000000	19.359498	0.712085	500.000000
5.000000	1000.000000	19.449724	0.715404	500.000000
5.000000	1000.000000	19.344788	0.711544	500.000000
5.000000	1000.000000	19.320284	0.710643	500.000000
5.000000	1000.000000	19.203778	0.706357	500.000000
5.000000	1000.000000	19.387678	0.713122	500.000000
5.000000	1000.000000	19.462182	0.715862	500.000000
5.000000	1000.000000	19.269263	0.708766	500.000000
6.000000	1000.000000	19.281084	0.709201	500.000000
6.000000	1000.000000	19.226512	0.707194	500.000000
6.000000	1000.000000	19.172256	0.705198	500.000000
6.000000	1000.000000	19.344340	0.711528	500.000000
6.000000	1000.000000	19.384691	0.713012	500.000000
6.000000	1000.000000	19.313356	0.710388	500.000000
6.000000	1000.000000	19.181337	0.705532	500.000000
6.000000	1000.000000	19.199093	0.706185	500.000000
6.000000	1000.000000	19.260907	0.708459	500.000000
6.000000	1000.000000	19.311162	0.710307	500.000000
7.000000	1000.000000	19.630679	0.722060	500.000000
7.000000	1000.000000	19.148907	0.704339	500.000000
7.000000	1000.000000	19.626277	0.721898	500.000000
7.000000	1000.000000	19.492403	0.716974	500.000000
7.000000	1000.000000	19.563112	0.719574	500.000000
7.000000	1000.000000	19.036061	0.700188	500.000000
7.000000	1000.000000	19.644022	0.722550	500.000000
7.000000	1000.000000	19.476549	0.716390	500.000000
7.000000	1000.000000	19.239606	0.707675	500.000000
7.000000	1000.000000	19.355588	0.711941	500.000000
8.000000	1000.000000	19.501257	0.717299	500.000000
8.000000	1000.000000	19.197159	0.706114	500.000000
8.000000	1000.000000	19.405342	0.713771	500.000000
8.000000	1000.000000	19.609736	0.721289	500.000000
8.000000	1000.000000	19.355793	0.711949	500.000000
8.000000	1000.000000	19.585015	0.720380	500.000000
8.000000	1000.000000	19.931169	0.733112	500.000000
8.000000	1000.000000	20.147057	0.741053	500.000000
8.000000	1000.000000	19.488698	0.716837	500.000000
8.000000	1000.000000	19.616059	0.721522	500.000000
9.000000	1000.000000	19.498030	0.717181	500.000000
9.000000	1000.000000	19.703746	0.724747	500.000000
9.000000	1000.000000	19.567527	0.719737	500.000000
9.000000	1000.000000	19.607655	0.721213	500.000000
9.000000	1000.000000	19.553464	0.719220	500.000000
9.000000	1000.000000	19.625441	0.721867	500.000000
9.000000	1000.000000	19.646928	0.722657	500.000000
9.000000	1000.000000	19.640979	0.722439	500.000000
9.000000	1000.000000	19.836319	0.729624	500.000000
9.000000	1000.000000	19.543897	0.718868	500.000000
10.000000	1000.000000	19.562107	0.719537	500.000000
10.000000	1000.000000	19.499531	0.717236	500.000000
10.000000	1000.000000	19.551990	0.719165	500.000000
10.000000	1000.000000	19.509378	0.717598	500.000000
10.000000	1000.000000	19.626223	0.721896	500.000000
10.000000	1000.000000	19.732259	0.725796	500.000000
10.000000	1000.000000	19.366965	0.712360	500.000000
10.000000	1000.000000	19.536834	0.718608	500.000000
10.000000	1000.000000	19.679398	0.723852	500.000000
10.000000	1000.000000	19.548705	0.719045	500.000000
11.000000	1000.000000	19.610417	0.721314	500.000000
11.000000	1000.000000	19.473852	0.716291	500.000000
11.000000	1000.000000	19.528963	0.718318	500.000000
11.000000	1000.000000	19.405543	0.713779	500.000000
11.000000	1000.000000	19.470443	0.716166	500.000000
11.000000	1000.000000	19.428163	0.714611	500.000000
11.000000	1000.000000	19.555852	0.719307	500.000000
11.000000	1000.000000	19.488561	0.716832	500.000000
11.000000	1000.000000	19.552629	0.719189	500.000000
11.000000	1000.000000	19.391421	0.713259	500.000000
12.000000	1000.000000	19.360814	0.712133	500.000000
12.000000	1000.000000	19.282037	0.709236	500.000000
12.000000	1000.000000	19.279549	0.709144	500.000000
12.000000	1000.000000	19.291830	0.709596	500.000000
12.000000	1000.000000	19.323231	0.710751	500.000000
12.000000	1000.000000	19.212416	0.706675	500.000000
12.000000	1000.000000	19.373058	0.712584	500.000000
12.000000	1000.000000	19.294438	0.709692	500.000000
12.000000	1000.000000	19.322299	0.710717	500.000000
12.000000	1000.000000	19.539079	0.718690	500.000000
13.000000	1000.000000	19.412344	0.714029	500.000000
13.000000	1000.000000	19.578828	0.720152	500.000000
13.000000	1000.000000	19.637969	0.722328	500.000000
13.000000	1000.000000	19.563351	0.719583	500.000000
13.000000	1000.000000	19.467165	0.716045	500.000000
13.000000	1000.000000	19.555866	0.719308	500.000000
13.000000	1000.000000	19.551887	0.719162	500.000000
13.000000	1000.000000	19.528212	0.718291	500.000000
13.000000	1000.000000	19.588839	0.720521	500.000000
13.000000	1000.000000	19.506549	0.717494	500.000000
14.000000	1000.000000	19.781984	0.727625	500.000000
14.000000	1000.000000	19.723845	0.725487	500.000000
14.000000	1000.000000	19.666557	0.723379	500.000000
14.000000	1000.000000	19.712967	0.725086	500.000000
14.000000	1000.000000	19.747907	0.726372	500.000000
14.000000	1000.000000	19.716120	0.725202	500.000000
14.000000	1000.000000	19.696110	0.724466	500.000000
14.000000	1000.000000	19.858020	0.730422	500.000000
14.000000	1000.000000	19.819291	0.728997	500.000000
14.000000	1000.000000	19.712572	0.725072	500.000000
15.000000	1000.000000	19.696460	0.724479	500.000000
15.000000	1000.000000	19.741023	0.726118	500.000000
15.000000	1000.000000	19.744624	0.726251	500.000000
15.000000	1000.000000	19.735457	0.725914	500.000000
15.000000	1000.000000	19.700855	0.724641	500.000000
15.000000	1000.000000	19.761924	0.726887	500.000000
15.000000	1000.000000	19.764412	0.726979	500.000000
15.000000	1000.000000	19.765286	0.727011	500.000000
15.000000	1000.000000	19.811057	0.728694	500.000000
15.000000	1000.000000	19.742114	0.726159	500.000000
16.000000	1000.000000	19.774036	0.727333	500.000000
16.000000	1000.000000	19.812267	0.728739	500.000000
16.000000	1000.000000	19.793299	0.728041	500.000000
16.000000	1000.000000	19.792064	0.727996	500.000000
16.000000	1000.000000	19.814219	0.728811	500.000000
16.000000	1000.000000	19.772801	0.727287	500.000000
16.000000	1000.000000	19.768123	0.727115	500.000000
16.000000	1000.000000	19.742656	0.726178	500.000000
16.000000	1000.000000	19.791918	0.727990	500.000000
16.000000	1000.000000	19.790415	0.727935	500.000000
