0.0	2.100000	10000.000000	37.695057
1.0	2.100000	10000.000000	0.588861
0.0	2.102500	10000.000000	35.544878
1.0	2.102500	10000.000000	0.528650
0.0	2.105000	10000.000000	45.193494
1.0	2.105000	10000.000000	0.628552
0.0	2.107500	10000.000000	37.223752
1.0	2.107500	10000.000000	0.600542
0.0	2.110000	10000.000000	36.421043
1.0	2.110000	10000.000000	0.565462
0.0	2.112500	10000.000000	33.965551
1.0	2.112500	10000.000000	0.522899
0.0	2.115000	10000.000000	38.114636
1.0	2.115000	10000.000000	0.667250
0.0	2.117500	10000.000000	21.414571
1.0	2.117500	10000.000000	0.385051
0.0	2.120000	10000.000000	21.460171
1.0	2.120000	10000.000000	0.383871
0.0	2.122500	10000.000000	21.328117
1.0	2.122500	10000.000000	0.350185
0.0	2.125000	10000.000000	21.215079
1.0	2.125000	10000.000000	0.366811
0.0	2.127500	10000.000000	21.381975
1.0	2.127500	10000.000000	0.448786
0.0	2.130000	10000.000000	21.545071
1.0	2.130000	10000.000000	0.390121
0.0	2.132500	10000.000000	21.459757
1.0	2.132500	10000.000000	0.369693
0.0	2.135000	10000.000000	21.320334
1.0	2.135000	10000.000000	0.360722
0.0	2.137500	10000.000000	21.479174
1.0	2.137500	10000.000000	0.369236
0.0	2.140000	10000.000000	21.301316
1.0	2.140000	10000.000000	0.389479
0.0	2.142500	10000.000000	21.463346
1.0	2.142500	10000.000000	0.409133
0.0	2.145000	10000.000000	21.317471
1.0	2.145000	10000.000000	0.422084
0.0	2.147500	10000.000000	38.213177
1.0	2.147500	10000.000000	0.610917
0.0	2.150000	10000.000000	38.193312
1.0	2.150000	10000.000000	0.631519
0.0	2.152500	10000.000000	36.673888
1.0	2.152500	10000.000000	0.564711
0.0	2.155000	10000.000000	39.276726
1.0	2.155000	10000.000000	0.589420
0.0	2.157500	10000.000000	37.308992
1.0	2.157500	10000.000000	0.601809
0.0	2.160000	10000.000000	36.560136
1.0	2.160000	10000.000000	0.588779
0.0	2.162500	10000.000000	35.351735
1.0	2.162500	10000.000000	0.634769
0.0	2.165000	10000.000000	38.611074
1.0	2.165000	10000.000000	0.648429
0.0	2.167500	10000.000000	40.863120
1.0	2.167500	10000.000000	0.575388
0.0	2.170000	10000.000000	34.006089
1.0	2.170000	10000.000000	0.580044
0.0	2.172500	10000.000000	35.259540
1.0	2.172500	10000.000000	0.559854
0.0	2.175000	10000.000000	36.140547
1.0	2.175000	10000.000000	0.570316
0.0	2.177500	10000.000000	36.673061
1.0	2.177500	10000.000000	0.543051
0.0	2.180000	10000.000000	38.266797
1.0	2.180000	10000.000000	0.597821
0.0	2.182500	10000.000000	36.611963
1.0	2.182500	10000.000000	0.624929
0.0	2.185000	10000.000000	38.576134
1.0	2.185000	10000.000000	0.597029
0.0	2.187500	10000.000000	37.600504
1.0	2.187500	10000.000000	0.657677
0.0	2.190000	10000.000000	35.056202
1.0	2.190000	10000.000000	0.511871
0.0	2.192500	10000.000000	38.159380
1.0	2.192500	10000.000000	0.630627
0.0	2.195000	10000.000000	37.106986
1.0	2.195000	10000.000000	0.518370
0.0	2.197500	10000.000000	37.857648
1.0	2.197500	10000.000000	0.687768
0.0	2.200000	10000.000000	39.897093
1.0	2.200000	10000.000000	0.572808
0.0	2.202500	10000.000000	35.679859
1.0	2.202500	10000.000000	0.554049
0.0	2.205000	10000.000000	36.978774
1.0	2.205000	10000.000000	0.565420
0.0	2.207500	10000.000000	36.503125
1.0	2.207500	10000.000000	0.482587
0.0	2.210000	10000.000000	38.272374
1.0	2.210000	10000.000000	0.574894
0.0	2.212500	10000.000000	38.541678
1.0	2.212500	10000.000000	0.695672
0.0	2.215000	10000.000000	36.449077
1.0	2.215000	10000.000000	0.503268
0.0	2.217500	10000.000000	33.724238
1.0	2.217500	10000.000000	0.582578
0.0	2.220000	10000.000000	37.238283
1.0	2.220000	10000.000000	0.593827
0.0	2.222500	10000.000000	36.249394
1.0	2.222500	10000.000000	0.638696
0.0	2.225000	10000.000000	35.395469
1.0	2.225000	10000.000000	0.623290
0.0	2.227500	10000.000000	34.718196
1.0	2.227500	10000.000000	0.515609
0.0	2.230000	10000.000000	36.815047
1.0	2.230000	10000.000000	0.619685
0.0	2.232500	10000.000000	35.937217
1.0	2.232500	10000.000000	0.521114
0.0	2.235000	10000.000000	35.793221
1.0	2.235000	10000.000000	0.640060
0.0	2.237500	10000.000000	37.227890
1.0	2.237500	10000.000000	0.629072
0.0	2.240000	10000.000000	35.886012
1.0	2.240000	10000.000000	0.558857
0.0	2.242500	10000.000000	35.440621
1.0	2.242500	10000.000000	0.542098
0.0	2.245000	10000.000000	34.191380
1.0	2.245000	10000.000000	0.571938
0.0	2.247500	10000.000000	35.955492
1.0	2.247500	10000.000000	0.527049
0.0	2.250000	10000.000000	34.536916
1.0	2.250000	10000.000000	0.537989
0.0	2.252500	10000.000000	32.389188
1.0	2.252500	10000.000000	0.693130
0.0	2.255000	10000.000000	36.307554
1.0	2.255000	10000.000000	0.510550
0.0	2.257500	10000.000000	37.715417
1.0	2.257500	10000.000000	0.606018
0.0	2.260000	10000.000000	35.600210
1.0	2.260000	10000.000000	0.543395
0.0	2.262500	10000.000000	33.722351
1.0	2.262500	10000.000000	0.611034
0.0	2.265000	10000.000000	36.647005
1.0	2.265000	10000.000000	0.639973
0.0	2.267500	10000.000000	34.593603
1.0	2.267500	10000.000000	0.639794
0.0	2.270000	10000.000000	36.925666
1.0	2.270000	10000.000000	0.563823
0.0	2.272500	10000.000000	35.554013
1.0	2.272500	10000.000000	0.610536
0.0	2.275000	10000.000000	36.176427
1.0	2.275000	10000.000000	0.547204
0.0	2.277500	10000.000000	35.459497
1.0	2.277500	10000.000000	0.623414
0.0	2.280000	10000.000000	36.137126
1.0	2.280000	10000.000000	0.609046
0.0	2.282500	10000.000000	37.923544
1.0	2.282500	10000.000000	0.635389
0.0	2.285000	10000.000000	36.334760
1.0	2.285000	10000.000000	0.608868
0.0	2.287500	10000.000000	33.651124
1.0	2.287500	10000.000000	0.610300
0.0	2.290000	10000.000000	33.127533
1.0	2.290000	10000.000000	0.615048
0.0	2.292500	10000.000000	33.412333
1.0	2.292500	10000.000000	0.644598
0.0	2.295000	10000.000000	35.797133
1.0	2.295000	10000.000000	0.565409
0.0	2.297500	10000.000000	35.187020
1.0	2.297500	10000.000000	0.532976
0.0	2.300000	10000.000000	36.472846
1.0	2.300000	10000.000000	0.631794
0.0	2.302500	10000.000000	35.118412
1.0	2.302500	10000.000000	0.675733
0.0	2.305000	10000.000000	36.022522
1.0	2.305000	10000.000000	0.529968
0.0	2.307500	10000.000000	33.984791
1.0	2.307500	10000.000000	0.590197
0.0	2.310000	10000.000000	36.019152
1.0	2.310000	10000.000000	0.562823
0.0	2.312500	10000.000000	34.174814
1.0	2.312500	10000.000000	0.505149
0.0	2.315000	10000.000000	34.867973
1.0	2.315000	10000.000000	0.512048
0.0	2.317500	10000.000000	35.355623
1.0	2.317500	10000.000000	0.522504
0.0	2.320000	10000.000000	37.021505
1.0	2.320000	10000.000000	0.529500
0.0	2.322500	10000.000000	36.115674
1.0	2.322500	10000.000000	0.672299
0.0	2.325000	10000.000000	33.998663
1.0	2.325000	10000.000000	0.622780
0.0	2.327500	10000.000000	36.220829
1.0	2.327500	10000.000000	0.484345
0.0	2.330000	10000.000000	36.527283
1.0	2.330000	10000.000000	0.611849
0.0	2.332500	10000.000000	35.523906
1.0	2.332500	10000.000000	0.554907
0.0	2.335000	10000.000000	34.926508
1.0	2.335000	10000.000000	0.697829
0.0	2.337500	10000.000000	35.816938
1.0	2.337500	10000.000000	0.697363
0.0	2.340000	10000.000000	36.812752
1.0	2.340000	10000.000000	0.694610
0.0	2.342500	10000.000000	35.820893
1.0	2.342500	10000.000000	0.650596
0.0	2.345000	10000.000000	35.423713
1.0	2.345000	10000.000000	0.584004
0.0	2.347500	10000.000000	35.177449
1.0	2.347500	10000.000000	0.638962
2.0	-1.0	10000.000000	56.702811
3.0	-1.0	10000.000000	3448.706910
4.0	-1.0	10000.000000	5287.829743
