1.000000	1000.000000	0.016589	1.000000	10.000000
2.000000	1000.000000	0.012933	0.779613	10.000000
3.000000	1000.000000	0.024892	1.500512	10.000000
4.000000	1000.000000	0.026930	1.623365	10.000000
5.000000	1000.000000	0.025200	1.519079	10.000000
6.000000	1000.000000	0.029289	1.765568	10.000000
7.000000	1000.000000	0.030315	1.827416	10.000000
8.000000	1000.000000	0.033405	2.013684	10.000000
9.000000	1000.000000	0.035325	2.129423	10.000000
1.000000	1000.000000	0.017340	1.000000	10.000000
2.000000	1000.000000	0.012933	0.745848	10.000000
3.000000	1000.000000	0.020982	1.210035	10.000000
4.000000	1000.000000	0.024251	1.398558	10.000000
5.000000	1000.000000	0.024759	1.427855	10.000000
6.000000	1000.000000	0.028768	1.659054	10.000000
7.000000	1000.000000	0.029280	1.688581	10.000000
8.000000	1000.000000	0.030601	1.764764	10.000000
9.000000	1000.000000	0.031734	1.830104	10.000000
1.000000	1000.000000	0.013544	1.000000	10.000000
2.000000	1000.000000	0.010079	0.744167	10.000000
3.000000	1000.000000	0.018283	1.349897	10.000000
4.000000	1000.000000	0.021289	1.571840	10.000000
5.000000	1000.000000	0.022029	1.626477	10.000000
6.000000	1000.000000	0.025802	1.905050	10.000000
7.000000	1000.000000	0.027093	2.000369	10.000000
8.000000	1000.000000	0.030409	2.245201	10.000000
9.000000	1000.000000	0.031696	2.340224	10.000000
1.000000	1000.000000	0.012885	1.000000	10.000000
2.000000	1000.000000	0.010088	0.782926	10.000000
3.000000	1000.000000	0.017505	1.358556	10.000000
4.000000	1000.000000	0.021335	1.655801	10.000000
5.000000	1000.000000	0.021468	1.666123	10.000000
6.000000	1000.000000	0.031239	2.424447	10.000000
7.000000	1000.000000	0.027516	2.135506	10.000000
8.000000	1000.000000	0.035803	2.778657	10.000000
9.000000	1000.000000	0.031429	2.439193	10.000000
1.000000	1000.000000	0.013374	1.000000	10.000000
2.000000	1000.000000	0.009779	0.731195	10.000000
3.000000	1000.000000	0.021012	1.571108	10.000000
4.000000	1000.000000	0.020082	1.501570	10.000000
5.000000	1000.000000	0.021349	1.596306	10.000000
6.000000	1000.000000	0.022354	1.671452	10.000000
7.000000	1000.000000	0.026151	1.955361	10.000000
8.000000	1000.000000	0.024539	1.834829	10.000000
9.000000	1000.000000	0.026660	1.993420	10.000000
1.000000	1000.000000	0.013369	1.000000	10.000000
2.000000	1000.000000	0.010146	0.758920	10.000000
3.000000	1000.000000	0.017180	1.285062	10.000000
4.000000	1000.000000	0.017992	1.345800	10.000000
5.000000	1000.000000	0.021031	1.573117	10.000000
6.000000	1000.000000	0.021944	1.641409	10.000000
7.000000	1000.000000	0.025522	1.909043	10.000000
8.000000	1000.000000	0.023467	1.755329	10.000000
9.000000	1000.000000	0.027342	2.045179	10.000000
1.000000	1000.000000	0.014017	1.000000	10.000000
2.000000	1000.000000	0.010564	0.753656	10.000000
3.000000	1000.000000	0.022113	1.577584	10.000000
4.000000	1000.000000	0.020016	1.427980	10.000000
5.000000	1000.000000	0.022253	1.587572	10.000000
6.000000	1000.000000	0.022133	1.579011	10.000000
7.000000	1000.000000	0.025623	1.827995	10.000000
8.000000	1000.000000	0.023635	1.686167	10.000000
9.000000	1000.000000	0.026980	1.924806	10.000000
1.000000	1000.000000	0.013590	1.000000	10.000000
2.000000	1000.000000	0.010350	0.761589	10.000000
3.000000	1000.000000	0.016912	1.244444	10.000000
4.000000	1000.000000	0.017814	1.310817	10.000000
5.000000	1000.000000	0.021384	1.573510	10.000000
6.000000	1000.000000	0.021909	1.612141	10.000000
7.000000	1000.000000	0.025406	1.869463	10.000000
8.000000	1000.000000	0.025754	1.895070	10.000000
9.000000	1000.000000	0.030802	2.266519	10.000000
1.000000	1000.000000	0.013586	1.000000	10.000000
2.000000	1000.000000	0.010075	0.741572	10.000000
3.000000	1000.000000	0.016944	1.247166	10.000000
4.000000	1000.000000	0.017456	1.284852	10.000000
5.000000	1000.000000	0.023276	1.713234	10.000000
6.000000	1000.000000	0.021968	1.616959	10.000000
7.000000	1000.000000	0.025434	1.872074	10.000000
8.000000	1000.000000	0.025831	1.901295	10.000000
9.000000	1000.000000	0.036462	2.683792	10.000000
1.000000	1000.000000	0.012753	1.000000	10.000000
2.000000	1000.000000	0.009859	0.773073	10.000000
3.000000	1000.000000	0.021008	1.647299	10.000000
4.000000	1000.000000	0.020596	1.614993	10.000000
5.000000	1000.000000	0.021901	1.717321	10.000000
6.000000	1000.000000	0.023181	1.817690	10.000000
7.000000	1000.000000	0.025388	1.990747	10.000000
8.000000	1000.000000	0.023706	1.858857	10.000000
9.000000	1000.000000	0.026576	2.083902	10.000000
1.000000	1000.000000	0.246559	1.000000	50.000000
2.000000	1000.000000	0.193496	0.784786	50.000000
3.000000	1000.000000	0.167041	0.677489	50.000000
4.000000	1000.000000	0.134703	0.546332	50.000000
5.000000	1000.000000	0.143217	0.580863	50.000000
6.000000	1000.000000	0.120062	0.486950	50.000000
7.000000	1000.000000	0.122389	0.496388	50.000000
8.000000	1000.000000	0.117251	0.475549	50.000000
9.000000	1000.000000	0.117702	0.477379	50.000000
1.000000	1000.000000	0.246085	1.000000	50.000000
2.000000	1000.000000	0.199013	0.808717	50.000000
3.000000	1000.000000	0.166192	0.675344	50.000000
4.000000	1000.000000	0.143501	0.583136	50.000000
5.000000	1000.000000	0.127977	0.520052	50.000000
6.000000	1000.000000	0.138930	0.564561	50.000000
7.000000	1000.000000	0.130546	0.530491	50.000000
8.000000	1000.000000	0.130129	0.528797	50.000000
9.000000	1000.000000	0.217031	0.881935	50.000000
1.000000	1000.000000	0.249530	1.000000	50.000000
2.000000	1000.000000	0.237941	0.953557	50.000000
3.000000	1000.000000	0.164824	0.660538	50.000000
4.000000	1000.000000	0.123256	0.493953	50.000000
5.000000	1000.000000	0.119336	0.478243	50.000000
6.000000	1000.000000	0.158566	0.635459	50.000000
7.000000	1000.000000	0.122446	0.490707	50.000000
8.000000	1000.000000	0.124593	0.499311	50.000000
9.000000	1000.000000	0.123195	0.493708	50.000000
1.000000	1000.000000	0.244455	1.000000	50.000000
2.000000	1000.000000	0.243705	0.996932	50.000000
3.000000	1000.000000	0.131353	0.537330	50.000000
4.000000	1000.000000	0.149361	0.610996	50.000000
5.000000	1000.000000	0.131025	0.535988	50.000000
6.000000	1000.000000	0.123249	0.504179	50.000000
7.000000	1000.000000	0.128902	0.527304	50.000000
8.000000	1000.000000	0.143097	0.585372	50.000000
9.000000	1000.000000	0.126687	0.518243	50.000000
1.000000	1000.000000	0.255443	1.000000	50.000000
2.000000	1000.000000	0.243336	0.952604	50.000000
3.000000	1000.000000	0.168209	0.658499	50.000000
4.000000	1000.000000	0.134003	0.524591	50.000000
5.000000	1000.000000	0.112167	0.439108	50.000000
6.000000	1000.000000	0.125741	0.492247	50.000000
7.000000	1000.000000	0.128264	0.502124	50.000000
8.000000	1000.000000	0.136946	0.536112	50.000000
9.000000	1000.000000	0.119050	0.466053	50.000000
1.000000	1000.000000	0.261230	1.000000	50.000000
2.000000	1000.000000	0.228306	0.873965	50.000000
3.000000	1000.000000	0.189266	0.724519	50.000000
4.000000	1000.000000	0.131845	0.504708	50.000000
5.000000	1000.000000	0.130714	0.500379	50.000000
6.000000	1000.000000	0.125312	0.479700	50.000000
7.000000	1000.000000	0.129843	0.497045	50.000000
8.000000	1000.000000	0.116938	0.447644	50.000000
9.000000	1000.000000	0.118999	0.455533	50.000000
1.000000	1000.000000	0.246825	1.000000	50.000000
2.000000	1000.000000	0.256724	1.040105	50.000000
3.000000	1000.000000	0.198147	0.802783	50.000000
4.000000	1000.000000	0.159276	0.645299	50.000000
5.000000	1000.000000	0.149767	0.606774	50.000000
6.000000	1000.000000	0.137943	0.558870	50.000000
7.000000	1000.000000	0.660982	2.677938	50.000000
8.000000	1000.000000	0.128947	0.522423	50.000000
9.000000	1000.000000	0.142338	0.576676	50.000000
1.000000	1000.000000	0.321909	1.000000	50.000000
2.000000	1000.000000	0.246341	0.765250	50.000000
3.000000	1000.000000	0.168473	0.523356	50.000000
4.000000	1000.000000	0.147199	0.457269	50.000000
5.000000	1000.000000	0.145731	0.452709	50.000000
6.000000	1000.000000	0.143013	0.444265	50.000000
7.000000	1000.000000	0.141748	0.440336	50.000000
8.000000	1000.000000	0.124312	0.386171	50.000000
9.000000	1000.000000	0.272708	0.847159	50.000000
1.000000	1000.000000	0.274467	1.000000	50.000000
2.000000	1000.000000	0.181119	0.659894	50.000000
3.000000	1000.000000	0.148392	0.540655	50.000000
4.000000	1000.000000	0.125067	0.455672	50.000000
5.000000	1000.000000	0.116475	0.424368	50.000000
6.000000	1000.000000	0.118637	0.432245	50.000000
7.000000	1000.000000	0.122290	0.445554	50.000000
8.000000	1000.000000	0.117886	0.429509	50.000000
9.000000	1000.000000	0.120841	0.440275	50.000000
1.000000	1000.000000	0.250506	1.000000	50.000000
2.000000	1000.000000	0.205955	0.822156	50.000000
3.000000	1000.000000	0.192416	0.768109	50.000000
4.000000	1000.000000	0.136008	0.542933	50.000000
5.000000	1000.000000	0.136664	0.545552	50.000000
6.000000	1000.000000	0.132310	0.528171	50.000000
7.000000	1000.000000	0.143309	0.572078	50.000000
8.000000	1000.000000	0.122396	0.488595	50.000000
9.000000	1000.000000	0.155875	0.622241	50.000000
1.000000	1000.000000	1.049292	1.000000	100.000000
2.000000	1000.000000	0.722175	0.688250	100.000000
3.000000	1000.000000	0.532948	0.507912	100.000000
4.000000	1000.000000	0.460325	0.438701	100.000000
5.000000	1000.000000	0.451589	0.430375	100.000000
6.000000	1000.000000	0.464717	0.442886	100.000000
7.000000	1000.000000	0.434525	0.414113	100.000000
8.000000	1000.000000	0.454811	0.433446	100.000000
9.000000	1000.000000	0.440475	0.419783	100.000000
1.000000	1000.000000	0.987949	1.000000	100.000000
2.000000	1000.000000	0.782032	0.791571	100.000000
3.000000	1000.000000	0.520895	0.527249	100.000000
4.000000	1000.000000	0.482556	0.488442	100.000000
5.000000	1000.000000	0.439024	0.444379	100.000000
6.000000	1000.000000	0.445908	0.451347	100.000000
7.000000	1000.000000	0.440409	0.445781	100.000000
8.000000	1000.000000	0.452855	0.458379	100.000000
9.000000	1000.000000	0.440567	0.445941	100.000000
1.000000	1000.000000	1.049657	1.000000	100.000000
2.000000	1000.000000	0.794646	0.757053	100.000000
3.000000	1000.000000	0.517336	0.492862	100.000000
4.000000	1000.000000	0.454240	0.432751	100.000000
5.000000	1000.000000	0.434171	0.413631	100.000000
6.000000	1000.000000	0.506974	0.482990	100.000000
7.000000	1000.000000	0.447393	0.426228	100.000000
8.000000	1000.000000	0.452298	0.430901	100.000000
9.000000	1000.000000	0.663144	0.631772	100.000000
1.000000	1000.000000	0.991413	1.000000	100.000000
2.000000	1000.000000	0.701315	0.707389	100.000000
3.000000	1000.000000	0.534364	0.538992	100.000000
4.000000	1000.000000	0.464988	0.469015	100.000000
5.000000	1000.000000	0.445276	0.449133	100.000000
6.000000	1000.000000	0.457165	0.461125	100.000000
7.000000	1000.000000	0.437678	0.441469	100.000000
8.000000	1000.000000	0.456882	0.460839	100.000000
9.000000	1000.000000	0.430340	0.434067	100.000000
1.000000	1000.000000	0.985375	1.000000	100.000000
2.000000	1000.000000	0.900328	0.913691	100.000000
3.000000	1000.000000	0.569064	0.577510	100.000000
4.000000	1000.000000	0.457817	0.464612	100.000000
5.000000	1000.000000	0.452330	0.459044	100.000000
6.000000	1000.000000	0.456351	0.463124	100.000000
7.000000	1000.000000	0.436232	0.442707	100.000000
8.000000	1000.000000	0.436497	0.442976	100.000000
9.000000	1000.000000	0.501460	0.508903	100.000000
1.000000	1000.000000	0.987830	1.000000	100.000000
2.000000	1000.000000	0.784478	0.794143	100.000000
3.000000	1000.000000	0.532384	0.538943	100.000000
4.000000	1000.000000	0.461042	0.466722	100.000000
5.000000	1000.000000	0.416810	0.421945	100.000000
6.000000	1000.000000	0.443256	0.448717	100.000000
7.000000	1000.000000	0.600623	0.608023	100.000000
8.000000	1000.000000	0.443312	0.448774	100.000000
9.000000	1000.000000	0.437835	0.443229	100.000000
1.000000	1000.000000	1.005942	1.000000	100.000000
2.000000	1000.000000	0.856839	0.851778	100.000000
3.000000	1000.000000	0.535113	0.531952	100.000000
4.000000	1000.000000	0.505926	0.502938	100.000000
5.000000	1000.000000	0.464643	0.461898	100.000000
6.000000	1000.000000	0.506193	0.503203	100.000000
7.000000	1000.000000	0.439491	0.436895	100.000000
8.000000	1000.000000	0.448906	0.446254	100.000000
9.000000	1000.000000	0.435397	0.432825	100.000000
1.000000	1000.000000	0.988274	1.000000	100.000000
2.000000	1000.000000	0.938420	0.949554	100.000000
3.000000	1000.000000	0.638095	0.645666	100.000000
4.000000	1000.000000	0.461352	0.466826	100.000000
5.000000	1000.000000	0.432480	0.437611	100.000000
6.000000	1000.000000	0.448787	0.454112	100.000000
7.000000	1000.000000	0.442192	0.447439	100.000000
8.000000	1000.000000	0.448527	0.453849	100.000000
9.000000	1000.000000	0.424391	0.429426	100.000000
1.000000	1000.000000	0.987793	1.000000	100.000000
2.000000	1000.000000	0.785722	0.795432	100.000000
3.000000	1000.000000	0.512689	0.519025	100.000000
4.000000	1000.000000	0.462148	0.467859	100.000000
5.000000	1000.000000	0.437175	0.442578	100.000000
6.000000	1000.000000	0.455628	0.461259	100.000000
7.000000	1000.000000	0.466561	0.472327	100.000000
8.000000	1000.000000	0.461149	0.466848	100.000000
9.000000	1000.000000	0.497795	0.503947	100.000000
1.000000	1000.000000	0.987616	1.000000	100.000000
2.000000	1000.000000	0.790003	0.799909	100.000000
3.000000	1000.000000	0.635408	0.643376	100.000000
4.000000	1000.000000	0.460420	0.466193	100.000000
5.000000	1000.000000	0.455164	0.460871	100.000000
6.000000	1000.000000	0.452970	0.458650	100.000000
7.000000	1000.000000	0.438306	0.443802	100.000000
8.000000	1000.000000	0.445136	0.450718	100.000000
9.000000	1000.000000	0.469442	0.475328	100.000000
1.000000	1000.000000	3.996560	1.000000	200.000000
2.000000	1000.000000	2.882792	0.721318	200.000000
3.000000	1000.000000	2.003167	0.501223	200.000000
4.000000	1000.000000	1.774477	0.444001	200.000000
5.000000	1000.000000	1.694198	0.423914	200.000000
6.000000	1000.000000	1.712476	0.428487	200.000000
7.000000	1000.000000	1.615237	0.404157	200.000000
8.000000	1000.000000	1.653572	0.413749	200.000000
9.000000	1000.000000	1.538460	0.384946	200.000000
1.000000	1000.000000	3.994413	1.000000	200.000000
2.000000	1000.000000	2.810144	0.703519	200.000000
3.000000	1000.000000	1.986344	0.497281	200.000000
4.000000	1000.000000	1.848380	0.462741	200.000000
5.000000	1000.000000	1.672867	0.418802	200.000000
6.000000	1000.000000	1.675300	0.419411	200.000000
7.000000	1000.000000	1.643433	0.411433	200.000000
8.000000	1000.000000	1.637158	0.409862	200.000000
9.000000	1000.000000	1.544052	0.386553	200.000000
1.000000	1000.000000	3.933532	1.000000	200.000000
2.000000	1000.000000	2.864695	0.728276	200.000000
3.000000	1000.000000	2.115784	0.537884	200.000000
4.000000	1000.000000	1.712363	0.435325	200.000000
5.000000	1000.000000	1.638485	0.416543	200.000000
6.000000	1000.000000	1.670739	0.424743	200.000000
7.000000	1000.000000	1.615195	0.410622	200.000000
8.000000	1000.000000	1.612562	0.409953	200.000000
9.000000	1000.000000	1.533209	0.389779	200.000000
1.000000	1000.000000	3.932995	1.000000	200.000000
2.000000	1000.000000	2.747746	0.698640	200.000000
3.000000	1000.000000	2.015159	0.512373	200.000000
4.000000	1000.000000	1.746923	0.444171	200.000000
5.000000	1000.000000	1.732351	0.440466	200.000000
6.000000	1000.000000	1.652593	0.420187	200.000000
7.000000	1000.000000	1.622033	0.412417	200.000000
8.000000	1000.000000	1.665726	0.423526	200.000000
9.000000	1000.000000	1.891586	0.480953	200.000000
1.000000	1000.000000	3.927503	1.000000	200.000000
2.000000	1000.000000	2.803012	0.713688	200.000000
3.000000	1000.000000	2.006853	0.510974	200.000000
4.000000	1000.000000	1.747436	0.444923	200.000000
5.000000	1000.000000	1.689729	0.430230	200.000000
6.000000	1000.000000	1.778094	0.452729	200.000000
7.000000	1000.000000	1.667416	0.424549	200.000000
8.000000	1000.000000	1.622413	0.413090	200.000000
9.000000	1000.000000	1.546068	0.393652	200.000000
1.000000	1000.000000	3.935861	1.000000	200.000000
2.000000	1000.000000	2.820877	0.716712	200.000000
3.000000	1000.000000	1.957030	0.497230	200.000000
4.000000	1000.000000	1.840330	0.467580	200.000000
5.000000	1000.000000	1.697386	0.431262	200.000000
6.000000	1000.000000	1.754595	0.445797	200.000000
7.000000	1000.000000	1.656364	0.420839	200.000000
8.000000	1000.000000	1.640640	0.416844	200.000000
9.000000	1000.000000	1.556155	0.395379	200.000000
1.000000	1000.000000	3.929519	1.000000	200.000000
2.000000	1000.000000	2.716462	0.691296	200.000000
3.000000	1000.000000	1.990582	0.506571	200.000000
4.000000	1000.000000	1.685543	0.428944	200.000000
5.000000	1000.000000	1.715434	0.436551	200.000000
6.000000	1000.000000	1.635558	0.416223	200.000000
7.000000	1000.000000	1.625182	0.413583	200.000000
8.000000	1000.000000	1.635435	0.416192	200.000000
9.000000	1000.000000	1.692420	0.430694	200.000000
1.000000	1000.000000	3.999877	1.000000	200.000000
2.000000	1000.000000	2.920978	0.730267	200.000000
3.000000	1000.000000	1.965378	0.491360	200.000000
4.000000	1000.000000	1.775792	0.443962	200.000000
5.000000	1000.000000	1.661239	0.415323	200.000000
6.000000	1000.000000	1.642296	0.410587	200.000000
7.000000	1000.000000	1.656310	0.414090	200.000000
8.000000	1000.000000	1.628397	0.407112	200.000000
9.000000	1000.000000	1.646508	0.411640	200.000000
1.000000	1000.000000	3.932011	1.000000	200.000000
2.000000	1000.000000	2.769871	0.704441	200.000000
3.000000	1000.000000	2.003085	0.509430	200.000000
4.000000	1000.000000	1.749331	0.444895	200.000000
5.000000	1000.000000	1.771866	0.450626	200.000000
6.000000	1000.000000	1.640342	0.417176	200.000000
7.000000	1000.000000	1.652534	0.420277	200.000000
8.000000	1000.000000	1.622547	0.412651	200.000000
9.000000	1000.000000	1.592642	0.405045	200.000000
1.000000	1000.000000	3.933717	1.000000	200.000000
2.000000	1000.000000	2.694096	0.684873	200.000000
3.000000	1000.000000	2.183128	0.554978	200.000000
4.000000	1000.000000	1.744802	0.443550	200.000000
5.000000	1000.000000	1.699842	0.432121	200.000000
6.000000	1000.000000	1.684695	0.428271	200.000000
7.000000	1000.000000	1.640086	0.416930	200.000000
8.000000	1000.000000	1.633590	0.415279	200.000000
9.000000	1000.000000	1.744462	0.443464	200.000000
1.000000	1000.000000	12.247722	1.000000	350.000000
2.000000	1000.000000	8.307942	0.678325	350.000000
3.000000	1000.000000	6.300714	0.514440	350.000000
4.000000	1000.000000	5.427643	0.443155	350.000000
5.000000	1000.000000	5.345663	0.436462	350.000000
6.000000	1000.000000	5.152057	0.420654	350.000000
7.000000	1000.000000	5.170381	0.422150	350.000000
8.000000	1000.000000	5.061744	0.413280	350.000000
9.000000	1000.000000	4.753560	0.388118	350.000000
1.000000	1000.000000	12.189989	1.000000	350.000000
2.000000	1000.000000	8.156757	0.669136	350.000000
3.000000	1000.000000	6.234583	0.511451	350.000000
4.000000	1000.000000	5.672803	0.465366	350.000000
5.000000	1000.000000	5.285544	0.433597	350.000000
6.000000	1000.000000	5.179307	0.424882	350.000000
7.000000	1000.000000	5.179838	0.424926	350.000000
8.000000	1000.000000	5.110334	0.419224	350.000000
9.000000	1000.000000	4.779529	0.392086	350.000000
1.000000	1000.000000	12.138255	1.000000	350.000000
2.000000	1000.000000	8.333523	0.686550	350.000000
3.000000	1000.000000	6.388483	0.526310	350.000000
4.000000	1000.000000	5.445234	0.448601	350.000000
5.000000	1000.000000	5.242575	0.431905	350.000000
6.000000	1000.000000	5.293303	0.436084	350.000000
7.000000	1000.000000	5.206290	0.428916	350.000000
8.000000	1000.000000	5.061845	0.417016	350.000000
9.000000	1000.000000	4.780028	0.393799	350.000000
1.000000	1000.000000	12.184122	1.000000	350.000000
2.000000	1000.000000	8.324490	0.683224	350.000000
3.000000	1000.000000	6.342572	0.520560	350.000000
4.000000	1000.000000	5.474201	0.449290	350.000000
5.000000	1000.000000	5.330625	0.437506	350.000000
6.000000	1000.000000	5.121320	0.420327	350.000000
7.000000	1000.000000	5.023321	0.412284	350.000000
8.000000	1000.000000	5.110389	0.419430	350.000000
9.000000	1000.000000	4.788626	0.393022	350.000000
1.000000	1000.000000	12.072934	1.000000	350.000000
2.000000	1000.000000	8.499453	0.704009	350.000000
3.000000	1000.000000	6.357548	0.526595	350.000000
4.000000	1000.000000	5.446206	0.451109	350.000000
5.000000	1000.000000	5.240818	0.434096	350.000000
6.000000	1000.000000	4.939994	0.409179	350.000000
7.000000	1000.000000	5.141279	0.425852	350.000000
8.000000	1000.000000	5.105772	0.422911	350.000000
9.000000	1000.000000	4.780908	0.396002	350.000000
1.000000	1000.000000	12.181945	1.000000	350.000000
2.000000	1000.000000	8.196853	0.672869	350.000000
3.000000	1000.000000	6.193615	0.508426	350.000000
4.000000	1000.000000	5.238381	0.430012	350.000000
5.000000	1000.000000	5.155158	0.423180	350.000000
6.000000	1000.000000	5.050766	0.414611	350.000000
7.000000	1000.000000	5.060926	0.415445	350.000000
8.000000	1000.000000	5.123969	0.420620	350.000000
9.000000	1000.000000	4.781166	0.392480	350.000000
1.000000	1000.000000	12.137114	1.000000	350.000000
2.000000	1000.000000	8.396158	0.691775	350.000000
3.000000	1000.000000	6.198536	0.510709	350.000000
4.000000	1000.000000	5.657361	0.466121	350.000000
5.000000	1000.000000	5.424181	0.446909	350.000000
6.000000	1000.000000	5.206882	0.429005	350.000000
7.000000	1000.000000	5.102459	0.420401	350.000000
8.000000	1000.000000	5.046385	0.415781	350.000000
9.000000	1000.000000	4.781533	0.393960	350.000000
1.000000	1000.000000	12.065175	1.000000	350.000000
2.000000	1000.000000	8.535681	0.707464	350.000000
3.000000	1000.000000	6.278355	0.520370	350.000000
4.000000	1000.000000	5.565004	0.461245	350.000000
5.000000	1000.000000	5.356347	0.443951	350.000000
6.000000	1000.000000	5.040006	0.417732	350.000000
7.000000	1000.000000	5.159151	0.427607	350.000000
8.000000	1000.000000	5.127509	0.424984	350.000000
9.000000	1000.000000	4.846702	0.401710	350.000000
1.000000	1000.000000	12.142199	1.000000	350.000000
2.000000	1000.000000	8.195121	0.674929	350.000000
3.000000	1000.000000	6.360180	0.523808	350.000000
4.000000	1000.000000	5.550535	0.457128	350.000000
5.000000	1000.000000	5.431912	0.447358	350.000000
6.000000	1000.000000	5.216882	0.429649	350.000000
7.000000	1000.000000	5.105946	0.420512	350.000000
8.000000	1000.000000	5.049289	0.415846	350.000000
9.000000	1000.000000	4.794993	0.394903	350.000000
1.000000	1000.000000	12.194811	1.000000	350.000000
2.000000	1000.000000	8.592238	0.704581	350.000000
3.000000	1000.000000	6.363036	0.521782	350.000000
4.000000	1000.000000	5.587062	0.458151	350.000000
5.000000	1000.000000	5.383912	0.441492	350.000000
6.000000	1000.000000	5.097749	0.418026	350.000000
7.000000	1000.000000	5.098583	0.418094	350.000000
8.000000	1000.000000	5.124535	0.420223	350.000000
9.000000	1000.000000	4.800688	0.393666	350.000000
1.000000	1000.000000	24.683599	1.000000	500.000000
2.000000	1000.000000	17.141145	0.694435	500.000000
3.000000	1000.000000	12.942476	0.524335	500.000000
4.000000	1000.000000	11.487398	0.465386	500.000000
5.000000	1000.000000	11.010029	0.446046	500.000000
6.000000	1000.000000	10.678810	0.432628	500.000000
7.000000	1000.000000	10.572754	0.428331	500.000000
8.000000	1000.000000	10.595776	0.429264	500.000000
9.000000	1000.000000	10.089788	0.408765	500.000000
1.000000	1000.000000	24.637961	1.000000	500.000000
2.000000	1000.000000	16.755086	0.680052	500.000000
3.000000	1000.000000	12.877895	0.522685	500.000000
4.000000	1000.000000	11.529979	0.467976	500.000000
5.000000	1000.000000	11.205091	0.454790	500.000000
6.000000	1000.000000	10.647255	0.432148	500.000000
7.000000	1000.000000	10.666126	0.432914	500.000000
8.000000	1000.000000	10.616399	0.430896	500.000000
9.000000	1000.000000	9.997840	0.405790	500.000000
1.000000	1000.000000	24.710110	1.000000	500.000000
2.000000	1000.000000	16.966241	0.686611	500.000000
3.000000	1000.000000	12.939751	0.523662	500.000000
4.000000	1000.000000	11.526005	0.466449	500.000000
5.000000	1000.000000	11.111423	0.449671	500.000000
6.000000	1000.000000	10.601839	0.429049	500.000000
7.000000	1000.000000	10.667148	0.431692	500.000000
8.000000	1000.000000	10.613100	0.429504	500.000000
9.000000	1000.000000	10.014708	0.405288	500.000000
1.000000	1000.000000	24.770603	1.000000	500.000000
2.000000	1000.000000	16.941634	0.683941	500.000000
3.000000	1000.000000	12.823906	0.517707	500.000000
4.000000	1000.000000	11.334610	0.457583	500.000000
5.000000	1000.000000	11.526651	0.465336	500.000000
6.000000	1000.000000	10.520556	0.424719	500.000000
7.000000	1000.000000	10.621829	0.428808	500.000000
8.000000	1000.000000	10.649685	0.429932	500.000000
9.000000	1000.000000	9.960457	0.402108	500.000000
1.000000	1000.000000	24.754265	1.000000	500.000000
2.000000	1000.000000	17.034599	0.688148	500.000000
3.000000	1000.000000	12.955826	0.523378	500.000000
4.000000	1000.000000	11.532369	0.465874	500.000000
5.000000	1000.000000	11.209997	0.452851	500.000000
6.000000	1000.000000	10.853286	0.438441	500.000000
7.000000	1000.000000	10.812679	0.436801	500.000000
8.000000	1000.000000	10.683668	0.431589	500.000000
9.000000	1000.000000	10.040183	0.405594	500.000000
1.000000	1000.000000	24.666791	1.000000	500.000000
2.000000	1000.000000	16.628526	0.674126	500.000000
3.000000	1000.000000	13.092001	0.530754	500.000000
4.000000	1000.000000	11.521243	0.467075	500.000000
5.000000	1000.000000	11.269654	0.456876	500.000000
6.000000	1000.000000	10.708994	0.434146	500.000000
7.000000	1000.000000	10.723773	0.434745	500.000000
8.000000	1000.000000	10.635583	0.431170	500.000000
9.000000	1000.000000	9.939719	0.402960	500.000000
1.000000	1000.000000	24.666554	1.000000	500.000000
2.000000	1000.000000	17.188461	0.696833	500.000000
3.000000	1000.000000	13.021044	0.527883	500.000000
4.000000	1000.000000	11.351231	0.460187	500.000000
5.000000	1000.000000	11.251578	0.456147	500.000000
6.000000	1000.000000	10.699259	0.433756	500.000000
7.000000	1000.000000	10.648296	0.431690	500.000000
8.000000	1000.000000	10.657815	0.432076	500.000000
9.000000	1000.000000	10.044342	0.407205	500.000000
1.000000	1000.000000	24.840217	1.000000	500.000000
2.000000	1000.000000	17.247858	0.694352	500.000000
3.000000	1000.000000	12.942468	0.521029	500.000000
4.000000	1000.000000	11.650630	0.469023	500.000000
5.000000	1000.000000	11.131468	0.448123	500.000000
6.000000	1000.000000	10.718213	0.431486	500.000000
7.000000	1000.000000	10.709178	0.431123	500.000000
8.000000	1000.000000	10.679489	0.429927	500.000000
9.000000	1000.000000	9.911750	0.399020	500.000000
1.000000	1000.000000	24.763064	1.000000	500.000000
2.000000	1000.000000	16.859998	0.680853	500.000000
3.000000	1000.000000	12.921268	0.521796	500.000000
4.000000	1000.000000	11.496210	0.464248	500.000000
5.000000	1000.000000	11.330708	0.457565	500.000000
6.000000	1000.000000	10.763886	0.434675	500.000000
7.000000	1000.000000	10.690288	0.431703	500.000000
8.000000	1000.000000	10.628093	0.429191	500.000000
9.000000	1000.000000	10.040823	0.405476	500.000000
1.000000	1000.000000	24.784906	1.000000	500.000000
2.000000	1000.000000	17.013828	0.686459	500.000000
3.000000	1000.000000	13.004853	0.524709	500.000000
4.000000	1000.000000	11.440786	0.461603	500.000000
5.000000	1000.000000	11.280357	0.455130	500.000000
6.000000	1000.000000	10.766213	0.434386	500.000000
7.000000	1000.000000	10.649946	0.429695	500.000000
8.000000	1000.000000	10.576416	0.426728	500.000000
9.000000	1000.000000	9.867608	0.398130	500.000000
