0.0	0.050000	10368.000000	3.423272
1.0	0.050000	10368.000000	1.389167
0.0	0.150000	10368.000000	3.296372
1.0	0.150000	10368.000000	1.260759
0.0	0.250000	10368.000000	3.582382
1.0	0.250000	10368.000000	1.204885
0.0	0.350000	10368.000000	3.622424
1.0	0.350000	10368.000000	1.246319
0.0	0.450000	10368.000000	3.672935
1.0	0.450000	10368.000000	1.354540
0.0	0.550000	10368.000000	3.349567
1.0	0.550000	10368.000000	1.230186
0.0	0.650000	10368.000000	3.769539
1.0	0.650000	10368.000000	1.274740
0.0	0.750000	10368.000000	3.491375
1.0	0.750000	10368.000000	1.312863
0.0	0.850000	10368.000000	3.818408
1.0	0.850000	10368.000000	1.502344
0.0	0.950000	10368.000000	3.590766
1.0	0.950000	10368.000000	1.747459
0.0	1.050000	10368.000000	3.596888
1.0	1.050000	10368.000000	1.457045
0.0	1.150000	10368.000000	3.833570
1.0	1.150000	10368.000000	1.511722
0.0	1.250000	10368.000000	3.546726
1.0	1.250000	10368.000000	1.393292
0.0	1.350000	10368.000000	3.544413
1.0	1.350000	10368.000000	1.617838
0.0	1.450000	10368.000000	3.792248
1.0	1.450000	10368.000000	1.414214
0.0	1.550000	10368.000000	3.626621
1.0	1.550000	10368.000000	1.480079
0.0	1.650000	10368.000000	3.586655
1.0	1.650000	10368.000000	1.475380
0.0	1.750000	10368.000000	3.775747
1.0	1.750000	10368.000000	1.665661
0.0	1.850000	10368.000000	3.531451
1.0	1.850000	10368.000000	1.860580
0.0	1.950000	10368.000000	3.692410
1.0	1.950000	10368.000000	1.782178
0.0	2.000000	10368.000000	3.649996
1.0	2.000000	10368.000000	1.713559
0.0	2.008000	10368.000000	3.731095
1.0	2.008000	10368.000000	1.828295
0.0	2.016000	10368.000000	3.556359
1.0	2.016000	10368.000000	1.835781
0.0	2.024000	10368.000000	3.841284
1.0	2.024000	10368.000000	1.501712
0.0	2.032000	10368.000000	3.739040
1.0	2.032000	10368.000000	1.554211
0.0	2.040000	10368.000000	4.006790
1.0	2.040000	10368.000000	1.714903
0.0	2.048000	10368.000000	3.690152
1.0	2.048000	10368.000000	1.392299
0.0	2.056000	10368.000000	3.836070
1.0	2.056000	10368.000000	1.816635
0.0	2.064000	10368.000000	3.591996
1.0	2.064000	10368.000000	1.372150
0.0	2.072000	10368.000000	3.502567
1.0	2.072000	10368.000000	1.403266
0.0	2.080000	10368.000000	3.878793
1.0	2.080000	10368.000000	1.760428
0.0	2.088000	10368.000000	3.838039
1.0	2.088000	10368.000000	1.844062
0.0	2.096000	10368.000000	3.739114
1.0	2.096000	10368.000000	1.408752
0.0	2.104000	10368.000000	3.690231
1.0	2.104000	10368.000000	1.760117
0.0	2.112000	10368.000000	3.748870
1.0	2.112000	10368.000000	1.742409
0.0	2.120000	10368.000000	4.010932
1.0	2.120000	10368.000000	1.532805
0.0	2.128000	10368.000000	3.649035
1.0	2.128000	10368.000000	1.703821
0.0	2.136000	10368.000000	3.461387
1.0	2.136000	10368.000000	1.825587
0.0	2.144000	10368.000000	3.484912
1.0	2.144000	10368.000000	1.520720
0.0	2.152000	10368.000000	3.932859
1.0	2.152000	10368.000000	1.509978
0.0	2.160000	10368.000000	3.744779
1.0	2.160000	10368.000000	1.730328
0.0	2.168000	10368.000000	3.718284
1.0	2.168000	10368.000000	1.434283
0.0	2.176000	10368.000000	3.769372
1.0	2.176000	10368.000000	1.398370
0.0	2.184000	10368.000000	3.971097
1.0	2.184000	10368.000000	1.510877
0.0	2.192000	10368.000000	4.015474
1.0	2.192000	10368.000000	1.658014
0.0	2.200000	10368.000000	3.679828
1.0	2.200000	10368.000000	1.685062
0.0	2.208000	10368.000000	3.818937
1.0	2.208000	10368.000000	1.755386
0.0	2.216000	10368.000000	3.904372
1.0	2.216000	10368.000000	1.381469
0.0	2.224000	10368.000000	3.843858
1.0	2.224000	10368.000000	1.417672
0.0	2.226000	10368.000000	4.087498
1.0	2.226000	10368.000000	1.625713
0.0	2.228000	10368.000000	3.811230
1.0	2.228000	10368.000000	1.421152
0.0	2.230000	10368.000000	3.738083
1.0	2.230000	10368.000000	1.425002
0.0	2.232000	10368.000000	3.828718
1.0	2.232000	10368.000000	1.413726
0.0	2.234000	10368.000000	3.702169
1.0	2.234000	10368.000000	1.472236
0.0	2.236000	10368.000000	3.847424
1.0	2.236000	10368.000000	1.513628
0.0	2.238000	10368.000000	3.815727
1.0	2.238000	10368.000000	1.771173
0.0	2.240000	10368.000000	3.757095
1.0	2.240000	10368.000000	1.738088
0.0	2.242000	10368.000000	4.238434
1.0	2.242000	10368.000000	1.690405
0.0	2.244000	10368.000000	4.175674
1.0	2.244000	10368.000000	1.431975
0.0	2.246000	10368.000000	3.899124
1.0	2.246000	10368.000000	1.758820
0.0	2.248000	10368.000000	4.196101
1.0	2.248000	10368.000000	1.909379
0.0	2.250000	10368.000000	3.893782
1.0	2.250000	10368.000000	1.477379
0.0	2.252000	10368.000000	3.559258
1.0	2.252000	10368.000000	1.418878
0.0	2.254000	10368.000000	3.975325
1.0	2.254000	10368.000000	1.403356
0.0	2.256000	10368.000000	3.943654
1.0	2.256000	10368.000000	1.465121
0.0	2.258000	10368.000000	3.822524
1.0	2.258000	10368.000000	1.776698
0.0	2.260000	10368.000000	4.202855
1.0	2.260000	10368.000000	1.643738
0.0	2.262000	10368.000000	3.737011
1.0	2.262000	10368.000000	1.566214
0.0	2.264000	10368.000000	4.115180
1.0	2.264000	10368.000000	1.614386
0.0	2.266000	10368.000000	3.522550
1.0	2.266000	10368.000000	1.413341
0.0	2.268000	10368.000000	4.135735
1.0	2.268000	10368.000000	1.917331
0.0	2.270000	10368.000000	3.650386
1.0	2.270000	10368.000000	1.493302
0.0	2.272000	10368.000000	3.769770
1.0	2.272000	10368.000000	1.771829
0.0	2.274000	10368.000000	4.172715
1.0	2.274000	10368.000000	1.872448
0.0	2.276000	10368.000000	3.885737
1.0	2.276000	10368.000000	1.822644
0.0	2.278000	10368.000000	3.706964
1.0	2.278000	10368.000000	1.401410
0.0	2.280000	10368.000000	3.859731
1.0	2.280000	10368.000000	1.366988
0.0	2.282000	10368.000000	3.778558
1.0	2.282000	10368.000000	1.589295
0.0	2.284000	10368.000000	4.209662
1.0	2.284000	10368.000000	1.875188
0.0	2.286000	10368.000000	3.727495
1.0	2.286000	10368.000000	1.773917
0.0	2.288000	10368.000000	3.900751
1.0	2.288000	10368.000000	1.697403
0.0	2.290000	10368.000000	3.711465
1.0	2.290000	10368.000000	1.418705
0.0	2.292000	10368.000000	3.940223
1.0	2.292000	10368.000000	1.529016
0.0	2.294000	10368.000000	4.069211
1.0	2.294000	10368.000000	1.467127
0.0	2.296000	10368.000000	3.878952
1.0	2.296000	10368.000000	1.426868
0.0	2.298000	10368.000000	3.814410
1.0	2.298000	10368.000000	1.514348
0.0	2.300000	10368.000000	3.786549
1.0	2.300000	10368.000000	1.844549
0.0	2.302000	10368.000000	3.777303
1.0	2.302000	10368.000000	1.546144
0.0	2.304000	10368.000000	4.160098
1.0	2.304000	10368.000000	1.378079
0.0	2.306000	10368.000000	3.933236
1.0	2.306000	10368.000000	1.414041
0.0	2.308000	10368.000000	4.231345
1.0	2.308000	10368.000000	1.834457
0.0	2.310000	10368.000000	3.388881
1.0	2.310000	10368.000000	1.680685
0.0	2.312000	10368.000000	3.797731
1.0	2.312000	10368.000000	1.788119
0.0	2.314000	10368.000000	3.776186
1.0	2.314000	10368.000000	1.415952
0.0	2.316000	10368.000000	3.712636
1.0	2.316000	10368.000000	1.395918
0.0	2.318000	10368.000000	4.176440
1.0	2.318000	10368.000000	1.980067
0.0	2.320000	10368.000000	3.907898
1.0	2.320000	10368.000000	1.629061
0.0	2.322000	10368.000000	4.216126
1.0	2.322000	10368.000000	1.583991
0.0	2.324000	10368.000000	4.253428
1.0	2.324000	10368.000000	1.951054
0.0	2.326000	10368.000000	3.870752
1.0	2.326000	10368.000000	1.917853
0.0	2.328000	10368.000000	4.203303
1.0	2.328000	10368.000000	1.822618
0.0	2.330000	10368.000000	4.268143
1.0	2.330000	10368.000000	1.995585
0.0	2.332000	10368.000000	4.111957
1.0	2.332000	10368.000000	1.439845
0.0	2.334000	10368.000000	4.197230
1.0	2.334000	10368.000000	1.589328
0.0	2.336000	10368.000000	3.807448
1.0	2.336000	10368.000000	1.436768
0.0	2.338000	10368.000000	3.751460
1.0	2.338000	10368.000000	1.411208
0.0	2.340000	10368.000000	3.738894
1.0	2.340000	10368.000000	1.550194
0.0	2.342000	10368.000000	3.800008
1.0	2.342000	10368.000000	1.440825
0.0	2.344000	10368.000000	4.156192
1.0	2.344000	10368.000000	1.777742
0.0	2.346000	10368.000000	3.846995
1.0	2.346000	10368.000000	1.427140
0.0	2.348000	10368.000000	3.803464
1.0	2.348000	10368.000000	1.721168
0.0	2.350000	10368.000000	3.655430
1.0	2.350000	10368.000000	1.443128
0.0	2.352000	10368.000000	4.091280
1.0	2.352000	10368.000000	1.842142
0.0	2.354000	10368.000000	3.962108
1.0	2.354000	10368.000000	1.542479
0.0	2.356000	10368.000000	3.976361
1.0	2.356000	10368.000000	1.809977
0.0	2.358000	10368.000000	4.143255
1.0	2.358000	10368.000000	1.445553
0.0	2.360000	10368.000000	3.313570
1.0	2.360000	10368.000000	1.728971
0.0	2.362000	10368.000000	3.821938
1.0	2.362000	10368.000000	1.432761
0.0	2.364000	10368.000000	3.843250
1.0	2.364000	10368.000000	1.522004
0.0	2.366000	10368.000000	3.818234
1.0	2.366000	10368.000000	1.410289
0.0	2.368000	10368.000000	4.002989
1.0	2.368000	10368.000000	1.769461
0.0	2.370000	10368.000000	4.171047
1.0	2.370000	10368.000000	1.922544
0.0	2.372000	10368.000000	3.925273
1.0	2.372000	10368.000000	1.836838
0.0	2.374000	10368.000000	3.994780
1.0	2.374000	10368.000000	1.790583
0.0	2.376000	10368.000000	4.198029
1.0	2.376000	10368.000000	1.835113
0.0	2.378000	10368.000000	3.845862
1.0	2.378000	10368.000000	1.406779
0.0	2.380000	10368.000000	4.178978
1.0	2.380000	10368.000000	1.620120
0.0	2.382000	10368.000000	3.813810
1.0	2.382000	10368.000000	1.429550
0.0	2.384000	10368.000000	4.221408
1.0	2.384000	10368.000000	1.457782
0.0	2.386000	10368.000000	3.848181
1.0	2.386000	10368.000000	1.537108
0.0	2.388000	10368.000000	4.033600
1.0	2.388000	10368.000000	1.942948
0.0	2.390000	10368.000000	3.991713
1.0	2.390000	10368.000000	1.396653
0.0	2.392000	10368.000000	4.052513
1.0	2.392000	10368.000000	1.407661
0.0	2.394000	10368.000000	4.005087
1.0	2.394000	10368.000000	1.536943
0.0	2.396000	10368.000000	4.322647
1.0	2.396000	10368.000000	1.575405
0.0	2.398000	10368.000000	3.867257
1.0	2.398000	10368.000000	1.783269
0.0	2.400000	10368.000000	3.923982
1.0	2.400000	10368.000000	1.882500
0.0	2.408000	10368.000000	4.021233
1.0	2.408000	10368.000000	1.593875
0.0	2.416000	10368.000000	3.801672
1.0	2.416000	10368.000000	1.467749
0.0	2.424000	10368.000000	4.049163
1.0	2.424000	10368.000000	1.583209
0.0	2.432000	10368.000000	4.159441
1.0	2.432000	10368.000000	1.697493
0.0	2.440000	10368.000000	4.356269
1.0	2.440000	10368.000000	1.608893
0.0	2.448000	10368.000000	4.304395
1.0	2.448000	10368.000000	1.614480
0.0	2.456000	10368.000000	3.841972
1.0	2.456000	10368.000000	1.487567
0.0	2.464000	10368.000000	3.972268
1.0	2.464000	10368.000000	1.875826
0.0	2.472000	10368.000000	3.902653
1.0	2.472000	10368.000000	1.826892
0.0	2.480000	10368.000000	3.968611
1.0	2.480000	10368.000000	1.776758
0.0	2.488000	10368.000000	3.956476
1.0	2.488000	10368.000000	1.903694
0.0	2.496000	10368.000000	3.872441
1.0	2.496000	10368.000000	1.785581
0.0	2.504000	10368.000000	3.816439
1.0	2.504000	10368.000000	1.411156
0.0	2.512000	10368.000000	4.357317
1.0	2.512000	10368.000000	1.599867
0.0	2.520000	10368.000000	4.208893
1.0	2.520000	10368.000000	1.535740
0.0	2.528000	10368.000000	3.998464
1.0	2.528000	10368.000000	1.471622
0.0	2.536000	10368.000000	4.125186
1.0	2.536000	10368.000000	1.802141
0.0	2.544000	10368.000000	4.151461
1.0	2.544000	10368.000000	1.984911
0.0	2.552000	10368.000000	3.834360
1.0	2.552000	10368.000000	1.774098
0.0	2.560000	10368.000000	4.046182
1.0	2.560000	10368.000000	1.566683
0.0	2.568000	10368.000000	3.909618
1.0	2.568000	10368.000000	1.422800
0.0	2.576000	10368.000000	3.958770
1.0	2.576000	10368.000000	1.776853
0.0	2.584000	10368.000000	4.313268
1.0	2.584000	10368.000000	1.465346
0.0	2.592000	10368.000000	3.827149
1.0	2.592000	10368.000000	1.823012
0.0	2.600000	10368.000000	3.971267
1.0	2.600000	10368.000000	1.447894
0.0	2.608000	10368.000000	4.426292
1.0	2.608000	10368.000000	1.422972
0.0	2.616000	10368.000000	4.003503
1.0	2.616000	10368.000000	1.434228
0.0	2.624000	10368.000000	2.717828
1.0	2.624000	10368.000000	1.429606
0.0	2.632000	10368.000000	3.636383
1.0	2.632000	10368.000000	1.842543
0.0	2.640000	10368.000000	3.855273
1.0	2.640000	10368.000000	1.451085
0.0	2.648000	10368.000000	4.050308
1.0	2.648000	10368.000000	1.463354
0.0	2.656000	10368.000000	3.868670
1.0	2.656000	10368.000000	1.406757
0.0	2.664000	10368.000000	3.876025
1.0	2.664000	10368.000000	1.459967
0.0	2.672000	10368.000000	4.286040
1.0	2.672000	10368.000000	1.569992
0.0	2.680000	10368.000000	4.158662
1.0	2.680000	10368.000000	1.441312
0.0	2.688000	10368.000000	3.993171
1.0	2.688000	10368.000000	1.572663
0.0	2.696000	10368.000000	4.009807
1.0	2.696000	10368.000000	1.774181
0.0	2.704000	10368.000000	4.248031
1.0	2.704000	10368.000000	1.776762
0.0	2.712000	10368.000000	3.978570
1.0	2.712000	10368.000000	1.769968
0.0	2.720000	10368.000000	3.934446
1.0	2.720000	10368.000000	1.467071
0.0	2.728000	10368.000000	4.339919
1.0	2.728000	10368.000000	1.602166
0.0	2.736000	10368.000000	4.328747
1.0	2.736000	10368.000000	1.877256
0.0	2.744000	10368.000000	4.328442
1.0	2.744000	10368.000000	1.578937
0.0	2.752000	10368.000000	3.912517
1.0	2.752000	10368.000000	1.509399
0.0	2.760000	10368.000000	3.895619
1.0	2.760000	10368.000000	1.321909
0.0	2.792000	10368.000000	4.195089
1.0	2.792000	10368.000000	1.488301
0.0	2.824000	10368.000000	4.388656
1.0	2.824000	10368.000000	1.772387
0.0	2.856000	10368.000000	4.074033
1.0	2.856000	10368.000000	1.454090
0.0	2.888000	10368.000000	3.952948
1.0	2.888000	10368.000000	1.812366
0.0	2.920000	10368.000000	4.571788
1.0	2.920000	10368.000000	1.655086
0.0	2.952000	10368.000000	4.194894
1.0	2.952000	10368.000000	1.806236
0.0	2.984000	10368.000000	4.085066
1.0	2.984000	10368.000000	1.544471
0.0	3.016000	10368.000000	4.245050
1.0	3.016000	10368.000000	1.465534
0.0	3.048000	10368.000000	3.868631
1.0	3.048000	10368.000000	1.485817
0.0	3.080000	10368.000000	4.012344
1.0	3.080000	10368.000000	1.444033
0.0	3.112000	10368.000000	4.417627
1.0	3.112000	10368.000000	1.517431
0.0	3.144000	10368.000000	4.294273
1.0	3.144000	10368.000000	1.897925
0.0	3.176000	10368.000000	3.995105
1.0	3.176000	10368.000000	1.805941
0.0	3.208000	10368.000000	4.565352
1.0	3.208000	10368.000000	1.553957
0.0	3.240000	10368.000000	4.312146
1.0	3.240000	10368.000000	1.440812
0.0	3.272000	10368.000000	4.041413
1.0	3.272000	10368.000000	1.445989
0.0	3.304000	10368.000000	4.386243
1.0	3.304000	10368.000000	1.788981
0.0	3.336000	10368.000000	4.137796
1.0	3.336000	10368.000000	1.820152
0.0	3.368000	10368.000000	4.227933
1.0	3.368000	10368.000000	1.528308
0.0	3.400000	10368.000000	4.289513
1.0	3.400000	10368.000000	1.429075
0.0	3.432000	10368.000000	4.014158
1.0	3.432000	10368.000000	1.427595
0.0	3.464000	10368.000000	3.938505
1.0	3.464000	10368.000000	1.880567
0.0	3.496000	10368.000000	4.186789
1.0	3.496000	10368.000000	1.840297
0.0	3.528000	10368.000000	4.523754
1.0	3.528000	10368.000000	1.984273
0.0	3.560000	10368.000000	4.076988
1.0	3.560000	10368.000000	1.926944
0.0	3.592000	10368.000000	3.946545
1.0	3.592000	10368.000000	1.827150
0.0	3.624000	10368.000000	4.011264
1.0	3.624000	10368.000000	1.473260
0.0	3.656000	10368.000000	4.076272
1.0	3.656000	10368.000000	1.851596
2.0	-1.0	10368.000000	336.908223
3.0	-1.0	10368.000000	824.570153
4.0	-1.0	10368.000000	1595.837684
