1.000000	1000.000000	0.018389	1.000000	10.000000
1.000000	1000.000000	0.016034	1.000000	10.000000
1.000000	1000.000000	0.014909	1.000000	10.000000
1.000000	1000.000000	0.014549	1.000000	10.000000
1.000000	1000.000000	0.013828	1.000000	10.000000
2.000000	1000.000000	0.026314	1.693111	10.000000
2.000000	1000.000000	0.024950	1.605348	10.000000
2.000000	1000.000000	0.023598	1.518357	10.000000
2.000000	1000.000000	0.022506	1.448095	10.000000
2.000000	1000.000000	0.022383	1.440181	10.000000
3.000000	1000.000000	0.018847	1.212665	10.000000
3.000000	1000.000000	0.018684	1.202177	10.000000
3.000000	1000.000000	0.018640	1.199346	10.000000
3.000000	1000.000000	0.018673	1.201470	10.000000
3.000000	1000.000000	0.018724	1.204751	10.000000
4.000000	1000.000000	0.021084	1.356600	10.000000
4.000000	1000.000000	0.020923	1.346240	10.000000
4.000000	1000.000000	0.020937	1.347141	10.000000
4.000000	1000.000000	0.020862	1.342316	10.000000
4.000000	1000.000000	0.020775	1.336718	10.000000
5.000000	1000.000000	0.019235	1.237630	10.000000
5.000000	1000.000000	0.019374	1.246574	10.000000
5.000000	1000.000000	0.019437	1.250627	10.000000
5.000000	1000.000000	0.017398	1.119433	10.000000
5.000000	1000.000000	0.016397	1.055026	10.000000
6.000000	1000.000000	0.018201	1.171100	10.000000
6.000000	1000.000000	0.017992	1.157652	10.000000
6.000000	1000.000000	0.017898	1.151604	10.000000
6.000000	1000.000000	0.017713	1.139701	10.000000
6.000000	1000.000000	0.017578	1.131014	10.000000
7.000000	1000.000000	0.017893	1.151282	10.000000
7.000000	1000.000000	0.017811	1.146006	10.000000
7.000000	1000.000000	0.018021	1.159518	10.000000
7.000000	1000.000000	0.018124	1.166145	10.000000
7.000000	1000.000000	0.018111	1.165309	10.000000
8.000000	1000.000000	0.021230	1.365994	10.000000
8.000000	1000.000000	0.020778	1.336911	10.000000
8.000000	1000.000000	0.020694	1.331506	10.000000
8.000000	1000.000000	0.021034	1.353382	10.000000
8.000000	1000.000000	0.020744	1.334723	10.000000
9.000000	1000.000000	0.019985	1.285887	10.000000
9.000000	1000.000000	0.019712	1.268322	10.000000
9.000000	1000.000000	0.020003	1.287045	10.000000
9.000000	1000.000000	0.019644	1.263946	10.000000
9.000000	1000.000000	0.019576	1.259571	10.000000
10.000000	1000.000000	0.023223	1.494228	10.000000
10.000000	1000.000000	0.023084	1.485285	10.000000
10.000000	1000.000000	0.022886	1.472545	10.000000
10.000000	1000.000000	0.022842	1.469714	10.000000
10.000000	1000.000000	0.023946	1.540748	10.000000
11.000000	1000.000000	0.019943	1.283185	10.000000
11.000000	1000.000000	0.020076	1.291742	10.000000
11.000000	1000.000000	0.020114	1.294187	10.000000
11.000000	1000.000000	0.020116	1.294316	10.000000
11.000000	1000.000000	0.020042	1.289555	10.000000
12.000000	1000.000000	0.023688	1.524148	10.000000
12.000000	1000.000000	0.023421	1.506968	10.000000
12.000000	1000.000000	0.023283	1.498089	10.000000
12.000000	1000.000000	0.023247	1.495773	10.000000
12.000000	1000.000000	0.023402	1.505746	10.000000
1.000000	1000.000000	0.873565	1.000000	100.000000
1.000000	1000.000000	0.871744	1.000000	100.000000
1.000000	1000.000000	0.872154	1.000000	100.000000
1.000000	1000.000000	0.871896	1.000000	100.000000
1.000000	1000.000000	0.872096	1.000000	100.000000
2.000000	1000.000000	0.902089	1.034161	100.000000
2.000000	1000.000000	0.842544	0.965898	100.000000
2.000000	1000.000000	0.855546	0.980803	100.000000
2.000000	1000.000000	0.895206	1.026270	100.000000
2.000000	1000.000000	0.841052	0.964187	100.000000
3.000000	1000.000000	0.716659	0.821582	100.000000
3.000000	1000.000000	0.675854	0.774803	100.000000
3.000000	1000.000000	0.685730	0.786125	100.000000
3.000000	1000.000000	0.678219	0.777515	100.000000
3.000000	1000.000000	0.687243	0.787860	100.000000
4.000000	1000.000000	0.627233	0.719064	100.000000
4.000000	1000.000000	0.648089	0.742973	100.000000
4.000000	1000.000000	0.647054	0.741787	100.000000
4.000000	1000.000000	0.640706	0.734509	100.000000
4.000000	1000.000000	0.642665	0.736755	100.000000
5.000000	1000.000000	0.655578	0.751559	100.000000
5.000000	1000.000000	0.644650	0.739031	100.000000
5.000000	1000.000000	0.651558	0.746950	100.000000
5.000000	1000.000000	0.647567	0.742375	100.000000
5.000000	1000.000000	0.652542	0.748078	100.000000
6.000000	1000.000000	0.608750	0.697875	100.000000
6.000000	1000.000000	0.631033	0.723420	100.000000
6.000000	1000.000000	0.628313	0.720302	100.000000
6.000000	1000.000000	0.641037	0.734889	100.000000
6.000000	1000.000000	0.638793	0.732316	100.000000
7.000000	1000.000000	0.649517	0.744610	100.000000
7.000000	1000.000000	0.666676	0.764282	100.000000
7.000000	1000.000000	0.906505	1.039223	100.000000
7.000000	1000.000000	0.650119	0.745301	100.000000
7.000000	1000.000000	0.661737	0.758620	100.000000
8.000000	1000.000000	0.687334	0.787964	100.000000
8.000000	1000.000000	0.652840	0.748420	100.000000
8.000000	1000.000000	0.677000	0.776117	100.000000
8.000000	1000.000000	0.678066	0.777339	100.000000
8.000000	1000.000000	0.654671	0.750519	100.000000
9.000000	1000.000000	0.672215	0.770632	100.000000
9.000000	1000.000000	0.662920	0.759976	100.000000
9.000000	1000.000000	0.669769	0.767827	100.000000
9.000000	1000.000000	0.667301	0.764998	100.000000
9.000000	1000.000000	0.671021	0.769263	100.000000
10.000000	1000.000000	0.667405	0.765117	100.000000
10.000000	1000.000000	0.661780	0.758669	100.000000
10.000000	1000.000000	0.662718	0.759744	100.000000
10.000000	1000.000000	0.667675	0.765427	100.000000
10.000000	1000.000000	0.685187	0.785503	100.000000
11.000000	1000.000000	0.824514	0.945228	100.000000
11.000000	1000.000000	0.687865	0.788573	100.000000
11.000000	1000.000000	0.683395	0.783448	100.000000
11.000000	1000.000000	0.680493	0.780122	100.000000
11.000000	1000.000000	0.678655	0.778014	100.000000
12.000000	1000.000000	0.704276	0.807387	100.000000
12.000000	1000.000000	0.713613	0.818091	100.000000
12.000000	1000.000000	0.692797	0.794227	100.000000
12.000000	1000.000000	0.692886	0.794329	100.000000
12.000000	1000.000000	0.692370	0.793737	100.000000
1.000000	1000.000000	21.802633	1.000000	500.000000
1.000000	1000.000000	21.917809	1.000000	500.000000
1.000000	1000.000000	22.106049	1.000000	500.000000
1.000000	1000.000000	22.158502	1.000000	500.000000
1.000000	1000.000000	22.074816	1.000000	500.000000
2.000000	1000.000000	20.590097	0.935405	500.000000
2.000000	1000.000000	20.520497	0.932243	500.000000
2.000000	1000.000000	20.453200	0.929186	500.000000
2.000000	1000.000000	20.592052	0.935494	500.000000
2.000000	1000.000000	20.535647	0.932931	500.000000
3.000000	1000.000000	17.027126	0.773540	500.000000
3.000000	1000.000000	17.096920	0.776710	500.000000
3.000000	1000.000000	17.242100	0.783306	500.000000
3.000000	1000.000000	17.031758	0.773750	500.000000
3.000000	1000.000000	17.096586	0.776695	500.000000
4.000000	1000.000000	15.765286	0.716214	500.000000
4.000000	1000.000000	15.686703	0.712644	500.000000
4.000000	1000.000000	15.734201	0.714802	500.000000
4.000000	1000.000000	15.681236	0.712396	500.000000
4.000000	1000.000000	15.641455	0.710589	500.000000
5.000000	1000.000000	16.156738	0.733998	500.000000
5.000000	1000.000000	16.213299	0.736568	500.000000
5.000000	1000.000000	16.115642	0.732131	500.000000
5.000000	1000.000000	16.142547	0.733353	500.000000
5.000000	1000.000000	16.069439	0.730032	500.000000
6.000000	1000.000000	15.590766	0.708286	500.000000
6.000000	1000.000000	16.429687	0.746398	500.000000
6.000000	1000.000000	15.551625	0.706508	500.000000
6.000000	1000.000000	15.558308	0.706812	500.000000
6.000000	1000.000000	16.065780	0.729866	500.000000
7.000000	1000.000000	16.213712	0.736586	500.000000
7.000000	1000.000000	16.189081	0.735467	500.000000
7.000000	1000.000000	16.344642	0.742535	500.000000
7.000000	1000.000000	16.212022	0.736510	500.000000
7.000000	1000.000000	16.322310	0.741520	500.000000
8.000000	1000.000000	16.481132	0.748735	500.000000
8.000000	1000.000000	16.655255	0.756646	500.000000
8.000000	1000.000000	16.077110	0.730381	500.000000
8.000000	1000.000000	15.953725	0.724775	500.000000
8.000000	1000.000000	16.114975	0.732101	500.000000
9.000000	1000.000000	16.526145	0.750780	500.000000
9.000000	1000.000000	16.558780	0.752263	500.000000
9.000000	1000.000000	16.561016	0.752364	500.000000
9.000000	1000.000000	16.565132	0.752551	500.000000
9.000000	1000.000000	16.520987	0.750546	500.000000
10.000000	1000.000000	16.911300	0.768278	500.000000
10.000000	1000.000000	16.787874	0.762671	500.000000
10.000000	1000.000000	16.810512	0.763699	500.000000
10.000000	1000.000000	16.930181	0.769135	500.000000
10.000000	1000.000000	16.691783	0.758305	500.000000
11.000000	1000.000000	16.776453	0.762152	500.000000
11.000000	1000.000000	16.713896	0.759310	500.000000
11.000000	1000.000000	16.714279	0.759327	500.000000
11.000000	1000.000000	16.712359	0.759240	500.000000
11.000000	1000.000000	16.612100	0.754685	500.000000
12.000000	1000.000000	16.821043	0.764177	500.000000
12.000000	1000.000000	16.768059	0.761770	500.000000
12.000000	1000.000000	16.805877	0.763488	500.000000
12.000000	1000.000000	16.816352	0.763964	500.000000
12.000000	1000.000000	16.838920	0.764990	500.000000
