1.000000	1000.000000	0.009790	1.000000	6.000000
2.000000	1000.000000	0.009911	1.012360	6.000000
3.000000	1000.000000	0.014642	1.495608	6.000000
4.000000	1000.000000	0.013466	1.375485	6.000000
5.000000	1000.000000	0.014785	1.510215	6.000000
6.000000	1000.000000	0.014404	1.471297	6.000000
7.000000	1000.000000	0.017049	1.741471	6.000000
8.000000	1000.000000	0.016757	1.711645	6.000000
9.000000	1000.000000	0.019255	1.966803	6.000000
10.000000	1000.000000	0.018966	1.937283	6.000000
11.000000	1000.000000	0.046128	4.711747	6.000000
12.000000	1000.000000	0.021620	2.208376	6.000000
1.000000	1000.000000	0.007569	1.000000	6.000000
2.000000	1000.000000	0.011756	1.553177	6.000000
3.000000	1000.000000	0.011570	1.528604	6.000000
4.000000	1000.000000	0.011856	1.566389	6.000000
5.000000	1000.000000	0.014005	1.850310	6.000000
6.000000	1000.000000	0.014396	1.901969	6.000000
7.000000	1000.000000	0.016852	2.226450	6.000000
8.000000	1000.000000	0.016816	2.221694	6.000000
9.000000	1000.000000	0.019422	2.565993	6.000000
10.000000	1000.000000	0.019345	2.555820	6.000000
11.000000	1000.000000	0.024597	3.249703	6.000000
12.000000	1000.000000	0.024951	3.296472	6.000000
1.000000	1000.000000	0.006561	1.000000	6.000000
2.000000	1000.000000	0.010945	1.668191	6.000000
3.000000	1000.000000	0.009910	1.510440	6.000000
4.000000	1000.000000	0.010418	1.587868	6.000000
5.000000	1000.000000	0.012227	1.863588	6.000000
6.000000	1000.000000	0.012379	1.886755	6.000000
7.000000	1000.000000	0.014460	2.203932	6.000000
8.000000	1000.000000	0.014493	2.208962	6.000000
9.000000	1000.000000	0.016972	2.586801	6.000000
10.000000	1000.000000	0.017462	2.661485	6.000000
11.000000	1000.000000	0.022126	3.372352	6.000000
12.000000	1000.000000	0.023528	3.586039	6.000000
1.000000	1000.000000	0.006355	1.000000	6.000000
2.000000	1000.000000	0.010245	1.612116	6.000000
3.000000	1000.000000	0.009722	1.529819	6.000000
4.000000	1000.000000	0.010588	1.666090	6.000000
5.000000	1000.000000	0.011336	1.783792	6.000000
6.000000	1000.000000	0.013446	2.115814	6.000000
7.000000	1000.000000	0.013444	2.115500	6.000000
8.000000	1000.000000	0.015835	2.491739	6.000000
9.000000	1000.000000	0.016090	2.531865	6.000000
10.000000	1000.000000	0.020654	3.250039	6.000000
11.000000	1000.000000	0.018297	2.879150	6.000000
12.000000	1000.000000	0.021491	3.381747	6.000000
1.000000	1000.000000	0.006344	1.000000	6.000000
2.000000	1000.000000	0.010380	1.636192	6.000000
3.000000	1000.000000	0.009546	1.504729	6.000000
4.000000	1000.000000	0.011230	1.770177	6.000000
5.000000	1000.000000	0.011279	1.777900	6.000000
6.000000	1000.000000	0.012947	2.040826	6.000000
7.000000	1000.000000	0.013273	2.092213	6.000000
8.000000	1000.000000	0.015610	2.460593	6.000000
9.000000	1000.000000	0.016635	2.622163	6.000000
10.000000	1000.000000	0.021064	3.320303	6.000000
11.000000	1000.000000	0.018387	2.898329	6.000000
12.000000	1000.000000	0.019987	3.150536	6.000000
1.000000	1000.000000	0.006346	1.000000	6.000000
2.000000	1000.000000	0.010487	1.652537	6.000000
3.000000	1000.000000	0.009710	1.530098	6.000000
4.000000	1000.000000	0.010538	1.660574	6.000000
5.000000	1000.000000	0.011785	1.857075	6.000000
6.000000	1000.000000	0.011977	1.887331	6.000000
7.000000	1000.000000	0.013907	2.191459	6.000000
8.000000	1000.000000	0.014487	2.282855	6.000000
9.000000	1000.000000	0.016904	2.663725	6.000000
10.000000	1000.000000	0.017121	2.697920	6.000000
11.000000	1000.000000	0.020860	3.287110	6.000000
12.000000	1000.000000	0.020029	3.156161	6.000000
1.000000	1000.000000	0.006289	1.000000	6.000000
2.000000	1000.000000	0.010416	1.656225	6.000000
3.000000	1000.000000	0.009733	1.547623	6.000000
4.000000	1000.000000	0.010502	1.669900	6.000000
5.000000	1000.000000	0.012016	1.910638	6.000000
6.000000	1000.000000	0.012174	1.935761	6.000000
7.000000	1000.000000	0.013809	2.195739	6.000000
8.000000	1000.000000	0.014518	2.308475	6.000000
9.000000	1000.000000	0.016810	2.672921	6.000000
10.000000	1000.000000	0.017056	2.712037	6.000000
11.000000	1000.000000	0.021997	3.497694	6.000000
12.000000	1000.000000	0.023658	3.761806	6.000000
1.000000	1000.000000	0.006353	1.000000	6.000000
2.000000	1000.000000	0.010225	1.609476	6.000000
3.000000	1000.000000	0.009710	1.528412	6.000000
4.000000	1000.000000	0.010901	1.715882	6.000000
5.000000	1000.000000	0.011266	1.773335	6.000000
6.000000	1000.000000	0.013387	2.107193	6.000000
7.000000	1000.000000	0.013549	2.132693	6.000000
8.000000	1000.000000	0.015610	2.457107	6.000000
9.000000	1000.000000	0.015963	2.512671	6.000000
10.000000	1000.000000	0.018112	2.850937	6.000000
11.000000	1000.000000	0.018607	2.928853	6.000000
12.000000	1000.000000	0.019675	3.096962	6.000000
1.000000	1000.000000	0.006379	1.000000	6.000000
2.000000	1000.000000	0.010282	1.611851	6.000000
3.000000	1000.000000	0.009636	1.510582	6.000000
4.000000	1000.000000	0.010493	1.644929	6.000000
5.000000	1000.000000	0.012250	1.920364	6.000000
6.000000	1000.000000	0.012132	1.901865	6.000000
7.000000	1000.000000	0.013987	2.192663	6.000000
8.000000	1000.000000	0.014462	2.267127	6.000000
9.000000	1000.000000	0.016812	2.635523	6.000000
10.000000	1000.000000	0.017076	2.676909	6.000000
11.000000	1000.000000	0.019496	3.056278	6.000000
12.000000	1000.000000	0.019843	3.110676	6.000000
1.000000	1000.000000	0.006326	1.000000	6.000000
2.000000	1000.000000	0.010377	1.640373	6.000000
3.000000	1000.000000	0.009802	1.549478	6.000000
4.000000	1000.000000	0.010129	1.601170	6.000000
5.000000	1000.000000	0.011855	1.874012	6.000000
6.000000	1000.000000	0.012055	1.905628	6.000000
7.000000	1000.000000	0.014078	2.225419	6.000000
8.000000	1000.000000	0.014528	2.296554	6.000000
9.000000	1000.000000	0.015443	2.441195	6.000000
10.000000	1000.000000	0.020282	3.206133	6.000000
11.000000	1000.000000	0.018467	2.919222	6.000000
12.000000	1000.000000	0.020925	3.307777	6.000000
1.000000	1000.000000	0.013284	1.000000	10.000000
2.000000	1000.000000	0.021516	1.619693	10.000000
3.000000	1000.000000	0.017386	1.308793	10.000000
4.000000	1000.000000	0.017858	1.344324	10.000000
5.000000	1000.000000	0.018616	1.401385	10.000000
6.000000	1000.000000	0.019194	1.444896	10.000000
7.000000	1000.000000	0.019885	1.496914	10.000000
8.000000	1000.000000	0.021553	1.622478	10.000000
9.000000	1000.000000	0.024393	1.836269	10.000000
10.000000	1000.000000	0.024471	1.842141	10.000000
11.000000	1000.000000	0.027917	2.101551	10.000000
12.000000	1000.000000	0.030868	2.323698	10.000000
1.000000	1000.000000	0.013265	1.000000	10.000000
2.000000	1000.000000	0.015317	1.154693	10.000000
3.000000	1000.000000	0.014240	1.073502	10.000000
4.000000	1000.000000	0.015352	1.157331	10.000000
5.000000	1000.000000	0.015347	1.156954	10.000000
6.000000	1000.000000	0.019296	1.454655	10.000000
7.000000	1000.000000	0.019857	1.496947	10.000000
8.000000	1000.000000	0.022877	1.724614	10.000000
9.000000	1000.000000	0.023261	1.753562	10.000000
10.000000	1000.000000	0.026459	1.994648	10.000000
11.000000	1000.000000	0.026588	2.004372	10.000000
12.000000	1000.000000	0.039616	2.986506	10.000000
1.000000	1000.000000	0.013048	1.000000	10.000000
2.000000	1000.000000	0.009507	0.728617	10.000000
3.000000	1000.000000	0.014585	1.117796	10.000000
4.000000	1000.000000	0.015877	1.216815	10.000000
5.000000	1000.000000	0.016287	1.248237	10.000000
6.000000	1000.000000	0.018443	1.413473	10.000000
7.000000	1000.000000	0.018858	1.445279	10.000000
8.000000	1000.000000	0.022032	1.688535	10.000000
9.000000	1000.000000	0.021517	1.649065	10.000000
10.000000	1000.000000	0.026197	2.007741	10.000000
11.000000	1000.000000	0.026652	2.042612	10.000000
12.000000	1000.000000	0.027483	2.106300	10.000000
1.000000	1000.000000	0.013384	1.000000	10.000000
2.000000	1000.000000	0.014807	1.106321	10.000000
3.000000	1000.000000	0.014677	1.096608	10.000000
4.000000	1000.000000	0.016636	1.242977	10.000000
5.000000	1000.000000	0.016428	1.227436	10.000000
6.000000	1000.000000	0.017991	1.344217	10.000000
7.000000	1000.000000	0.017103	1.277869	10.000000
8.000000	1000.000000	0.020135	1.504408	10.000000
9.000000	1000.000000	0.022692	1.695457	10.000000
10.000000	1000.000000	0.025881	1.933727	10.000000
11.000000	1000.000000	0.025329	1.892484	10.000000
12.000000	1000.000000	0.026028	1.944710	10.000000
1.000000	1000.000000	0.013280	1.000000	10.000000
2.000000	1000.000000	0.015327	1.154142	10.000000
3.000000	1000.000000	0.014678	1.105271	10.000000
4.000000	1000.000000	0.014862	1.119127	10.000000
5.000000	1000.000000	0.018084	1.361747	10.000000
6.000000	1000.000000	0.017339	1.305648	10.000000
7.000000	1000.000000	0.020343	1.531852	10.000000
8.000000	1000.000000	0.021398	1.611295	10.000000
9.000000	1000.000000	0.023318	1.755873	10.000000
10.000000	1000.000000	0.027755	2.089985	10.000000
11.000000	1000.000000	0.024977	1.880798	10.000000
12.000000	1000.000000	0.027420	2.064759	10.000000
1.000000	1000.000000	0.013310	1.000000	10.000000
2.000000	1000.000000	0.014973	1.124944	10.000000
3.000000	1000.000000	0.014449	1.085575	10.000000
4.000000	1000.000000	0.015156	1.138693	10.000000
5.000000	1000.000000	0.016729	1.256875	10.000000
6.000000	1000.000000	0.019023	1.429226	10.000000
7.000000	1000.000000	0.018780	1.410969	10.000000
8.000000	1000.000000	0.021698	1.630203	10.000000
9.000000	1000.000000	0.022712	1.706386	10.000000
10.000000	1000.000000	0.027230	2.045830	10.000000
11.000000	1000.000000	0.025948	1.949512	10.000000
12.000000	1000.000000	0.028646	2.152216	10.000000
1.000000	1000.000000	0.013301	1.000000	10.000000
2.000000	1000.000000	0.015284	1.149087	10.000000
3.000000	1000.000000	0.014599	1.097587	10.000000
4.000000	1000.000000	0.014936	1.122923	10.000000
5.000000	1000.000000	0.015218	1.144125	10.000000
6.000000	1000.000000	0.017823	1.339974	10.000000
7.000000	1000.000000	0.021291	1.600707	10.000000
8.000000	1000.000000	0.021688	1.630554	10.000000
9.000000	1000.000000	0.023010	1.729945	10.000000
10.000000	1000.000000	0.025017	1.880836	10.000000
11.000000	1000.000000	0.024345	1.830314	10.000000
12.000000	1000.000000	0.024650	1.853244	10.000000
1.000000	1000.000000	0.013342	1.000000	10.000000
2.000000	1000.000000	0.015090	1.131015	10.000000
3.000000	1000.000000	0.015487	1.160770	10.000000
4.000000	1000.000000	0.015274	1.144806	10.000000
5.000000	1000.000000	0.015905	1.192100	10.000000
6.000000	1000.000000	0.016399	1.229126	10.000000
7.000000	1000.000000	0.019750	1.480288	10.000000
8.000000	1000.000000	0.021306	1.596912	10.000000
9.000000	1000.000000	0.021944	1.644731	10.000000
10.000000	1000.000000	0.027691	2.075476	10.000000
11.000000	1000.000000	0.025371	1.901589	10.000000
12.000000	1000.000000	0.038821	2.909684	10.000000
1.000000	1000.000000	0.013720	1.000000	10.000000
2.000000	1000.000000	0.015264	1.112536	10.000000
3.000000	1000.000000	0.014663	1.068732	10.000000
4.000000	1000.000000	0.017004	1.239359	10.000000
5.000000	1000.000000	0.016723	1.218878	10.000000
6.000000	1000.000000	0.018953	1.381414	10.000000
7.000000	1000.000000	0.020090	1.464286	10.000000
8.000000	1000.000000	0.021334	1.554956	10.000000
9.000000	1000.000000	0.025217	1.837974	10.000000
10.000000	1000.000000	0.023662	1.724636	10.000000
11.000000	1000.000000	0.028514	2.078280	10.000000
12.000000	1000.000000	0.028894	2.105977	10.000000
1.000000	1000.000000	0.013348	1.000000	10.000000
2.000000	1000.000000	0.021542	1.613875	10.000000
3.000000	1000.000000	0.023881	1.789107	10.000000
4.000000	1000.000000	0.020336	1.523524	10.000000
5.000000	1000.000000	0.017582	1.317201	10.000000
6.000000	1000.000000	0.019970	1.496104	10.000000
7.000000	1000.000000	0.020530	1.538058	10.000000
8.000000	1000.000000	0.021872	1.638598	10.000000
9.000000	1000.000000	0.023598	1.767905	10.000000
10.000000	1000.000000	0.027588	2.066826	10.000000
11.000000	1000.000000	0.026127	1.957372	10.000000
12.000000	1000.000000	0.078640	5.891519	10.000000
1.000000	1000.000000	0.047492	1.000000	20.000000
2.000000	1000.000000	0.058196	1.225385	20.000000
3.000000	1000.000000	0.043207	0.909774	20.000000
4.000000	1000.000000	0.031631	0.666028	20.000000
5.000000	1000.000000	0.025449	0.535859	20.000000
6.000000	1000.000000	0.031969	0.673145	20.000000
7.000000	1000.000000	0.031100	0.654847	20.000000
8.000000	1000.000000	0.035229	0.741788	20.000000
9.000000	1000.000000	0.035801	0.753832	20.000000
10.000000	1000.000000	0.039236	0.826160	20.000000
11.000000	1000.000000	0.037283	0.785037	20.000000
12.000000	1000.000000	0.059588	1.254696	20.000000
1.000000	1000.000000	0.045723	1.000000	20.000000
2.000000	1000.000000	0.060794	1.329615	20.000000
3.000000	1000.000000	0.048616	1.063272	20.000000
4.000000	1000.000000	0.034669	0.758240	20.000000
5.000000	1000.000000	0.026510	0.579796	20.000000
6.000000	1000.000000	0.031168	0.681670	20.000000
7.000000	1000.000000	0.031530	0.689587	20.000000
8.000000	1000.000000	0.034530	0.755200	20.000000
9.000000	1000.000000	0.035476	0.775890	20.000000
10.000000	1000.000000	0.039528	0.864510	20.000000
11.000000	1000.000000	0.037288	0.815520	20.000000
12.000000	1000.000000	0.040049	0.875905	20.000000
1.000000	1000.000000	0.045674	1.000000	20.000000
2.000000	1000.000000	0.060082	1.315453	20.000000
3.000000	1000.000000	0.038728	0.847922	20.000000
4.000000	1000.000000	0.031981	0.700201	20.000000
5.000000	1000.000000	0.029966	0.656084	20.000000
6.000000	1000.000000	0.029291	0.641306	20.000000
7.000000	1000.000000	0.029963	0.656019	20.000000
8.000000	1000.000000	0.033699	0.737816	20.000000
9.000000	1000.000000	0.034960	0.765425	20.000000
10.000000	1000.000000	0.039151	0.857184	20.000000
11.000000	1000.000000	0.040126	0.878530	20.000000
12.000000	1000.000000	0.041534	0.909358	20.000000
1.000000	1000.000000	0.045353	1.000000	20.000000
2.000000	1000.000000	0.059938	1.321588	20.000000
3.000000	1000.000000	0.038645	0.852094	20.000000
4.000000	1000.000000	0.032085	0.707450	20.000000
5.000000	1000.000000	0.032680	0.720570	20.000000
6.000000	1000.000000	0.031941	0.704275	20.000000
7.000000	1000.000000	0.032403	0.714462	20.000000
8.000000	1000.000000	0.032310	0.712412	20.000000
9.000000	1000.000000	0.034529	0.761339	20.000000
10.000000	1000.000000	0.038938	0.858554	20.000000
11.000000	1000.000000	0.037380	0.824201	20.000000
12.000000	1000.000000	0.039045	0.860913	20.000000
1.000000	1000.000000	0.045705	1.000000	20.000000
2.000000	1000.000000	0.052293	1.144142	20.000000
3.000000	1000.000000	0.049293	1.078503	20.000000
4.000000	1000.000000	0.033978	0.743420	20.000000
5.000000	1000.000000	0.030877	0.675572	20.000000
6.000000	1000.000000	0.033122	0.724691	20.000000
7.000000	1000.000000	0.031953	0.699114	20.000000
8.000000	1000.000000	0.035224	0.770682	20.000000
9.000000	1000.000000	0.036623	0.801291	20.000000
10.000000	1000.000000	0.039059	0.854589	20.000000
11.000000	1000.000000	0.037668	0.824155	20.000000
12.000000	1000.000000	0.039162	0.856843	20.000000
1.000000	1000.000000	0.045767	1.000000	20.000000
2.000000	1000.000000	0.059989	1.310748	20.000000
3.000000	1000.000000	0.048445	1.058514	20.000000
4.000000	1000.000000	0.033291	0.727402	20.000000
5.000000	1000.000000	0.026238	0.573295	20.000000
6.000000	1000.000000	0.030199	0.659842	20.000000
7.000000	1000.000000	0.032164	0.702777	20.000000
8.000000	1000.000000	0.035279	0.770839	20.000000
9.000000	1000.000000	0.035207	0.769266	20.000000
10.000000	1000.000000	0.039803	0.869688	20.000000
11.000000	1000.000000	0.037897	0.828042	20.000000
12.000000	1000.000000	0.040553	0.886075	20.000000
1.000000	1000.000000	0.046238	1.000000	20.000000
2.000000	1000.000000	0.050506	1.092305	20.000000
3.000000	1000.000000	0.049223	1.064557	20.000000
4.000000	1000.000000	0.033627	0.727259	20.000000
5.000000	1000.000000	0.030364	0.656689	20.000000
6.000000	1000.000000	0.029782	0.644102	20.000000
7.000000	1000.000000	0.031078	0.672131	20.000000
8.000000	1000.000000	0.036102	0.780786	20.000000
9.000000	1000.000000	0.036554	0.790562	20.000000
10.000000	1000.000000	0.038870	0.840651	20.000000
11.000000	1000.000000	0.037499	0.811000	20.000000
12.000000	1000.000000	0.050786	1.098361	20.000000
1.000000	1000.000000	0.046587	1.000000	20.000000
2.000000	1000.000000	0.060156	1.291262	20.000000
3.000000	1000.000000	0.037363	0.802005	20.000000
4.000000	1000.000000	0.032436	0.696246	20.000000
5.000000	1000.000000	0.030928	0.663876	20.000000
6.000000	1000.000000	0.032619	0.700174	20.000000
7.000000	1000.000000	0.030933	0.663984	20.000000
8.000000	1000.000000	0.033219	0.713053	20.000000
9.000000	1000.000000	0.035663	0.765514	20.000000
10.000000	1000.000000	0.038964	0.836371	20.000000
11.000000	1000.000000	0.037462	0.804130	20.000000
12.000000	1000.000000	0.040057	0.859832	20.000000
1.000000	1000.000000	0.045756	1.000000	20.000000
2.000000	1000.000000	0.052139	1.139501	20.000000
3.000000	1000.000000	0.049882	1.090174	20.000000
4.000000	1000.000000	0.031879	0.696717	20.000000
5.000000	1000.000000	0.026747	0.584557	20.000000
6.000000	1000.000000	0.030412	0.664656	20.000000
7.000000	1000.000000	0.030554	0.667759	20.000000
8.000000	1000.000000	0.034913	0.763026	20.000000
9.000000	1000.000000	0.037106	0.810954	20.000000
10.000000	1000.000000	0.039246	0.857724	20.000000
11.000000	1000.000000	0.037520	0.820002	20.000000
12.000000	1000.000000	0.040005	0.874312	20.000000
1.000000	1000.000000	0.046914	1.000000	20.000000
2.000000	1000.000000	0.051920	1.106706	20.000000
3.000000	1000.000000	0.036164	0.770857	20.000000
4.000000	1000.000000	0.030629	0.652875	20.000000
5.000000	1000.000000	0.029693	0.632924	20.000000
6.000000	1000.000000	0.028634	0.610351	20.000000
7.000000	1000.000000	0.029094	0.620156	20.000000
8.000000	1000.000000	0.032213	0.686639	20.000000
9.000000	1000.000000	0.036842	0.785309	20.000000
10.000000	1000.000000	0.036242	0.772520	20.000000
11.000000	1000.000000	0.040542	0.864177	20.000000
12.000000	1000.000000	0.043778	0.933154	20.000000
1.000000	1000.000000	0.140888	1.000000	36.000000
2.000000	1000.000000	0.139441	0.989729	36.000000
3.000000	1000.000000	0.079670	0.565485	36.000000
4.000000	1000.000000	0.079711	0.565776	36.000000
5.000000	1000.000000	0.068983	0.489630	36.000000
6.000000	1000.000000	0.072848	0.517063	36.000000
7.000000	1000.000000	0.075646	0.536923	36.000000
8.000000	1000.000000	0.071875	0.510157	36.000000
9.000000	1000.000000	0.066143	0.469472	36.000000
10.000000	1000.000000	0.099300	0.704815	36.000000
11.000000	1000.000000	0.081043	0.575230	36.000000
12.000000	1000.000000	0.081410	0.577835	36.000000
1.000000	1000.000000	0.137784	1.000000	36.000000
2.000000	1000.000000	0.128296	0.931139	36.000000
3.000000	1000.000000	0.083632	0.606979	36.000000
4.000000	1000.000000	0.077766	0.564405	36.000000
5.000000	1000.000000	0.063258	0.459110	36.000000
6.000000	1000.000000	0.069742	0.506169	36.000000
7.000000	1000.000000	0.072413	0.525554	36.000000
8.000000	1000.000000	0.071471	0.518718	36.000000
9.000000	1000.000000	0.072560	0.526621	36.000000
10.000000	1000.000000	0.080486	0.584146	36.000000
11.000000	1000.000000	0.077015	0.558955	36.000000
12.000000	1000.000000	0.079870	0.579675	36.000000
1.000000	1000.000000	0.138001	1.000000	36.000000
2.000000	1000.000000	0.135324	0.980602	36.000000
3.000000	1000.000000	0.105562	0.764936	36.000000
4.000000	1000.000000	0.069744	0.505388	36.000000
5.000000	1000.000000	0.062450	0.452533	36.000000
6.000000	1000.000000	0.072324	0.524083	36.000000
7.000000	1000.000000	0.073423	0.532047	36.000000
8.000000	1000.000000	0.077224	0.559590	36.000000
9.000000	1000.000000	0.074356	0.538808	36.000000
10.000000	1000.000000	0.074881	0.542612	36.000000
11.000000	1000.000000	0.077347	0.560481	36.000000
12.000000	1000.000000	0.077882	0.564358	36.000000
1.000000	1000.000000	0.140289	1.000000	36.000000
2.000000	1000.000000	0.127719	0.910399	36.000000
3.000000	1000.000000	0.098110	0.699342	36.000000
4.000000	1000.000000	0.069507	0.495456	36.000000
5.000000	1000.000000	0.072361	0.515800	36.000000
6.000000	1000.000000	0.075912	0.541112	36.000000
7.000000	1000.000000	0.072816	0.519043	36.000000
8.000000	1000.000000	0.071486	0.509562	36.000000
9.000000	1000.000000	0.073947	0.527105	36.000000
10.000000	1000.000000	0.078728	0.561184	36.000000
11.000000	1000.000000	0.082519	0.588207	36.000000
12.000000	1000.000000	0.082829	0.590417	36.000000
1.000000	1000.000000	0.139740	1.000000	36.000000
2.000000	1000.000000	0.143887	1.029677	36.000000
3.000000	1000.000000	0.099257	0.710298	36.000000
4.000000	1000.000000	0.078264	0.560069	36.000000
5.000000	1000.000000	0.078026	0.558366	36.000000
6.000000	1000.000000	0.074438	0.532689	36.000000
7.000000	1000.000000	0.066823	0.478195	36.000000
8.000000	1000.000000	0.073155	0.523508	36.000000
9.000000	1000.000000	0.077148	0.552082	36.000000
10.000000	1000.000000	0.078722	0.563346	36.000000
11.000000	1000.000000	0.078023	0.558344	36.000000
12.000000	1000.000000	0.079364	0.567940	36.000000
1.000000	1000.000000	0.144887	1.000000	36.000000
2.000000	1000.000000	0.128601	0.887595	36.000000
3.000000	1000.000000	0.084984	0.586554	36.000000
4.000000	1000.000000	0.078838	0.544134	36.000000
5.000000	1000.000000	0.065879	0.454692	36.000000
6.000000	1000.000000	0.069566	0.480140	36.000000
7.000000	1000.000000	0.077414	0.534306	36.000000
8.000000	1000.000000	0.074882	0.516830	36.000000
9.000000	1000.000000	0.073596	0.507954	36.000000
10.000000	1000.000000	0.072998	0.503827	36.000000
11.000000	1000.000000	0.077772	0.536777	36.000000
12.000000	1000.000000	0.082041	0.566241	36.000000
1.000000	1000.000000	0.137482	1.000000	36.000000
2.000000	1000.000000	0.128360	0.933649	36.000000
3.000000	1000.000000	0.094679	0.688665	36.000000
4.000000	1000.000000	0.069139	0.502895	36.000000
5.000000	1000.000000	0.073816	0.536914	36.000000
6.000000	1000.000000	0.075386	0.548334	36.000000
7.000000	1000.000000	0.079103	0.575370	36.000000
8.000000	1000.000000	0.074609	0.542682	36.000000
9.000000	1000.000000	0.073578	0.535183	36.000000
10.000000	1000.000000	0.071059	0.516860	36.000000
11.000000	1000.000000	0.080688	0.586899	36.000000
12.000000	1000.000000	0.080525	0.585713	36.000000
1.000000	1000.000000	0.139706	1.000000	36.000000
2.000000	1000.000000	0.128287	0.918264	36.000000
3.000000	1000.000000	0.106494	0.762272	36.000000
4.000000	1000.000000	0.069584	0.498075	36.000000
5.000000	1000.000000	0.065085	0.465871	36.000000
6.000000	1000.000000	0.076550	0.547936	36.000000
7.000000	1000.000000	0.072076	0.515912	36.000000
8.000000	1000.000000	0.071483	0.511667	36.000000
9.000000	1000.000000	0.072282	0.517387	36.000000
10.000000	1000.000000	0.079711	0.570562	36.000000
11.000000	1000.000000	0.076313	0.546240	36.000000
12.000000	1000.000000	0.079154	0.566576	36.000000
1.000000	1000.000000	0.140044	1.000000	36.000000
2.000000	1000.000000	0.127793	0.912520	36.000000
3.000000	1000.000000	0.094263	0.673096	36.000000
4.000000	1000.000000	0.069530	0.496487	36.000000
5.000000	1000.000000	0.075319	0.537824	36.000000
6.000000	1000.000000	0.075439	0.538681	36.000000
7.000000	1000.000000	0.072885	0.520444	36.000000
8.000000	1000.000000	0.070317	0.502106	36.000000
9.000000	1000.000000	0.075786	0.541158	36.000000
10.000000	1000.000000	0.076622	0.547128	36.000000
11.000000	1000.000000	0.078296	0.559081	36.000000
12.000000	1000.000000	0.081882	0.584688	36.000000
1.000000	1000.000000	0.137303	1.000000	36.000000
2.000000	1000.000000	0.128936	0.939062	36.000000
3.000000	1000.000000	0.083963	0.611516	36.000000
4.000000	1000.000000	0.081027	0.590133	36.000000
5.000000	1000.000000	0.067490	0.491541	36.000000
6.000000	1000.000000	0.070477	0.513295	36.000000
7.000000	1000.000000	0.076700	0.558619	36.000000
8.000000	1000.000000	0.077469	0.564219	36.000000
9.000000	1000.000000	0.075178	0.547534	36.000000
10.000000	1000.000000	0.076890	0.560002	36.000000
11.000000	1000.000000	0.080805	0.588516	36.000000
12.000000	1000.000000	0.079381	0.578145	36.000000
1.000000	1000.000000	0.260565	1.000000	50.000000
2.000000	1000.000000	0.221531	0.850195	50.000000
3.000000	1000.000000	0.148193	0.568737	50.000000
4.000000	1000.000000	0.154580	0.593249	50.000000
5.000000	1000.000000	0.122637	0.470658	50.000000
6.000000	1000.000000	0.118764	0.455794	50.000000
7.000000	1000.000000	0.126394	0.485077	50.000000
8.000000	1000.000000	0.120260	0.461536	50.000000
9.000000	1000.000000	0.125006	0.479750	50.000000
10.000000	1000.000000	0.113809	0.436778	50.000000
11.000000	1000.000000	0.128102	0.491632	50.000000
12.000000	1000.000000	0.121922	0.467914	50.000000
1.000000	1000.000000	0.265434	1.000000	50.000000
2.000000	1000.000000	0.203337	0.766055	50.000000
3.000000	1000.000000	0.177506	0.668739	50.000000
4.000000	1000.000000	0.137193	0.516863	50.000000
5.000000	1000.000000	0.135592	0.510831	50.000000
6.000000	1000.000000	0.125619	0.473259	50.000000
7.000000	1000.000000	0.116612	0.439326	50.000000
8.000000	1000.000000	0.123636	0.465788	50.000000
9.000000	1000.000000	0.282171	1.063055	50.000000
10.000000	1000.000000	0.125530	0.472924	50.000000
11.000000	1000.000000	0.121900	0.459248	50.000000
12.000000	1000.000000	0.123535	0.465408	50.000000
1.000000	1000.000000	0.282065	1.000000	50.000000
2.000000	1000.000000	0.211953	0.751433	50.000000
3.000000	1000.000000	0.169221	0.599936	50.000000
4.000000	1000.000000	0.137306	0.486789	50.000000
5.000000	1000.000000	0.138786	0.492036	50.000000
6.000000	1000.000000	0.118085	0.418645	50.000000
7.000000	1000.000000	0.124748	0.442267	50.000000
8.000000	1000.000000	0.119574	0.423924	50.000000
9.000000	1000.000000	0.124153	0.440157	50.000000
10.000000	1000.000000	0.114638	0.406424	50.000000
11.000000	1000.000000	0.130491	0.462627	50.000000
12.000000	1000.000000	0.127941	0.453587	50.000000
1.000000	1000.000000	0.262644	1.000000	50.000000
2.000000	1000.000000	0.224267	0.853882	50.000000
3.000000	1000.000000	0.170311	0.648448	50.000000
4.000000	1000.000000	0.136906	0.521261	50.000000
5.000000	1000.000000	0.123757	0.471197	50.000000
6.000000	1000.000000	0.125712	0.478640	50.000000
7.000000	1000.000000	0.111789	0.425629	50.000000
8.000000	1000.000000	0.125419	0.477525	50.000000
9.000000	1000.000000	0.123513	0.470268	50.000000
10.000000	1000.000000	0.116798	0.444701	50.000000
11.000000	1000.000000	0.125303	0.477083	50.000000
12.000000	1000.000000	0.125212	0.476737	50.000000
1.000000	1000.000000	0.260504	1.000000	50.000000
2.000000	1000.000000	0.191010	0.733233	50.000000
3.000000	1000.000000	0.171235	0.657322	50.000000
4.000000	1000.000000	0.134117	0.514837	50.000000
5.000000	1000.000000	0.123801	0.475236	50.000000
6.000000	1000.000000	0.121288	0.465590	50.000000
7.000000	1000.000000	0.127853	0.490791	50.000000
8.000000	1000.000000	0.117572	0.451325	50.000000
9.000000	1000.000000	0.124636	0.478442	50.000000
10.000000	1000.000000	0.124695	0.478668	50.000000
11.000000	1000.000000	0.122493	0.470215	50.000000
12.000000	1000.000000	0.125178	0.480522	50.000000
1.000000	1000.000000	0.265383	1.000000	50.000000
2.000000	1000.000000	0.218885	0.824789	50.000000
3.000000	1000.000000	0.151755	0.571834	50.000000
4.000000	1000.000000	0.134550	0.507003	50.000000
5.000000	1000.000000	0.122081	0.460018	50.000000
6.000000	1000.000000	0.126618	0.477114	50.000000
7.000000	1000.000000	0.122711	0.462392	50.000000
8.000000	1000.000000	0.123901	0.466876	50.000000
9.000000	1000.000000	0.120708	0.454845	50.000000
10.000000	1000.000000	0.121357	0.457290	50.000000
11.000000	1000.000000	0.120328	0.453413	50.000000
12.000000	1000.000000	0.122699	0.462347	50.000000
1.000000	1000.000000	0.265520	1.000000	50.000000
2.000000	1000.000000	0.201455	0.758719	50.000000
3.000000	1000.000000	0.148563	0.559517	50.000000
4.000000	1000.000000	0.153964	0.579858	50.000000
5.000000	1000.000000	0.122942	0.463024	50.000000
6.000000	1000.000000	0.120450	0.453638	50.000000
7.000000	1000.000000	0.128555	0.484163	50.000000
8.000000	1000.000000	0.118391	0.445884	50.000000
9.000000	1000.000000	0.123705	0.465897	50.000000
10.000000	1000.000000	0.123015	0.463298	50.000000
11.000000	1000.000000	0.122811	0.462530	50.000000
12.000000	1000.000000	0.126183	0.475230	50.000000
1.000000	1000.000000	0.265783	1.000000	50.000000
2.000000	1000.000000	0.237986	0.895415	50.000000
3.000000	1000.000000	0.176280	0.663248	50.000000
4.000000	1000.000000	0.134408	0.505706	50.000000
5.000000	1000.000000	0.142326	0.535497	50.000000
6.000000	1000.000000	0.118681	0.446533	50.000000
7.000000	1000.000000	0.114926	0.432405	50.000000
8.000000	1000.000000	0.117713	0.442891	50.000000
9.000000	1000.000000	0.126442	0.475734	50.000000
10.000000	1000.000000	0.123630	0.465154	50.000000
11.000000	1000.000000	0.120510	0.453415	50.000000
12.000000	1000.000000	0.137939	0.518991	50.000000
1.000000	1000.000000	0.265933	1.000000	50.000000
2.000000	1000.000000	0.233963	0.879782	50.000000
3.000000	1000.000000	0.149865	0.563544	50.000000
4.000000	1000.000000	0.134310	0.505052	50.000000
5.000000	1000.000000	0.123817	0.465595	50.000000
6.000000	1000.000000	0.126710	0.476473	50.000000
7.000000	1000.000000	0.124593	0.468513	50.000000
8.000000	1000.000000	0.120459	0.452967	50.000000
9.000000	1000.000000	0.125576	0.472209	50.000000
10.000000	1000.000000	0.123591	0.464745	50.000000
11.000000	1000.000000	0.121387	0.456457	50.000000
12.000000	1000.000000	0.128126	0.481798	50.000000
1.000000	1000.000000	0.266037	1.000000	50.000000
2.000000	1000.000000	0.225536	0.847762	50.000000
3.000000	1000.000000	0.193378	0.726884	50.000000
4.000000	1000.000000	0.139546	0.524536	50.000000
5.000000	1000.000000	0.132491	0.498017	50.000000
6.000000	1000.000000	0.123112	0.462763	50.000000
7.000000	1000.000000	0.127920	0.480835	50.000000
8.000000	1000.000000	0.475450	1.787157	50.000000
9.000000	1000.000000	0.117965	0.443416	50.000000
10.000000	1000.000000	0.128949	0.484703	50.000000
11.000000	1000.000000	0.121619	0.457151	50.000000
12.000000	1000.000000	0.126745	0.476419	50.000000
1.000000	1000.000000	1.055252	1.000000	100.000000
2.000000	1000.000000	0.813484	0.770891	100.000000
3.000000	1000.000000	0.601447	0.569956	100.000000
4.000000	1000.000000	0.530304	0.502538	100.000000
5.000000	1000.000000	0.483853	0.458519	100.000000
6.000000	1000.000000	0.494098	0.468227	100.000000
7.000000	1000.000000	0.469489	0.444907	100.000000
8.000000	1000.000000	0.460073	0.435984	100.000000
9.000000	1000.000000	0.505869	0.479382	100.000000
10.000000	1000.000000	0.468360	0.443837	100.000000
11.000000	1000.000000	0.467991	0.443487	100.000000
12.000000	1000.000000	0.462628	0.438405	100.000000
1.000000	1000.000000	1.057028	1.000000	100.000000
2.000000	1000.000000	0.808508	0.764888	100.000000
3.000000	1000.000000	0.647952	0.612994	100.000000
4.000000	1000.000000	0.530338	0.501726	100.000000
5.000000	1000.000000	0.510869	0.483307	100.000000
6.000000	1000.000000	0.486795	0.460532	100.000000
7.000000	1000.000000	0.477303	0.451552	100.000000
8.000000	1000.000000	0.471171	0.445751	100.000000
9.000000	1000.000000	0.468711	0.443423	100.000000
10.000000	1000.000000	0.591849	0.559918	100.000000
11.000000	1000.000000	0.462940	0.437964	100.000000
12.000000	1000.000000	0.473313	0.447777	100.000000
1.000000	1000.000000	1.041139	1.000000	100.000000
2.000000	1000.000000	0.799822	0.768218	100.000000
3.000000	1000.000000	0.595713	0.572174	100.000000
4.000000	1000.000000	0.529546	0.508622	100.000000
5.000000	1000.000000	0.494533	0.474992	100.000000
6.000000	1000.000000	0.484128	0.464998	100.000000
7.000000	1000.000000	0.462708	0.444425	100.000000
8.000000	1000.000000	0.477386	0.458523	100.000000
9.000000	1000.000000	0.506064	0.486068	100.000000
10.000000	1000.000000	0.463996	0.445662	100.000000
11.000000	1000.000000	0.464866	0.446498	100.000000
12.000000	1000.000000	0.457424	0.439350	100.000000
1.000000	1000.000000	1.055448	1.000000	100.000000
2.000000	1000.000000	0.808459	0.765987	100.000000
3.000000	1000.000000	0.581416	0.550871	100.000000
4.000000	1000.000000	0.515686	0.488594	100.000000
5.000000	1000.000000	0.513068	0.486114	100.000000
6.000000	1000.000000	0.498168	0.471997	100.000000
7.000000	1000.000000	0.476470	0.451439	100.000000
8.000000	1000.000000	0.465804	0.441333	100.000000
9.000000	1000.000000	0.469166	0.444518	100.000000
10.000000	1000.000000	0.459666	0.435517	100.000000
11.000000	1000.000000	0.478528	0.453389	100.000000
12.000000	1000.000000	0.464778	0.440361	100.000000
1.000000	1000.000000	1.039779	1.000000	100.000000
2.000000	1000.000000	0.797712	0.767194	100.000000
3.000000	1000.000000	0.586891	0.564438	100.000000
4.000000	1000.000000	0.543569	0.522774	100.000000
5.000000	1000.000000	0.505222	0.485894	100.000000
6.000000	1000.000000	0.486548	0.467934	100.000000
7.000000	1000.000000	0.468605	0.450677	100.000000
8.000000	1000.000000	0.468272	0.450357	100.000000
9.000000	1000.000000	0.466523	0.448675	100.000000
10.000000	1000.000000	0.460413	0.442799	100.000000
11.000000	1000.000000	0.465282	0.447482	100.000000
12.000000	1000.000000	0.462703	0.445001	100.000000
1.000000	1000.000000	1.055387	1.000000	100.000000
2.000000	1000.000000	0.821820	0.778691	100.000000
3.000000	1000.000000	0.584720	0.554034	100.000000
4.000000	1000.000000	0.534642	0.506584	100.000000
5.000000	1000.000000	0.481606	0.456331	100.000000
6.000000	1000.000000	0.467553	0.443016	100.000000
7.000000	1000.000000	0.463762	0.439424	100.000000
8.000000	1000.000000	0.472002	0.447231	100.000000
9.000000	1000.000000	0.457847	0.433819	100.000000
10.000000	1000.000000	0.467629	0.443088	100.000000
11.000000	1000.000000	0.463714	0.439378	100.000000
12.000000	1000.000000	0.459683	0.435559	100.000000
1.000000	1000.000000	1.059506	1.000000	100.000000
2.000000	1000.000000	0.818338	0.772377	100.000000
3.000000	1000.000000	0.594353	0.560972	100.000000
4.000000	1000.000000	0.515776	0.486808	100.000000
5.000000	1000.000000	0.490381	0.462839	100.000000
6.000000	1000.000000	0.468773	0.442445	100.000000
7.000000	1000.000000	0.456835	0.431177	100.000000
8.000000	1000.000000	0.524913	0.495432	100.000000
9.000000	1000.000000	0.478336	0.451471	100.000000
10.000000	1000.000000	0.467163	0.440925	100.000000
11.000000	1000.000000	0.462128	0.436173	100.000000
12.000000	1000.000000	0.464006	0.437946	100.000000
1.000000	1000.000000	1.039556	1.000000	100.000000
2.000000	1000.000000	0.809274	0.778480	100.000000
3.000000	1000.000000	0.582083	0.559934	100.000000
4.000000	1000.000000	0.522127	0.502260	100.000000
5.000000	1000.000000	0.513939	0.494383	100.000000
6.000000	1000.000000	0.464779	0.447094	100.000000
7.000000	1000.000000	0.450926	0.433768	100.000000
8.000000	1000.000000	0.471208	0.453278	100.000000
9.000000	1000.000000	0.586219	0.563913	100.000000
10.000000	1000.000000	0.490495	0.471831	100.000000
11.000000	1000.000000	0.463385	0.445753	100.000000
12.000000	1000.000000	0.471134	0.453207	100.000000
1.000000	1000.000000	1.054741	1.000000	100.000000
2.000000	1000.000000	0.857048	0.812567	100.000000
3.000000	1000.000000	0.598245	0.567196	100.000000
4.000000	1000.000000	0.517185	0.490343	100.000000
5.000000	1000.000000	0.519372	0.492417	100.000000
6.000000	1000.000000	0.481456	0.456468	100.000000
7.000000	1000.000000	0.451721	0.428277	100.000000
8.000000	1000.000000	0.472282	0.447771	100.000000
9.000000	1000.000000	0.465314	0.441164	100.000000
10.000000	1000.000000	0.467315	0.443061	100.000000
11.000000	1000.000000	0.460035	0.436159	100.000000
12.000000	1000.000000	0.460377	0.436483	100.000000
1.000000	1000.000000	1.059479	1.000000	100.000000
2.000000	1000.000000	0.804479	0.759316	100.000000
3.000000	1000.000000	0.663794	0.626529	100.000000
4.000000	1000.000000	0.532230	0.502351	100.000000
5.000000	1000.000000	0.485002	0.457774	100.000000
6.000000	1000.000000	0.487891	0.460501	100.000000
7.000000	1000.000000	0.465819	0.439668	100.000000
8.000000	1000.000000	0.472471	0.445947	100.000000
9.000000	1000.000000	0.471661	0.445182	100.000000
10.000000	1000.000000	0.472295	0.445780	100.000000
11.000000	1000.000000	0.460398	0.434551	100.000000
12.000000	1000.000000	0.465550	0.439414	100.000000
1.000000	1000.000000	4.141879	1.000000	200.000000
2.000000	1000.000000	2.884881	0.696515	200.000000
3.000000	1000.000000	2.197354	0.530521	200.000000
4.000000	1000.000000	1.943732	0.469287	200.000000
5.000000	1000.000000	1.878136	0.453450	200.000000
6.000000	1000.000000	1.796231	0.433675	200.000000
7.000000	1000.000000	1.752218	0.423049	200.000000
8.000000	1000.000000	1.721697	0.415680	200.000000
9.000000	1000.000000	1.714783	0.414011	200.000000
10.000000	1000.000000	1.663493	0.401628	200.000000
11.000000	1000.000000	1.725593	0.416621	200.000000
12.000000	1000.000000	1.684603	0.406724	200.000000
1.000000	1000.000000	4.273168	1.000000	200.000000
2.000000	1000.000000	2.877363	0.673356	200.000000
3.000000	1000.000000	2.175054	0.509003	200.000000
4.000000	1000.000000	1.955585	0.457643	200.000000
5.000000	1000.000000	1.877270	0.439316	200.000000
6.000000	1000.000000	1.777921	0.416066	200.000000
7.000000	1000.000000	1.793886	0.419802	200.000000
8.000000	1000.000000	1.724393	0.403540	200.000000
9.000000	1000.000000	1.709280	0.400003	200.000000
10.000000	1000.000000	1.706254	0.399295	200.000000
11.000000	1000.000000	1.671562	0.391176	200.000000
12.000000	1000.000000	1.663389	0.389264	200.000000
1.000000	1000.000000	4.104132	1.000000	200.000000
2.000000	1000.000000	3.208713	0.781825	200.000000
3.000000	1000.000000	2.196318	0.535148	200.000000
4.000000	1000.000000	1.962942	0.478284	200.000000
5.000000	1000.000000	1.885723	0.459469	200.000000
6.000000	1000.000000	1.748197	0.425960	200.000000
7.000000	1000.000000	1.704708	0.415364	200.000000
8.000000	1000.000000	1.744576	0.425078	200.000000
9.000000	1000.000000	1.730685	0.421693	200.000000
10.000000	1000.000000	1.672720	0.407570	200.000000
11.000000	1000.000000	1.713826	0.417585	200.000000
12.000000	1000.000000	1.688349	0.411378	200.000000
1.000000	1000.000000	4.117806	1.000000	200.000000
2.000000	1000.000000	2.877766	0.698859	200.000000
3.000000	1000.000000	2.229385	0.541401	200.000000
4.000000	1000.000000	1.916704	0.465467	200.000000
5.000000	1000.000000	1.890418	0.459084	200.000000
6.000000	1000.000000	1.828351	0.444011	200.000000
7.000000	1000.000000	1.725910	0.419133	200.000000
8.000000	1000.000000	1.771898	0.430301	200.000000
9.000000	1000.000000	1.704297	0.413885	200.000000
10.000000	1000.000000	1.708654	0.414943	200.000000
11.000000	1000.000000	1.679918	0.407964	200.000000
12.000000	1000.000000	1.677268	0.407321	200.000000
1.000000	1000.000000	4.125056	1.000000	200.000000
2.000000	1000.000000	2.916494	0.707019	200.000000
3.000000	1000.000000	2.199970	0.533319	200.000000
4.000000	1000.000000	2.099703	0.509012	200.000000
5.000000	1000.000000	1.876607	0.454929	200.000000
6.000000	1000.000000	1.758394	0.426272	200.000000
7.000000	1000.000000	1.774611	0.430203	200.000000
8.000000	1000.000000	1.719400	0.416819	200.000000
9.000000	1000.000000	1.721769	0.417393	200.000000
10.000000	1000.000000	1.685417	0.408580	200.000000
11.000000	1000.000000	1.680140	0.407301	200.000000
12.000000	1000.000000	1.660292	0.402490	200.000000
1.000000	1000.000000	4.117545	1.000000	200.000000
2.000000	1000.000000	2.875655	0.698391	200.000000
3.000000	1000.000000	2.240650	0.544171	200.000000
4.000000	1000.000000	1.957490	0.475402	200.000000
5.000000	1000.000000	1.881161	0.456865	200.000000
6.000000	1000.000000	1.768997	0.429624	200.000000
7.000000	1000.000000	1.768684	0.429548	200.000000
8.000000	1000.000000	1.706776	0.414513	200.000000
9.000000	1000.000000	1.714433	0.416373	200.000000
10.000000	1000.000000	1.654992	0.401937	200.000000
11.000000	1000.000000	1.677546	0.407414	200.000000
12.000000	1000.000000	1.678200	0.407573	200.000000
1.000000	1000.000000	4.098338	1.000000	200.000000
2.000000	1000.000000	2.864607	0.698968	200.000000
3.000000	1000.000000	2.202359	0.537379	200.000000
4.000000	1000.000000	1.922861	0.469181	200.000000
5.000000	1000.000000	1.907738	0.465491	200.000000
6.000000	1000.000000	1.768285	0.431464	200.000000
7.000000	1000.000000	1.737614	0.423980	200.000000
8.000000	1000.000000	1.725342	0.420986	200.000000
9.000000	1000.000000	1.719842	0.419644	200.000000
10.000000	1000.000000	1.666243	0.406566	200.000000
11.000000	1000.000000	1.674690	0.408627	200.000000
12.000000	1000.000000	1.678797	0.409629	200.000000
1.000000	1000.000000	4.119518	1.000000	200.000000
2.000000	1000.000000	2.892413	0.702124	200.000000
3.000000	1000.000000	2.179848	0.529151	200.000000
4.000000	1000.000000	1.929584	0.468400	200.000000
5.000000	1000.000000	1.884093	0.457358	200.000000
6.000000	1000.000000	1.789931	0.434500	200.000000
7.000000	1000.000000	1.812006	0.439859	200.000000
8.000000	1000.000000	1.731501	0.420316	200.000000
9.000000	1000.000000	1.715587	0.416453	200.000000
10.000000	1000.000000	1.693775	0.411159	200.000000
11.000000	1000.000000	1.704852	0.413847	200.000000
12.000000	1000.000000	1.658690	0.402642	200.000000
1.000000	1000.000000	4.120661	1.000000	200.000000
2.000000	1000.000000	2.867513	0.695887	200.000000
3.000000	1000.000000	2.176881	0.528284	200.000000
4.000000	1000.000000	1.978422	0.480122	200.000000
5.000000	1000.000000	1.910319	0.463595	200.000000
6.000000	1000.000000	1.807946	0.438751	200.000000
7.000000	1000.000000	1.730046	0.419847	200.000000
8.000000	1000.000000	1.705723	0.413944	200.000000
9.000000	1000.000000	1.754389	0.425754	200.000000
10.000000	1000.000000	1.678355	0.407302	200.000000
11.000000	1000.000000	1.691185	0.410416	200.000000
12.000000	1000.000000	1.667499	0.404668	200.000000
1.000000	1000.000000	4.117036	1.000000	200.000000
2.000000	1000.000000	2.963488	0.719811	200.000000
3.000000	1000.000000	2.198418	0.533981	200.000000
4.000000	1000.000000	1.989565	0.483252	200.000000
5.000000	1000.000000	1.898052	0.461024	200.000000
6.000000	1000.000000	1.788605	0.434440	200.000000
7.000000	1000.000000	1.755323	0.426356	200.000000
8.000000	1000.000000	1.740701	0.422804	200.000000
9.000000	1000.000000	1.810303	0.439710	200.000000
10.000000	1000.000000	1.699170	0.412717	200.000000
11.000000	1000.000000	1.669552	0.405523	200.000000
12.000000	1000.000000	1.670284	0.405701	200.000000
1.000000	1000.000000	12.791687	1.000000	350.000000
2.000000	1000.000000	8.753735	0.684330	350.000000
3.000000	1000.000000	6.850500	0.535543	350.000000
4.000000	1000.000000	6.028932	0.471316	350.000000
5.000000	1000.000000	5.977658	0.467308	350.000000
6.000000	1000.000000	5.497690	0.429786	350.000000
7.000000	1000.000000	5.496117	0.429663	350.000000
8.000000	1000.000000	5.398722	0.422049	350.000000
9.000000	1000.000000	5.273150	0.412233	350.000000
10.000000	1000.000000	5.233903	0.409164	350.000000
11.000000	1000.000000	5.203256	0.406769	350.000000
12.000000	1000.000000	5.173657	0.404455	350.000000
1.000000	1000.000000	12.763360	1.000000	350.000000
2.000000	1000.000000	8.777937	0.687745	350.000000
3.000000	1000.000000	6.851293	0.536794	350.000000
4.000000	1000.000000	5.996765	0.469842	350.000000
5.000000	1000.000000	5.937146	0.465171	350.000000
6.000000	1000.000000	5.591083	0.438057	350.000000
7.000000	1000.000000	5.389505	0.422264	350.000000
8.000000	1000.000000	5.313242	0.416289	350.000000
9.000000	1000.000000	5.361522	0.420071	350.000000
10.000000	1000.000000	5.263850	0.412419	350.000000
11.000000	1000.000000	5.196988	0.407180	350.000000
12.000000	1000.000000	5.156189	0.403984	350.000000
1.000000	1000.000000	12.698352	1.000000	350.000000
2.000000	1000.000000	8.768955	0.690559	350.000000
3.000000	1000.000000	6.862341	0.540412	350.000000
4.000000	1000.000000	6.037519	0.475457	350.000000
5.000000	1000.000000	5.916443	0.465922	350.000000
6.000000	1000.000000	5.463739	0.430272	350.000000
7.000000	1000.000000	5.536234	0.435981	350.000000
8.000000	1000.000000	5.416936	0.426586	350.000000
9.000000	1000.000000	5.286071	0.416280	350.000000
10.000000	1000.000000	5.192570	0.408917	350.000000
11.000000	1000.000000	5.205895	0.409966	350.000000
12.000000	1000.000000	5.224754	0.411451	350.000000
1.000000	1000.000000	12.799921	1.000000	350.000000
2.000000	1000.000000	8.761650	0.684508	350.000000
3.000000	1000.000000	6.844610	0.534738	350.000000
4.000000	1000.000000	6.159441	0.481209	350.000000
5.000000	1000.000000	5.891869	0.460305	350.000000
6.000000	1000.000000	5.618814	0.438973	350.000000
7.000000	1000.000000	5.574387	0.435502	350.000000
8.000000	1000.000000	5.384299	0.420651	350.000000
9.000000	1000.000000	5.308621	0.414739	350.000000
10.000000	1000.000000	5.212313	0.407214	350.000000
11.000000	1000.000000	5.150845	0.402412	350.000000
12.000000	1000.000000	5.165840	0.403584	350.000000
1.000000	1000.000000	12.844664	1.000000	350.000000
2.000000	1000.000000	8.864847	0.690158	350.000000
3.000000	1000.000000	6.935867	0.539980	350.000000
4.000000	1000.000000	6.046748	0.470760	350.000000
5.000000	1000.000000	5.901649	0.459463	350.000000
6.000000	1000.000000	5.529897	0.430521	350.000000
7.000000	1000.000000	5.469114	0.425789	350.000000
8.000000	1000.000000	5.322130	0.414346	350.000000
9.000000	1000.000000	5.393551	0.419906	350.000000
10.000000	1000.000000	5.217467	0.406197	350.000000
11.000000	1000.000000	5.183467	0.403550	350.000000
12.000000	1000.000000	5.147221	0.400728	350.000000
1.000000	1000.000000	12.788294	1.000000	350.000000
2.000000	1000.000000	8.963944	0.700949	350.000000
3.000000	1000.000000	6.823669	0.533587	350.000000
4.000000	1000.000000	5.995283	0.468810	350.000000
5.000000	1000.000000	5.899343	0.461308	350.000000
6.000000	1000.000000	5.528498	0.432309	350.000000
7.000000	1000.000000	5.520093	0.431652	350.000000
8.000000	1000.000000	5.342921	0.417798	350.000000
9.000000	1000.000000	5.359885	0.419124	350.000000
10.000000	1000.000000	5.279344	0.412826	350.000000
11.000000	1000.000000	5.184394	0.405402	350.000000
12.000000	1000.000000	5.173959	0.404586	350.000000
1.000000	1000.000000	12.815902	1.000000	350.000000
2.000000	1000.000000	8.775148	0.684708	350.000000
3.000000	1000.000000	6.886864	0.537369	350.000000
4.000000	1000.000000	6.034550	0.470864	350.000000
5.000000	1000.000000	5.847300	0.456253	350.000000
6.000000	1000.000000	5.506741	0.429680	350.000000
7.000000	1000.000000	5.420538	0.422954	350.000000
8.000000	1000.000000	5.371475	0.419126	350.000000
9.000000	1000.000000	5.284746	0.412358	350.000000
10.000000	1000.000000	5.248348	0.409518	350.000000
11.000000	1000.000000	5.148746	0.401747	350.000000
12.000000	1000.000000	5.156208	0.402329	350.000000
1.000000	1000.000000	12.980075	1.000000	350.000000
2.000000	1000.000000	8.782136	0.676586	350.000000
3.000000	1000.000000	6.925196	0.533525	350.000000
4.000000	1000.000000	5.969446	0.459893	350.000000
5.000000	1000.000000	5.900808	0.454605	350.000000
6.000000	1000.000000	5.449543	0.419839	350.000000
7.000000	1000.000000	5.525589	0.425698	350.000000
8.000000	1000.000000	5.313071	0.409325	350.000000
9.000000	1000.000000	5.312818	0.409306	350.000000
10.000000	1000.000000	5.241778	0.403833	350.000000
11.000000	1000.000000	5.207902	0.401223	350.000000
12.000000	1000.000000	5.143314	0.396247	350.000000
1.000000	1000.000000	12.935258	1.000000	350.000000
2.000000	1000.000000	8.919475	0.689548	350.000000
3.000000	1000.000000	6.836998	0.528555	350.000000
4.000000	1000.000000	5.946756	0.459732	350.000000
5.000000	1000.000000	6.001400	0.463957	350.000000
6.000000	1000.000000	5.464336	0.422437	350.000000
7.000000	1000.000000	5.508038	0.425816	350.000000
8.000000	1000.000000	5.344863	0.413201	350.000000
9.000000	1000.000000	5.317628	0.411096	350.000000
10.000000	1000.000000	5.234120	0.404640	350.000000
11.000000	1000.000000	5.214356	0.403112	350.000000
12.000000	1000.000000	5.207576	0.402588	350.000000
1.000000	1000.000000	12.925581	1.000000	350.000000
2.000000	1000.000000	8.725015	0.675019	350.000000
3.000000	1000.000000	6.836604	0.528920	350.000000
4.000000	1000.000000	6.035946	0.466977	350.000000
5.000000	1000.000000	5.892116	0.455849	350.000000
6.000000	1000.000000	5.575917	0.431386	350.000000
7.000000	1000.000000	5.392370	0.417186	350.000000
8.000000	1000.000000	5.388717	0.416903	350.000000
9.000000	1000.000000	5.281832	0.408634	350.000000
10.000000	1000.000000	5.275209	0.408122	350.000000
11.000000	1000.000000	5.201562	0.402424	350.000000
12.000000	1000.000000	5.176925	0.400518	350.000000
1.000000	1000.000000	26.271359	1.000000	500.000000
2.000000	1000.000000	18.141259	0.690534	500.000000
3.000000	1000.000000	14.361233	0.546650	500.000000
4.000000	1000.000000	12.747174	0.485212	500.000000
5.000000	1000.000000	12.513159	0.476304	500.000000
6.000000	1000.000000	11.937306	0.454385	500.000000
7.000000	1000.000000	11.423002	0.434808	500.000000
8.000000	1000.000000	11.273373	0.429113	500.000000
9.000000	1000.000000	11.226670	0.427335	500.000000
10.000000	1000.000000	11.076684	0.421626	500.000000
11.000000	1000.000000	11.005963	0.418934	500.000000
12.000000	1000.000000	10.962098	0.417264	500.000000
1.000000	1000.000000	26.526845	1.000000	500.000000
2.000000	1000.000000	18.141921	0.683908	500.000000
3.000000	1000.000000	14.426639	0.543851	500.000000
4.000000	1000.000000	12.769712	0.481388	500.000000
5.000000	1000.000000	12.512837	0.471705	500.000000
6.000000	1000.000000	11.575532	0.436370	500.000000
7.000000	1000.000000	11.513781	0.434043	500.000000
8.000000	1000.000000	11.229741	0.423335	500.000000
9.000000	1000.000000	11.339762	0.427482	500.000000
10.000000	1000.000000	11.140157	0.419958	500.000000
11.000000	1000.000000	10.904772	0.411084	500.000000
12.000000	1000.000000	10.940077	0.412415	500.000000
1.000000	1000.000000	26.508982	1.000000	500.000000
2.000000	1000.000000	18.342549	0.691937	500.000000
3.000000	1000.000000	14.311834	0.539886	500.000000
4.000000	1000.000000	12.716235	0.479695	500.000000
5.000000	1000.000000	12.549041	0.473388	500.000000
6.000000	1000.000000	11.778789	0.444332	500.000000
7.000000	1000.000000	11.423273	0.430921	500.000000
8.000000	1000.000000	11.133572	0.419992	500.000000
9.000000	1000.000000	11.174420	0.421533	500.000000
10.000000	1000.000000	11.317575	0.426934	500.000000
11.000000	1000.000000	11.018538	0.415653	500.000000
12.000000	1000.000000	10.829112	0.408507	500.000000
1.000000	1000.000000	26.360173	1.000000	500.000000
2.000000	1000.000000	18.087123	0.686153	500.000000
3.000000	1000.000000	14.335739	0.543841	500.000000
4.000000	1000.000000	12.387122	0.469918	500.000000
5.000000	1000.000000	12.439519	0.471906	500.000000
6.000000	1000.000000	11.539805	0.437774	500.000000
7.000000	1000.000000	11.480001	0.435506	500.000000
8.000000	1000.000000	11.179890	0.424121	500.000000
9.000000	1000.000000	11.206803	0.425141	500.000000
10.000000	1000.000000	11.125570	0.422060	500.000000
11.000000	1000.000000	10.940478	0.415038	500.000000
12.000000	1000.000000	10.974754	0.416338	500.000000
1.000000	1000.000000	26.201154	1.000000	500.000000
2.000000	1000.000000	18.120832	0.691604	500.000000
3.000000	1000.000000	14.218570	0.542670	500.000000
4.000000	1000.000000	12.933218	0.493613	500.000000
5.000000	1000.000000	12.491358	0.476748	500.000000
6.000000	1000.000000	11.553073	0.440938	500.000000
7.000000	1000.000000	11.617685	0.443404	500.000000
8.000000	1000.000000	11.280688	0.430542	500.000000
9.000000	1000.000000	11.132364	0.424881	500.000000
10.000000	1000.000000	11.127661	0.424701	500.000000
11.000000	1000.000000	11.062920	0.422230	500.000000
12.000000	1000.000000	10.892729	0.415735	500.000000
1.000000	1000.000000	26.316352	1.000000	500.000000
2.000000	1000.000000	18.194804	0.691388	500.000000
3.000000	1000.000000	14.314767	0.543950	500.000000
4.000000	1000.000000	12.452218	0.473174	500.000000
5.000000	1000.000000	12.579319	0.478004	500.000000
6.000000	1000.000000	11.770633	0.447274	500.000000
7.000000	1000.000000	11.660401	0.443086	500.000000
8.000000	1000.000000	11.227378	0.426631	500.000000
9.000000	1000.000000	11.189705	0.425200	500.000000
10.000000	1000.000000	11.060820	0.420302	500.000000
11.000000	1000.000000	10.925704	0.415168	500.000000
12.000000	1000.000000	10.779678	0.409619	500.000000
1.000000	1000.000000	26.401533	1.000000	500.000000
2.000000	1000.000000	18.231065	0.690531	500.000000
3.000000	1000.000000	14.346699	0.543404	500.000000
4.000000	1000.000000	12.817284	0.485475	500.000000
5.000000	1000.000000	12.372728	0.468637	500.000000
6.000000	1000.000000	11.836406	0.448323	500.000000
7.000000	1000.000000	11.240639	0.425757	500.000000
8.000000	1000.000000	11.269761	0.426860	500.000000
9.000000	1000.000000	11.171512	0.423139	500.000000
10.000000	1000.000000	11.047009	0.418423	500.000000
11.000000	1000.000000	10.954291	0.414911	500.000000
12.000000	1000.000000	10.889885	0.412472	500.000000
1.000000	1000.000000	26.141855	1.000000	500.000000
2.000000	1000.000000	18.166198	0.694909	500.000000
3.000000	1000.000000	14.336722	0.548420	500.000000
4.000000	1000.000000	12.623412	0.482881	500.000000
5.000000	1000.000000	12.503341	0.478288	500.000000
6.000000	1000.000000	11.590786	0.443380	500.000000
7.000000	1000.000000	11.627628	0.444790	500.000000
8.000000	1000.000000	11.121396	0.425425	500.000000
9.000000	1000.000000	11.130247	0.425763	500.000000
10.000000	1000.000000	10.940055	0.418488	500.000000
11.000000	1000.000000	10.879994	0.416191	500.000000
12.000000	1000.000000	10.823881	0.414044	500.000000
1.000000	1000.000000	26.146137	1.000000	500.000000
2.000000	1000.000000	18.133825	0.693557	500.000000
3.000000	1000.000000	14.228484	0.544191	500.000000
4.000000	1000.000000	12.869324	0.492207	500.000000
5.000000	1000.000000	12.599963	0.481905	500.000000
6.000000	1000.000000	11.806316	0.451551	500.000000
7.000000	1000.000000	11.473919	0.438838	500.000000
8.000000	1000.000000	11.137367	0.425966	500.000000
9.000000	1000.000000	11.188382	0.427917	500.000000
10.000000	1000.000000	11.173688	0.427355	500.000000
11.000000	1000.000000	10.875242	0.415941	500.000000
12.000000	1000.000000	10.886410	0.416368	500.000000
1.000000	1000.000000	26.236562	1.000000	500.000000
2.000000	1000.000000	18.028763	0.687162	500.000000
3.000000	1000.000000	14.412366	0.549324	500.000000
4.000000	1000.000000	12.629223	0.481360	500.000000
5.000000	1000.000000	12.511769	0.476883	500.000000
6.000000	1000.000000	11.665706	0.444635	500.000000
7.000000	1000.000000	11.652446	0.444130	500.000000
8.000000	1000.000000	11.330260	0.431850	500.000000
9.000000	1000.000000	11.268643	0.429502	500.000000
10.000000	1000.000000	11.055556	0.421380	500.000000
11.000000	1000.000000	10.922823	0.416321	500.000000
12.000000	1000.000000	10.870144	0.414313	500.000000
