0.0	0.050000	10240.000000	0.226701
1.0	0.050000	10240.000000	1.477189
0.0	0.150000	10240.000000	0.162974
1.0	0.150000	10240.000000	1.430884
0.0	0.250000	10240.000000	0.224940
1.0	0.250000	10240.000000	1.474466
0.0	0.350000	10240.000000	0.164638
1.0	0.350000	10240.000000	1.428518
0.0	0.450000	10240.000000	0.206839
1.0	0.450000	10240.000000	1.507726
0.0	0.550000	10240.000000	0.163249
1.0	0.550000	10240.000000	1.430088
0.0	0.650000	10240.000000	0.163474
1.0	0.650000	10240.000000	1.428972
0.0	0.750000	10240.000000	0.163904
1.0	0.750000	10240.000000	1.430954
0.0	0.850000	10240.000000	0.206011
1.0	0.850000	10240.000000	1.432098
0.0	0.950000	10240.000000	0.206237
1.0	0.950000	10240.000000	1.440009
0.0	1.050000	10240.000000	0.206682
1.0	1.050000	10240.000000	1.528465
0.0	1.150000	10240.000000	0.206301
1.0	1.150000	10240.000000	1.594643
0.0	1.250000	10240.000000	0.225978
1.0	1.250000	10240.000000	1.534246
0.0	1.350000	10240.000000	0.165609
1.0	1.350000	10240.000000	1.506239
0.0	1.450000	10240.000000	0.229599
1.0	1.450000	10240.000000	1.557018
0.0	1.550000	10240.000000	0.208590
1.0	1.550000	10240.000000	1.537374
0.0	1.650000	10240.000000	0.213004
1.0	1.650000	10240.000000	1.620509
0.0	1.750000	10240.000000	0.173987
1.0	1.750000	10240.000000	1.619612
0.0	1.850000	10240.000000	0.212119
1.0	1.850000	10240.000000	1.624969
0.0	1.950000	10240.000000	0.193374
1.0	1.950000	10240.000000	1.557022
0.0	2.000000	10240.000000	0.173423
1.0	2.000000	10240.000000	1.555402
0.0	2.008000	10240.000000	0.199003
1.0	2.008000	10240.000000	1.555313
0.0	2.016000	10240.000000	0.217421
1.0	2.016000	10240.000000	1.630137
0.0	2.024000	10240.000000	0.173519
1.0	2.024000	10240.000000	1.554848
0.0	2.032000	10240.000000	0.217068
1.0	2.032000	10240.000000	1.627071
0.0	2.040000	10240.000000	0.217423
1.0	2.040000	10240.000000	1.626911
0.0	2.048000	10240.000000	0.215891
1.0	2.048000	10240.000000	1.630875
0.0	2.056000	10240.000000	0.217339
1.0	2.056000	10240.000000	1.627812
0.0	2.064000	10240.000000	0.218077
1.0	2.064000	10240.000000	1.627599
0.0	2.072000	10240.000000	0.174746
1.0	2.072000	10240.000000	1.623263
0.0	2.080000	10240.000000	0.217144
1.0	2.080000	10240.000000	1.556251
0.0	2.088000	10240.000000	0.217450
1.0	2.088000	10240.000000	1.666545
0.0	2.096000	10240.000000	0.218777
1.0	2.096000	10240.000000	1.556213
0.0	2.104000	10240.000000	0.220931
1.0	2.104000	10240.000000	1.635222
0.0	2.112000	10240.000000	0.220089
1.0	2.112000	10240.000000	1.843743
0.0	2.120000	10240.000000	0.220162
1.0	2.120000	10240.000000	1.630557
0.0	2.128000	10240.000000	0.219959
1.0	2.128000	10240.000000	1.556588
0.0	2.136000	10240.000000	0.176934
1.0	2.136000	10240.000000	1.622993
0.0	2.144000	10240.000000	0.177401
1.0	2.144000	10240.000000	1.555682
0.0	2.152000	10240.000000	0.177556
1.0	2.152000	10240.000000	1.556655
0.0	2.160000	10240.000000	0.177747
1.0	2.160000	10240.000000	1.556753
0.0	2.168000	10240.000000	0.220200
1.0	2.168000	10240.000000	1.560255
0.0	2.176000	10240.000000	0.245527
1.0	2.176000	10240.000000	1.587762
0.0	2.184000	10240.000000	0.222021
1.0	2.184000	10240.000000	1.557175
0.0	2.192000	10240.000000	0.222936
1.0	2.192000	10240.000000	1.556639
0.0	2.200000	10240.000000	0.223029
1.0	2.200000	10240.000000	1.628046
0.0	2.208000	10240.000000	0.221415
1.0	2.208000	10240.000000	1.556569
0.0	2.216000	10240.000000	0.222375
1.0	2.216000	10240.000000	1.557200
0.0	2.224000	10240.000000	0.221500
1.0	2.224000	10240.000000	1.632515
0.0	2.226000	10240.000000	0.223580
1.0	2.226000	10240.000000	1.556763
0.0	2.228000	10240.000000	0.180270
1.0	2.228000	10240.000000	1.556958
0.0	2.230000	10240.000000	0.222311
1.0	2.230000	10240.000000	1.631989
0.0	2.232000	10240.000000	0.246502
1.0	2.232000	10240.000000	1.584427
0.0	2.234000	10240.000000	0.180331
1.0	2.234000	10240.000000	1.557313
0.0	2.236000	10240.000000	0.180423
1.0	2.236000	10240.000000	1.558259
0.0	2.238000	10240.000000	0.187749
1.0	2.238000	10240.000000	1.557455
0.0	2.240000	10240.000000	0.180196
1.0	2.240000	10240.000000	1.559720
0.0	2.242000	10240.000000	0.223110
1.0	2.242000	10240.000000	1.629647
0.0	2.244000	10240.000000	0.223452
1.0	2.244000	10240.000000	1.557019
0.0	2.246000	10240.000000	0.181256
1.0	2.246000	10240.000000	1.557161
0.0	2.248000	10240.000000	0.186511
1.0	2.248000	10240.000000	1.556748
0.0	2.250000	10240.000000	0.181020
1.0	2.250000	10240.000000	1.557683
0.0	2.252000	10240.000000	0.213289
1.0	2.252000	10240.000000	1.626713
0.0	2.254000	10240.000000	0.223476
1.0	2.254000	10240.000000	1.556664
0.0	2.256000	10240.000000	0.181467
1.0	2.256000	10240.000000	1.557084
0.0	2.258000	10240.000000	0.225541
1.0	2.258000	10240.000000	1.557107
0.0	2.260000	10240.000000	0.224801
1.0	2.260000	10240.000000	1.630848
0.0	2.262000	10240.000000	0.182470
1.0	2.262000	10240.000000	1.557191
0.0	2.264000	10240.000000	0.223886
1.0	2.264000	10240.000000	1.556865
0.0	2.266000	10240.000000	0.208875
1.0	2.266000	10240.000000	1.626726
0.0	2.268000	10240.000000	0.182918
1.0	2.268000	10240.000000	1.557618
0.0	2.270000	10240.000000	0.182219
1.0	2.270000	10240.000000	1.557243
0.0	2.272000	10240.000000	0.225139
1.0	2.272000	10240.000000	1.557363
0.0	2.274000	10240.000000	0.182637
1.0	2.274000	10240.000000	1.593784
0.0	2.276000	10240.000000	0.224762
1.0	2.276000	10240.000000	1.628901
0.0	2.278000	10240.000000	0.224526
1.0	2.278000	10240.000000	1.629418
0.0	2.280000	10240.000000	0.182535
1.0	2.280000	10240.000000	1.557311
0.0	2.282000	10240.000000	0.225762
1.0	2.282000	10240.000000	1.631641
0.0	2.284000	10240.000000	0.182714
1.0	2.284000	10240.000000	1.557062
0.0	2.286000	10240.000000	0.225089
1.0	2.286000	10240.000000	1.558931
0.0	2.288000	10240.000000	0.203529
1.0	2.288000	10240.000000	1.557393
0.0	2.290000	10240.000000	0.225896
1.0	2.290000	10240.000000	1.631030
0.0	2.292000	10240.000000	0.182783
1.0	2.292000	10240.000000	1.557333
0.0	2.294000	10240.000000	0.226913
1.0	2.294000	10240.000000	1.634409
0.0	2.296000	10240.000000	0.198004
1.0	2.296000	10240.000000	1.557564
0.0	2.298000	10240.000000	0.228735
1.0	2.298000	10240.000000	1.628428
0.0	2.300000	10240.000000	0.227467
1.0	2.300000	10240.000000	1.628572
0.0	2.302000	10240.000000	0.183516
1.0	2.302000	10240.000000	1.557304
0.0	2.304000	10240.000000	0.183649
1.0	2.304000	10240.000000	1.557798
0.0	2.306000	10240.000000	0.226908
1.0	2.306000	10240.000000	1.556628
0.0	2.308000	10240.000000	0.252499
1.0	2.308000	10240.000000	1.628067
0.0	2.310000	10240.000000	0.184436
1.0	2.310000	10240.000000	1.557130
0.0	2.312000	10240.000000	0.183886
1.0	2.312000	10240.000000	1.560580
0.0	2.314000	10240.000000	0.185093
1.0	2.314000	10240.000000	1.557404
0.0	2.316000	10240.000000	0.229091
1.0	2.316000	10240.000000	1.629263
0.0	2.318000	10240.000000	0.229379
1.0	2.318000	10240.000000	1.558354
0.0	2.320000	10240.000000	0.228377
1.0	2.320000	10240.000000	1.557009
0.0	2.322000	10240.000000	0.227489
1.0	2.322000	10240.000000	1.631116
0.0	2.324000	10240.000000	0.227536
1.0	2.324000	10240.000000	1.629729
0.0	2.326000	10240.000000	0.227113
1.0	2.326000	10240.000000	1.631563
0.0	2.328000	10240.000000	0.184971
1.0	2.328000	10240.000000	1.556804
0.0	2.330000	10240.000000	0.185191
1.0	2.330000	10240.000000	1.559648
0.0	2.332000	10240.000000	0.184953
1.0	2.332000	10240.000000	1.557137
0.0	2.334000	10240.000000	0.185385
1.0	2.334000	10240.000000	1.556499
0.0	2.336000	10240.000000	0.185861
1.0	2.336000	10240.000000	1.556994
0.0	2.338000	10240.000000	0.185770
1.0	2.338000	10240.000000	1.557253
0.0	2.340000	10240.000000	0.186579
1.0	2.340000	10240.000000	1.557091
0.0	2.342000	10240.000000	0.185690
1.0	2.342000	10240.000000	1.557457
0.0	2.344000	10240.000000	0.229729
1.0	2.344000	10240.000000	1.630968
0.0	2.346000	10240.000000	0.231662
1.0	2.346000	10240.000000	1.557081
0.0	2.348000	10240.000000	0.229919
1.0	2.348000	10240.000000	1.630685
0.0	2.350000	10240.000000	0.228208
1.0	2.350000	10240.000000	1.627634
0.0	2.352000	10240.000000	0.255300
1.0	2.352000	10240.000000	1.630419
0.0	2.354000	10240.000000	0.230005
1.0	2.354000	10240.000000	1.556660
0.0	2.356000	10240.000000	0.228620
1.0	2.356000	10240.000000	1.556729
0.0	2.358000	10240.000000	0.186572
1.0	2.358000	10240.000000	1.560556
0.0	2.360000	10240.000000	0.186820
1.0	2.360000	10240.000000	1.557240
0.0	2.362000	10240.000000	0.187524
1.0	2.362000	10240.000000	1.557124
0.0	2.364000	10240.000000	0.229793
1.0	2.364000	10240.000000	1.630824
0.0	2.366000	10240.000000	0.229737
1.0	2.366000	10240.000000	1.557263
0.0	2.368000	10240.000000	0.187578
1.0	2.368000	10240.000000	1.556964
0.0	2.370000	10240.000000	0.187094
1.0	2.370000	10240.000000	1.557737
0.0	2.372000	10240.000000	0.228915
1.0	2.372000	10240.000000	1.633729
0.0	2.374000	10240.000000	0.187397
1.0	2.374000	10240.000000	1.557842
0.0	2.376000	10240.000000	0.187686
1.0	2.376000	10240.000000	1.557056
0.0	2.378000	10240.000000	0.228362
1.0	2.378000	10240.000000	1.633806
0.0	2.380000	10240.000000	0.192152
1.0	2.380000	10240.000000	1.556926
0.0	2.382000	10240.000000	0.188765
1.0	2.382000	10240.000000	1.556623
0.0	2.384000	10240.000000	0.231532
1.0	2.384000	10240.000000	1.629204
0.0	2.386000	10240.000000	0.187453
1.0	2.386000	10240.000000	1.560347
0.0	2.388000	10240.000000	0.188539
1.0	2.388000	10240.000000	1.556931
0.0	2.390000	10240.000000	0.188768
1.0	2.390000	10240.000000	1.557471
0.0	2.392000	10240.000000	0.188336
1.0	2.392000	10240.000000	1.557201
0.0	2.394000	10240.000000	0.188569
1.0	2.394000	10240.000000	1.557576
0.0	2.396000	10240.000000	0.188665
1.0	2.396000	10240.000000	1.556626
0.0	2.398000	10240.000000	0.231091
1.0	2.398000	10240.000000	1.629249
0.0	2.400000	10240.000000	0.232123
1.0	2.400000	10240.000000	1.558356
0.0	2.408000	10240.000000	0.231617
1.0	2.408000	10240.000000	1.628789
0.0	2.416000	10240.000000	0.257578
1.0	2.416000	10240.000000	1.581074
0.0	2.424000	10240.000000	0.190568
1.0	2.424000	10240.000000	1.557176
0.0	2.432000	10240.000000	0.190364
1.0	2.432000	10240.000000	1.557046
0.0	2.440000	10240.000000	0.258979
1.0	2.440000	10240.000000	1.584895
0.0	2.448000	10240.000000	0.235476
1.0	2.448000	10240.000000	1.632360
0.0	2.456000	10240.000000	0.234748
1.0	2.456000	10240.000000	1.556320
0.0	2.464000	10240.000000	0.234895
1.0	2.464000	10240.000000	1.628571
0.0	2.472000	10240.000000	0.192643
1.0	2.472000	10240.000000	1.560271
0.0	2.480000	10240.000000	0.236591
1.0	2.480000	10240.000000	1.628916
0.0	2.488000	10240.000000	0.260352
1.0	2.488000	10240.000000	1.631558
0.0	2.496000	10240.000000	0.238713
1.0	2.496000	10240.000000	1.632367
0.0	2.504000	10240.000000	0.193340
1.0	2.504000	10240.000000	1.557479
0.0	2.512000	10240.000000	0.262263
1.0	2.512000	10240.000000	1.632661
0.0	2.520000	10240.000000	0.236956
1.0	2.520000	10240.000000	1.629289
0.0	2.528000	10240.000000	0.262578
1.0	2.528000	10240.000000	1.582700
0.0	2.536000	10240.000000	0.194415
1.0	2.536000	10240.000000	1.558093
0.0	2.544000	10240.000000	0.194035
1.0	2.544000	10240.000000	1.558051
0.0	2.552000	10240.000000	0.195120
1.0	2.552000	10240.000000	1.557030
0.0	2.560000	10240.000000	0.198476
1.0	2.560000	10240.000000	1.557312
0.0	2.568000	10240.000000	0.195063
1.0	2.568000	10240.000000	1.557639
0.0	2.576000	10240.000000	0.237424
1.0	2.576000	10240.000000	1.557096
0.0	2.584000	10240.000000	0.237863
1.0	2.584000	10240.000000	1.557860
0.0	2.592000	10240.000000	0.196162
1.0	2.592000	10240.000000	1.557740
0.0	2.600000	10240.000000	0.237566
1.0	2.600000	10240.000000	1.628603
0.0	2.608000	10240.000000	0.196739
1.0	2.608000	10240.000000	1.560199
0.0	2.616000	10240.000000	0.196438
1.0	2.616000	10240.000000	1.561636
0.0	2.624000	10240.000000	0.266106
1.0	2.624000	10240.000000	1.631901
0.0	2.632000	10240.000000	0.197105
1.0	2.632000	10240.000000	1.557657
0.0	2.640000	10240.000000	0.240484
1.0	2.640000	10240.000000	1.630207
0.0	2.648000	10240.000000	0.266442
1.0	2.648000	10240.000000	1.652001
0.0	2.656000	10240.000000	0.266994
1.0	2.656000	10240.000000	1.634909
0.0	2.664000	10240.000000	0.197938
1.0	2.664000	10240.000000	1.558498
0.0	2.672000	10240.000000	0.241225
1.0	2.672000	10240.000000	1.629384
0.0	2.680000	10240.000000	0.197546
1.0	2.680000	10240.000000	1.558020
0.0	2.688000	10240.000000	0.198183
1.0	2.688000	10240.000000	1.561485
0.0	2.696000	10240.000000	0.198205
1.0	2.696000	10240.000000	1.558108
0.0	2.704000	10240.000000	0.242135
1.0	2.704000	10240.000000	1.627810
0.0	2.712000	10240.000000	0.199335
1.0	2.712000	10240.000000	1.558688
0.0	2.720000	10240.000000	0.198940
1.0	2.720000	10240.000000	1.558796
0.0	2.728000	10240.000000	0.242111
1.0	2.728000	10240.000000	1.558339
0.0	2.736000	10240.000000	0.199833
1.0	2.736000	10240.000000	1.558852
0.0	2.744000	10240.000000	0.199201
1.0	2.744000	10240.000000	1.559461
0.0	2.752000	10240.000000	0.199945
1.0	2.752000	10240.000000	1.562089
0.0	2.760000	10240.000000	0.243862
1.0	2.760000	10240.000000	1.631238
0.0	2.792000	10240.000000	0.270858
1.0	2.792000	10240.000000	1.633232
0.0	2.824000	10240.000000	0.200639
1.0	2.824000	10240.000000	1.559858
0.0	2.856000	10240.000000	0.245216
1.0	2.856000	10240.000000	1.631949
0.0	2.888000	10240.000000	0.248863
1.0	2.888000	10240.000000	1.561320
0.0	2.920000	10240.000000	0.272933
1.0	2.920000	10240.000000	1.634995
0.0	2.952000	10240.000000	0.202182
1.0	2.952000	10240.000000	1.561760
0.0	2.984000	10240.000000	0.234051
1.0	2.984000	10240.000000	1.629730
0.0	3.016000	10240.000000	0.245951
1.0	3.016000	10240.000000	1.632718
0.0	3.048000	10240.000000	0.216342
1.0	3.048000	10240.000000	1.560076
0.0	3.080000	10240.000000	0.204885
1.0	3.080000	10240.000000	1.630468
0.0	3.112000	10240.000000	0.246083
1.0	3.112000	10240.000000	1.632775
0.0	3.144000	10240.000000	0.244089
1.0	3.144000	10240.000000	1.636221
0.0	3.176000	10240.000000	0.244907
1.0	3.176000	10240.000000	1.635955
0.0	3.208000	10240.000000	0.246499
1.0	3.208000	10240.000000	1.563265
0.0	3.240000	10240.000000	0.203789
1.0	3.240000	10240.000000	1.562354
0.0	3.272000	10240.000000	0.246654
1.0	3.272000	10240.000000	1.562753
0.0	3.304000	10240.000000	0.206017
1.0	3.304000	10240.000000	1.562942
0.0	3.336000	10240.000000	0.275373
1.0	3.336000	10240.000000	1.643248
0.0	3.368000	10240.000000	0.206935
1.0	3.368000	10240.000000	1.561641
0.0	3.400000	10240.000000	0.248737
1.0	3.400000	10240.000000	1.561732
0.0	3.432000	10240.000000	0.247877
1.0	3.432000	10240.000000	1.636371
0.0	3.464000	10240.000000	0.248927
1.0	3.464000	10240.000000	1.562882
0.0	3.496000	10240.000000	0.277231
1.0	3.496000	10240.000000	1.589520
0.0	3.528000	10240.000000	0.204347
1.0	3.528000	10240.000000	1.562343
0.0	3.560000	10240.000000	0.247307
1.0	3.560000	10240.000000	1.634103
0.0	3.592000	10240.000000	0.249579
1.0	3.592000	10240.000000	1.566763
0.0	3.624000	10240.000000	0.246030
1.0	3.624000	10240.000000	1.563057
0.0	3.656000	10240.000000	0.246429
1.0	3.656000	10240.000000	1.634679
2.0	-1.0	10240.000000	331.694475
3.0	-1.0	10240.000000	44.794985
4.0	-1.0	10240.000000	456.100767
