1.000000	1000.000000	0.011282	1.000000	6.000000
1.000000	1000.000000	0.009780	1.000000	6.000000
1.000000	1000.000000	0.009276	1.000000	6.000000
1.000000	1000.000000	0.008965	1.000000	6.000000
1.000000	1000.000000	0.009044	1.000000	6.000000
1.000000	1000.000000	0.009088	1.000000	6.000000
1.000000	1000.000000	0.009031	1.000000	6.000000
1.000000	1000.000000	0.008550	1.000000	6.000000
1.000000	1000.000000	0.008565	1.000000	6.000000
1.000000	1000.000000	0.008580	1.000000	6.000000
2.000000	1000.000000	0.007585	0.823016	6.000000
2.000000	1000.000000	0.007369	0.799579	6.000000
2.000000	1000.000000	0.007308	0.792960	6.000000
2.000000	1000.000000	0.007327	0.795022	6.000000
2.000000	1000.000000	0.007361	0.798711	6.000000
2.000000	1000.000000	0.007388	0.801641	6.000000
2.000000	1000.000000	0.007376	0.800339	6.000000
2.000000	1000.000000	0.007364	0.799036	6.000000
2.000000	1000.000000	0.007360	0.798602	6.000000
2.000000	1000.000000	0.007386	0.801424	6.000000
3.000000	1000.000000	0.016008	1.736960	6.000000
3.000000	1000.000000	0.015457	1.677174	6.000000
3.000000	1000.000000	0.015053	1.633337	6.000000
3.000000	1000.000000	0.014609	1.585161	6.000000
3.000000	1000.000000	0.013480	1.462658	6.000000
3.000000	1000.000000	0.013243	1.436942	6.000000
3.000000	1000.000000	0.013100	1.421426	6.000000
3.000000	1000.000000	0.013397	1.453652	6.000000
3.000000	1000.000000	0.013045	1.415458	6.000000
3.000000	1000.000000	0.013061	1.417194	6.000000
4.000000	1000.000000	0.012934	1.403414	6.000000
4.000000	1000.000000	0.012614	1.368692	6.000000
4.000000	1000.000000	0.012601	1.367281	6.000000
4.000000	1000.000000	0.012597	1.366847	6.000000
4.000000	1000.000000	0.012616	1.368909	6.000000
4.000000	1000.000000	0.012679	1.375745	6.000000
4.000000	1000.000000	0.012625	1.369885	6.000000
4.000000	1000.000000	0.012656	1.373249	6.000000
4.000000	1000.000000	0.012696	1.377589	6.000000
4.000000	1000.000000	0.012974	1.407754	6.000000
5.000000	1000.000000	0.015706	1.704192	6.000000
5.000000	1000.000000	0.015639	1.696922	6.000000
5.000000	1000.000000	0.015773	1.711461	6.000000
5.000000	1000.000000	0.015661	1.699309	6.000000
5.000000	1000.000000	0.015625	1.695403	6.000000
5.000000	1000.000000	0.015540	1.686180	6.000000
5.000000	1000.000000	0.015483	1.679995	6.000000
5.000000	1000.000000	0.015529	1.684986	6.000000
5.000000	1000.000000	0.014717	1.596879	6.000000
5.000000	1000.000000	0.013249	1.437593	6.000000
6.000000	1000.000000	0.013431	1.457341	6.000000
6.000000	1000.000000	0.013220	1.434446	6.000000
6.000000	1000.000000	0.013653	1.481429	6.000000
6.000000	1000.000000	0.013453	1.459728	6.000000
6.000000	1000.000000	0.013371	1.450831	6.000000
6.000000	1000.000000	0.013210	1.433361	6.000000
6.000000	1000.000000	0.013336	1.447033	6.000000
6.000000	1000.000000	0.013097	1.421100	6.000000
6.000000	1000.000000	0.013002	1.410792	6.000000
6.000000	1000.000000	0.012897	1.399399	6.000000
7.000000	1000.000000	0.013510	1.465913	6.000000
7.000000	1000.000000	0.013298	1.442910	6.000000
7.000000	1000.000000	0.013513	1.466238	6.000000
7.000000	1000.000000	0.013374	1.451156	6.000000
7.000000	1000.000000	0.013153	1.427176	6.000000
7.000000	1000.000000	0.013403	1.454303	6.000000
7.000000	1000.000000	0.013309	1.444103	6.000000
7.000000	1000.000000	0.013540	1.469168	6.000000
7.000000	1000.000000	0.013429	1.457124	6.000000
7.000000	1000.000000	0.013309	1.444103	6.000000
8.000000	1000.000000	0.014002	1.519298	6.000000
8.000000	1000.000000	0.014402	1.562700	6.000000
8.000000	1000.000000	0.014324	1.554237	6.000000
8.000000	1000.000000	0.014269	1.548269	6.000000
8.000000	1000.000000	0.014520	1.575504	6.000000
8.000000	1000.000000	0.015080	1.636267	6.000000
8.000000	1000.000000	0.014928	1.619774	6.000000
8.000000	1000.000000	0.014713	1.596445	6.000000
8.000000	1000.000000	0.014981	1.625525	6.000000
8.000000	1000.000000	0.014906	1.617387	6.000000
9.000000	1000.000000	0.015476	1.679235	6.000000
9.000000	1000.000000	0.015248	1.654496	6.000000
9.000000	1000.000000	0.015328	1.663176	6.000000
9.000000	1000.000000	0.015196	1.648854	6.000000
9.000000	1000.000000	0.015157	1.644622	6.000000
9.000000	1000.000000	0.015105	1.638980	6.000000
9.000000	1000.000000	0.015162	1.645164	6.000000
9.000000	1000.000000	0.015219	1.651349	6.000000
9.000000	1000.000000	0.015248	1.654496	6.000000
9.000000	1000.000000	0.015304	1.660572	6.000000
10.000000	1000.000000	0.017370	1.884745	6.000000
10.000000	1000.000000	0.017545	1.903734	6.000000
10.000000	1000.000000	0.017268	1.873678	6.000000
10.000000	1000.000000	0.017505	1.899393	6.000000
10.000000	1000.000000	0.017604	1.910136	6.000000
10.000000	1000.000000	0.017470	1.895596	6.000000
10.000000	1000.000000	0.017650	1.915127	6.000000
10.000000	1000.000000	0.017666	1.916863	6.000000
10.000000	1000.000000	0.020917	2.269615	6.000000
10.000000	1000.000000	0.017329	1.880296	6.000000
11.000000	1000.000000	0.018509	2.008333	6.000000
11.000000	1000.000000	0.018280	1.983485	6.000000
11.000000	1000.000000	0.018412	1.997808	6.000000
11.000000	1000.000000	0.024129	2.618136	6.000000
11.000000	1000.000000	0.018439	2.000738	6.000000
11.000000	1000.000000	0.018364	1.992600	6.000000
11.000000	1000.000000	0.018433	2.000087	6.000000
11.000000	1000.000000	0.018365	1.992708	6.000000
11.000000	1000.000000	0.018324	1.988260	6.000000
11.000000	1000.000000	0.018474	2.004536	6.000000
12.000000	1000.000000	0.020574	2.232398	6.000000
12.000000	1000.000000	0.023854	2.588297	6.000000
12.000000	1000.000000	0.020272	2.199629	6.000000
12.000000	1000.000000	0.020157	2.187151	6.000000
12.000000	1000.000000	0.020452	2.219160	6.000000
12.000000	1000.000000	0.020328	2.205705	6.000000
12.000000	1000.000000	0.020432	2.216990	6.000000
12.000000	1000.000000	0.020204	2.192251	6.000000
12.000000	1000.000000	0.020578	2.232832	6.000000
12.000000	1000.000000	0.019995	2.169573	6.000000
13.000000	1000.000000	0.021478	2.330487	6.000000
13.000000	1000.000000	0.021493	2.332114	6.000000
13.000000	1000.000000	0.021687	2.353165	6.000000
13.000000	1000.000000	0.021647	2.348824	6.000000
13.000000	1000.000000	0.021477	2.330378	6.000000
13.000000	1000.000000	0.021420	2.324194	6.000000
13.000000	1000.000000	0.021439	2.326255	6.000000
13.000000	1000.000000	0.021552	2.338516	6.000000
13.000000	1000.000000	0.021552	2.338516	6.000000
13.000000	1000.000000	0.021628	2.346763	6.000000
14.000000	1000.000000	0.020219	2.193878	6.000000
14.000000	1000.000000	0.020224	2.194421	6.000000
14.000000	1000.000000	0.020242	2.196374	6.000000
14.000000	1000.000000	0.020527	2.227298	6.000000
14.000000	1000.000000	0.020625	2.237931	6.000000
14.000000	1000.000000	0.020522	2.226755	6.000000
14.000000	1000.000000	0.020658	2.241512	6.000000
14.000000	1000.000000	0.020804	2.257354	6.000000
14.000000	1000.000000	0.020729	2.249216	6.000000
14.000000	1000.000000	0.020646	2.240210	6.000000
15.000000	1000.000000	0.024011	2.605332	6.000000
15.000000	1000.000000	0.023936	2.597194	6.000000
15.000000	1000.000000	0.024087	2.613578	6.000000
15.000000	1000.000000	0.023987	2.602728	6.000000
15.000000	1000.000000	0.023966	2.600449	6.000000
15.000000	1000.000000	0.027023	2.932151	6.000000
15.000000	1000.000000	0.024121	2.617268	6.000000
15.000000	1000.000000	0.024035	2.607936	6.000000
15.000000	1000.000000	0.023985	2.602511	6.000000
15.000000	1000.000000	0.024012	2.605440	6.000000
16.000000	1000.000000	0.030348	3.292933	6.000000
16.000000	1000.000000	0.026165	2.839053	6.000000
16.000000	1000.000000	0.026145	2.836883	6.000000
16.000000	1000.000000	0.026207	2.843611	6.000000
16.000000	1000.000000	0.026179	2.840572	6.000000
16.000000	1000.000000	0.028777	3.122470	6.000000
16.000000	1000.000000	0.026356	2.859778	6.000000
16.000000	1000.000000	0.026145	2.836883	6.000000
16.000000	1000.000000	0.026104	2.832435	6.000000
16.000000	1000.000000	0.026122	2.834388	6.000000
1.000000	1000.000000	0.014943	1.000000	10.000000
1.000000	1000.000000	0.014743	1.000000	10.000000
1.000000	1000.000000	0.014323	1.000000	10.000000
1.000000	1000.000000	0.013878	1.000000	10.000000
1.000000	1000.000000	0.013989	1.000000	10.000000
1.000000	1000.000000	0.013861	1.000000	10.000000
1.000000	1000.000000	0.013401	1.000000	10.000000
1.000000	1000.000000	0.013451	1.000000	10.000000
1.000000	1000.000000	0.017318	1.000000	10.000000
1.000000	1000.000000	0.016178	1.000000	10.000000
2.000000	1000.000000	0.025982	1.778554	10.000000
2.000000	1000.000000	0.023719	1.623644	10.000000
2.000000	1000.000000	0.021994	1.505562	10.000000
2.000000	1000.000000	0.020339	1.392272	10.000000
2.000000	1000.000000	0.018815	1.287949	10.000000
2.000000	1000.000000	0.018156	1.242838	10.000000
2.000000	1000.000000	0.017613	1.205668	10.000000
2.000000	1000.000000	0.017263	1.181709	10.000000
2.000000	1000.000000	0.016891	1.156245	10.000000
2.000000	1000.000000	0.016529	1.131465	10.000000
3.000000	1000.000000	0.015628	1.069788	10.000000
3.000000	1000.000000	0.015431	1.056303	10.000000
3.000000	1000.000000	0.015397	1.053975	10.000000
3.000000	1000.000000	0.015404	1.054455	10.000000
3.000000	1000.000000	0.015707	1.075196	10.000000
3.000000	1000.000000	0.015414	1.055139	10.000000
3.000000	1000.000000	0.015727	1.076565	10.000000
3.000000	1000.000000	0.015960	1.092515	10.000000
3.000000	1000.000000	0.015674	1.072937	10.000000
3.000000	1000.000000	0.015437	1.056714	10.000000
4.000000	1000.000000	0.016473	1.127631	10.000000
4.000000	1000.000000	0.017036	1.166170	10.000000
4.000000	1000.000000	0.017240	1.180135	10.000000
4.000000	1000.000000	0.017262	1.181641	10.000000
4.000000	1000.000000	0.016826	1.151795	10.000000
4.000000	1000.000000	0.016744	1.146182	10.000000
4.000000	1000.000000	0.016649	1.139679	10.000000
4.000000	1000.000000	0.017411	1.191840	10.000000
4.000000	1000.000000	0.017106	1.170962	10.000000
4.000000	1000.000000	0.020858	1.427799	10.000000
5.000000	1000.000000	0.015782	1.080330	10.000000
5.000000	1000.000000	0.008646	0.591847	10.000000
5.000000	1000.000000	0.008616	0.589794	10.000000
5.000000	1000.000000	0.008896	0.608961	10.000000
5.000000	1000.000000	0.008694	0.595133	10.000000
5.000000	1000.000000	0.008659	0.592737	10.000000
5.000000	1000.000000	0.008756	0.599377	10.000000
5.000000	1000.000000	0.008738	0.598145	10.000000
5.000000	1000.000000	0.008712	0.596365	10.000000
5.000000	1000.000000	0.019604	1.341958	10.000000
6.000000	1000.000000	0.021089	1.443612	10.000000
6.000000	1000.000000	0.020669	1.414861	10.000000
6.000000	1000.000000	0.020217	1.383920	10.000000
6.000000	1000.000000	0.019597	1.341479	10.000000
6.000000	1000.000000	0.020282	1.388370	10.000000
6.000000	1000.000000	0.020088	1.375090	10.000000
6.000000	1000.000000	0.020468	1.401102	10.000000
6.000000	1000.000000	0.020370	1.394394	10.000000
6.000000	1000.000000	0.020066	1.373584	10.000000
6.000000	1000.000000	0.020622	1.411644	10.000000
7.000000	1000.000000	0.021009	1.438135	10.000000
7.000000	1000.000000	0.020591	1.409522	10.000000
7.000000	1000.000000	0.019777	1.353801	10.000000
7.000000	1000.000000	0.019996	1.368792	10.000000
7.000000	1000.000000	0.020047	1.372283	10.000000
7.000000	1000.000000	0.020946	1.433823	10.000000
7.000000	1000.000000	0.021517	1.472910	10.000000
7.000000	1000.000000	0.021086	1.443406	10.000000
7.000000	1000.000000	0.021075	1.442653	10.000000
7.000000	1000.000000	0.020760	1.421090	10.000000
8.000000	1000.000000	0.022528	1.542116	10.000000
8.000000	1000.000000	0.022666	1.551562	10.000000
8.000000	1000.000000	0.021898	1.498990	10.000000
8.000000	1000.000000	0.021643	1.481535	10.000000
8.000000	1000.000000	0.020927	1.432522	10.000000
8.000000	1000.000000	0.020950	1.434097	10.000000
8.000000	1000.000000	0.021051	1.441010	10.000000
8.000000	1000.000000	0.020883	1.429510	10.000000
8.000000	1000.000000	0.020216	1.383852	10.000000
8.000000	1000.000000	0.020081	1.374611	10.000000
9.000000	1000.000000	0.021746	1.488585	10.000000
9.000000	1000.000000	0.022001	1.506041	10.000000
9.000000	1000.000000	0.021898	1.498990	10.000000
9.000000	1000.000000	0.024281	1.662115	10.000000
9.000000	1000.000000	0.021429	1.466886	10.000000
9.000000	1000.000000	0.021922	1.500633	10.000000
9.000000	1000.000000	0.030078	2.058938	10.000000
9.000000	1000.000000	0.021555	1.475511	10.000000
9.000000	1000.000000	0.021689	1.484684	10.000000
9.000000	1000.000000	0.021734	1.487764	10.000000
10.000000	1000.000000	0.026061	1.783961	10.000000
10.000000	1000.000000	0.022894	1.567170	10.000000
10.000000	1000.000000	0.022534	1.542527	10.000000
10.000000	1000.000000	0.022529	1.542184	10.000000
10.000000	1000.000000	0.022812	1.561557	10.000000
10.000000	1000.000000	0.023118	1.582503	10.000000
10.000000	1000.000000	0.023198	1.587980	10.000000
10.000000	1000.000000	0.022424	1.534997	10.000000
10.000000	1000.000000	0.022194	1.519252	10.000000
10.000000	1000.000000	0.022234	1.521991	10.000000
11.000000	1000.000000	0.024141	1.652531	10.000000
11.000000	1000.000000	0.024030	1.644933	10.000000
11.000000	1000.000000	0.023690	1.621659	10.000000
11.000000	1000.000000	0.023306	1.595373	10.000000
11.000000	1000.000000	0.023353	1.598590	10.000000
11.000000	1000.000000	0.023068	1.579081	10.000000
11.000000	1000.000000	0.023759	1.626382	10.000000
11.000000	1000.000000	0.022734	1.556217	10.000000
11.000000	1000.000000	0.022941	1.570387	10.000000
11.000000	1000.000000	0.023310	1.595646	10.000000
12.000000	1000.000000	0.023390	1.601123	10.000000
12.000000	1000.000000	0.023430	1.603861	10.000000
12.000000	1000.000000	0.023407	1.602286	10.000000
12.000000	1000.000000	0.023616	1.616593	10.000000
12.000000	1000.000000	0.023510	1.609337	10.000000
12.000000	1000.000000	0.023557	1.612554	10.000000
12.000000	1000.000000	0.023651	1.618989	10.000000
12.000000	1000.000000	0.023737	1.624876	10.000000
12.000000	1000.000000	0.023656	1.619331	10.000000
12.000000	1000.000000	0.023517	1.609816	10.000000
13.000000	1000.000000	0.024492	1.676558	10.000000
13.000000	1000.000000	0.024419	1.671561	10.000000
13.000000	1000.000000	0.024403	1.670466	10.000000
13.000000	1000.000000	0.024388	1.669439	10.000000
13.000000	1000.000000	0.024607	1.684430	10.000000
13.000000	1000.000000	0.024615	1.684978	10.000000
13.000000	1000.000000	0.024402	1.670397	10.000000
13.000000	1000.000000	0.024524	1.678749	10.000000
13.000000	1000.000000	0.028642	1.960639	10.000000
13.000000	1000.000000	0.028619	1.959065	10.000000
14.000000	1000.000000	0.025671	1.757265	10.000000
14.000000	1000.000000	0.024772	1.695725	10.000000
14.000000	1000.000000	0.021902	1.499264	10.000000
14.000000	1000.000000	0.021494	1.471335	10.000000
14.000000	1000.000000	0.022449	1.536708	10.000000
14.000000	1000.000000	0.022304	1.526782	10.000000
14.000000	1000.000000	0.022272	1.524592	10.000000
14.000000	1000.000000	0.022102	1.512955	10.000000
14.000000	1000.000000	0.022155	1.516583	10.000000
14.000000	1000.000000	0.022318	1.527741	10.000000
15.000000	1000.000000	0.026479	1.812575	10.000000
15.000000	1000.000000	0.026445	1.810247	10.000000
15.000000	1000.000000	0.026300	1.800322	10.000000
15.000000	1000.000000	0.026348	1.803607	10.000000
15.000000	1000.000000	0.026300	1.800322	10.000000
15.000000	1000.000000	0.026421	1.808605	10.000000
15.000000	1000.000000	0.026380	1.805798	10.000000
15.000000	1000.000000	0.026128	1.788548	10.000000
15.000000	1000.000000	0.026264	1.797857	10.000000
15.000000	1000.000000	0.025936	1.775405	10.000000
16.000000	1000.000000	0.028760	1.968717	10.000000
16.000000	1000.000000	0.028527	1.952767	10.000000
16.000000	1000.000000	0.028252	1.933943	10.000000
16.000000	1000.000000	0.028501	1.950987	10.000000
16.000000	1000.000000	0.028271	1.935243	10.000000
16.000000	1000.000000	0.028377	1.942499	10.000000
16.000000	1000.000000	0.028332	1.939419	10.000000
16.000000	1000.000000	0.028275	1.935517	10.000000
16.000000	1000.000000	0.028372	1.942157	10.000000
16.000000	1000.000000	0.028464	1.948455	10.000000
1.000000	1000.000000	0.050400	1.000000	20.000000
1.000000	1000.000000	0.085129	1.000000	20.000000
1.000000	1000.000000	0.086169	1.000000	20.000000
1.000000	1000.000000	0.085041	1.000000	20.000000
1.000000	1000.000000	0.060884	1.000000	20.000000
1.000000	1000.000000	0.051498	1.000000	20.000000
1.000000	1000.000000	0.046657	1.000000	20.000000
1.000000	1000.000000	0.085910	1.000000	20.000000
1.000000	1000.000000	0.060235	1.000000	20.000000
1.000000	1000.000000	0.051964	1.000000	20.000000
2.000000	1000.000000	0.034947	0.526400	20.000000
2.000000	1000.000000	0.028675	0.431926	20.000000
2.000000	1000.000000	0.028910	0.435466	20.000000
2.000000	1000.000000	0.063498	0.956458	20.000000
2.000000	1000.000000	0.028781	0.433523	20.000000
2.000000	1000.000000	0.029693	0.447260	20.000000
2.000000	1000.000000	0.059815	0.900982	20.000000
2.000000	1000.000000	0.053450	0.805107	20.000000
2.000000	1000.000000	0.049128	0.740005	20.000000
2.000000	1000.000000	0.028600	0.430796	20.000000
3.000000	1000.000000	0.047098	0.709428	20.000000
3.000000	1000.000000	0.047180	0.710663	20.000000
3.000000	1000.000000	0.045601	0.686879	20.000000
3.000000	1000.000000	0.038045	0.573064	20.000000
3.000000	1000.000000	0.040222	0.605856	20.000000
3.000000	1000.000000	0.043981	0.662477	20.000000
3.000000	1000.000000	0.044711	0.673473	20.000000
3.000000	1000.000000	0.044007	0.662869	20.000000
3.000000	1000.000000	0.044378	0.668457	20.000000
3.000000	1000.000000	0.038710	0.583081	20.000000
4.000000	1000.000000	0.040630	0.612002	20.000000
4.000000	1000.000000	0.041028	0.617997	20.000000
4.000000	1000.000000	0.041095	0.619006	20.000000
4.000000	1000.000000	0.038558	0.580792	20.000000
4.000000	1000.000000	0.032694	0.492463	20.000000
4.000000	1000.000000	0.033110	0.498729	20.000000
4.000000	1000.000000	0.036489	0.549627	20.000000
4.000000	1000.000000	0.033581	0.505824	20.000000
4.000000	1000.000000	0.035986	0.542050	20.000000
4.000000	1000.000000	0.037939	0.571468	20.000000
5.000000	1000.000000	0.038940	0.586546	20.000000
5.000000	1000.000000	0.041186	0.620377	20.000000
5.000000	1000.000000	0.039264	0.591426	20.000000
5.000000	1000.000000	0.038587	0.581228	20.000000
5.000000	1000.000000	0.036361	0.547699	20.000000
5.000000	1000.000000	0.036965	0.556797	20.000000
5.000000	1000.000000	0.037220	0.560638	20.000000
5.000000	1000.000000	0.038038	0.572959	20.000000
5.000000	1000.000000	0.036295	0.546704	20.000000
5.000000	1000.000000	0.036535	0.550320	20.000000
6.000000	1000.000000	0.038081	0.573607	20.000000
6.000000	1000.000000	0.033542	0.505237	20.000000
6.000000	1000.000000	0.034595	0.521098	20.000000
6.000000	1000.000000	0.037127	0.559237	20.000000
6.000000	1000.000000	0.035589	0.536070	20.000000
6.000000	1000.000000	0.035378	0.532892	20.000000
6.000000	1000.000000	0.038530	0.580370	20.000000
6.000000	1000.000000	0.035019	0.527484	20.000000
6.000000	1000.000000	0.035502	0.534760	20.000000
6.000000	1000.000000	0.035662	0.537170	20.000000
7.000000	1000.000000	0.041412	0.623781	20.000000
7.000000	1000.000000	0.042554	0.640983	20.000000
7.000000	1000.000000	0.041327	0.622501	20.000000
7.000000	1000.000000	0.045242	0.681471	20.000000
7.000000	1000.000000	0.040101	0.604034	20.000000
7.000000	1000.000000	0.038911	0.586109	20.000000
7.000000	1000.000000	0.038748	0.583654	20.000000
7.000000	1000.000000	0.041339	0.622681	20.000000
7.000000	1000.000000	0.039524	0.595342	20.000000
7.000000	1000.000000	0.040299	0.607016	20.000000
8.000000	1000.000000	0.037042	0.557956	20.000000
8.000000	1000.000000	0.041767	0.629128	20.000000
8.000000	1000.000000	0.032729	0.492991	20.000000
8.000000	1000.000000	0.022930	0.345390	20.000000
8.000000	1000.000000	0.025459	0.383484	20.000000
8.000000	1000.000000	0.020594	0.310203	20.000000
8.000000	1000.000000	0.020634	0.310806	20.000000
8.000000	1000.000000	0.034716	0.522920	20.000000
8.000000	1000.000000	0.037238	0.560909	20.000000
8.000000	1000.000000	0.038982	0.587178	20.000000
9.000000	1000.000000	0.036147	0.544475	20.000000
9.000000	1000.000000	0.038556	0.580761	20.000000
9.000000	1000.000000	0.036995	0.557248	20.000000
9.000000	1000.000000	0.040436	0.609080	20.000000
9.000000	1000.000000	0.039245	0.591140	20.000000
9.000000	1000.000000	0.043165	0.650186	20.000000
9.000000	1000.000000	0.041388	0.623419	20.000000
9.000000	1000.000000	0.042456	0.639506	20.000000
9.000000	1000.000000	0.047417	0.714233	20.000000
9.000000	1000.000000	0.046437	0.699471	20.000000
10.000000	1000.000000	0.041790	0.629475	20.000000
10.000000	1000.000000	0.041752	0.628902	20.000000
10.000000	1000.000000	0.044848	0.675537	20.000000
10.000000	1000.000000	0.045963	0.692332	20.000000
10.000000	1000.000000	0.045659	0.687753	20.000000
10.000000	1000.000000	0.046568	0.701445	20.000000
10.000000	1000.000000	0.046198	0.695871	20.000000
10.000000	1000.000000	0.045759	0.689259	20.000000
10.000000	1000.000000	0.042836	0.645230	20.000000
10.000000	1000.000000	0.040531	0.610511	20.000000
11.000000	1000.000000	0.049425	0.744479	20.000000
11.000000	1000.000000	0.044955	0.677148	20.000000
11.000000	1000.000000	0.041680	0.627818	20.000000
11.000000	1000.000000	0.040784	0.614321	20.000000
11.000000	1000.000000	0.040333	0.607528	20.000000
11.000000	1000.000000	0.041875	0.630755	20.000000
11.000000	1000.000000	0.039353	0.592767	20.000000
11.000000	1000.000000	0.040202	0.605555	20.000000
11.000000	1000.000000	0.041955	0.631960	20.000000
11.000000	1000.000000	0.043925	0.661634	20.000000
12.000000	1000.000000	0.041862	0.630559	20.000000
12.000000	1000.000000	0.042377	0.638316	20.000000
12.000000	1000.000000	0.043990	0.662613	20.000000
12.000000	1000.000000	0.046051	0.693657	20.000000
12.000000	1000.000000	0.043111	0.649373	20.000000
12.000000	1000.000000	0.046421	0.699230	20.000000
12.000000	1000.000000	0.044936	0.676862	20.000000
12.000000	1000.000000	0.049413	0.744298	20.000000
12.000000	1000.000000	0.048428	0.729461	20.000000
12.000000	1000.000000	0.054294	0.817820	20.000000
13.000000	1000.000000	0.050589	0.762012	20.000000
13.000000	1000.000000	0.044525	0.670671	20.000000
13.000000	1000.000000	0.044806	0.674904	20.000000
13.000000	1000.000000	0.048471	0.730109	20.000000
13.000000	1000.000000	0.050012	0.753321	20.000000
13.000000	1000.000000	0.046471	0.699984	20.000000
13.000000	1000.000000	0.045840	0.690479	20.000000
13.000000	1000.000000	0.044450	0.669542	20.000000
13.000000	1000.000000	0.049171	0.740653	20.000000
13.000000	1000.000000	0.044322	0.667614	20.000000
14.000000	1000.000000	0.044067	0.663773	20.000000
14.000000	1000.000000	0.041995	0.632562	20.000000
14.000000	1000.000000	0.044138	0.664842	20.000000
14.000000	1000.000000	0.048226	0.726419	20.000000
14.000000	1000.000000	0.047240	0.711567	20.000000
14.000000	1000.000000	0.046772	0.704517	20.000000
14.000000	1000.000000	0.046459	0.699803	20.000000
14.000000	1000.000000	0.048619	0.732338	20.000000
14.000000	1000.000000	0.048617	0.732308	20.000000
14.000000	1000.000000	0.055414	0.834690	20.000000
15.000000	1000.000000	0.053972	0.812970	20.000000
15.000000	1000.000000	0.056769	0.855100	20.000000
15.000000	1000.000000	0.052177	0.785932	20.000000
15.000000	1000.000000	0.056901	0.857089	20.000000
15.000000	1000.000000	0.049510	0.745759	20.000000
15.000000	1000.000000	0.047787	0.719806	20.000000
15.000000	1000.000000	0.048307	0.727639	20.000000
15.000000	1000.000000	0.049427	0.744509	20.000000
15.000000	1000.000000	0.050670	0.763232	20.000000
15.000000	1000.000000	0.051811	0.780419	20.000000
16.000000	1000.000000	0.056989	0.858414	20.000000
16.000000	1000.000000	0.051223	0.771562	20.000000
16.000000	1000.000000	0.049788	0.749947	20.000000
16.000000	1000.000000	0.051156	0.770553	20.000000
16.000000	1000.000000	0.050918	0.766968	20.000000
16.000000	1000.000000	0.053189	0.801176	20.000000
16.000000	1000.000000	0.052460	0.790195	20.000000
16.000000	1000.000000	0.056180	0.846228	20.000000
16.000000	1000.000000	0.060677	0.913966	20.000000
16.000000	1000.000000	0.056778	0.855236	20.000000
1.000000	1000.000000	0.149918	1.000000	36.000000
1.000000	1000.000000	0.203588	1.000000	36.000000
1.000000	1000.000000	0.201306	1.000000	36.000000
1.000000	1000.000000	0.146214	1.000000	36.000000
1.000000	1000.000000	0.200546	1.000000	36.000000
1.000000	1000.000000	0.217774	1.000000	36.000000
1.000000	1000.000000	0.203360	1.000000	36.000000
1.000000	1000.000000	0.201141	1.000000	36.000000
1.000000	1000.000000	0.152131	1.000000	36.000000
1.000000	1000.000000	0.145948	1.000000	36.000000
2.000000	1000.000000	0.168099	0.922644	36.000000
2.000000	1000.000000	0.182262	1.000381	36.000000
2.000000	1000.000000	0.165079	0.906069	36.000000
2.000000	1000.000000	0.155783	0.855046	36.000000
2.000000	1000.000000	0.156076	0.856654	36.000000
2.000000	1000.000000	0.133136	0.730743	36.000000
2.000000	1000.000000	0.126340	0.693442	36.000000
2.000000	1000.000000	0.125998	0.691565	36.000000
2.000000	1000.000000	0.126193	0.692635	36.000000
2.000000	1000.000000	0.126173	0.692525	36.000000
3.000000	1000.000000	0.099851	0.548052	36.000000
3.000000	1000.000000	0.100234	0.550154	36.000000
3.000000	1000.000000	0.100176	0.549836	36.000000
3.000000	1000.000000	0.065796	0.361134	36.000000
3.000000	1000.000000	0.095805	0.525845	36.000000
3.000000	1000.000000	0.126082	0.692026	36.000000
3.000000	1000.000000	0.115287	0.632775	36.000000
3.000000	1000.000000	0.107050	0.587565	36.000000
3.000000	1000.000000	0.106104	0.582373	36.000000
3.000000	1000.000000	0.098757	0.542047	36.000000
4.000000	1000.000000	0.103483	0.567987	36.000000
4.000000	1000.000000	0.098852	0.542569	36.000000
4.000000	1000.000000	0.098106	0.538474	36.000000
4.000000	1000.000000	0.058915	0.323367	36.000000
4.000000	1000.000000	0.103166	0.566247	36.000000
4.000000	1000.000000	0.105306	0.577993	36.000000
4.000000	1000.000000	0.092161	0.505844	36.000000
4.000000	1000.000000	0.107125	0.587977	36.000000
4.000000	1000.000000	0.058296	0.319969	36.000000
4.000000	1000.000000	0.084137	0.461803	36.000000
5.000000	1000.000000	0.107436	0.589684	36.000000
5.000000	1000.000000	0.105729	0.580314	36.000000
5.000000	1000.000000	0.104320	0.572581	36.000000
5.000000	1000.000000	0.095259	0.522848	36.000000
5.000000	1000.000000	0.095704	0.525290	36.000000
5.000000	1000.000000	0.100009	0.548919	36.000000
5.000000	1000.000000	0.056606	0.310693	36.000000
5.000000	1000.000000	0.096829	0.531465	36.000000
5.000000	1000.000000	0.065898	0.361694	36.000000
5.000000	1000.000000	0.080061	0.439431	36.000000
6.000000	1000.000000	0.100152	0.549704	36.000000
6.000000	1000.000000	0.109966	0.603570	36.000000
6.000000	1000.000000	0.110138	0.604514	36.000000
6.000000	1000.000000	0.095544	0.524412	36.000000
6.000000	1000.000000	0.105066	0.576675	36.000000
6.000000	1000.000000	0.104571	0.573959	36.000000
6.000000	1000.000000	0.101344	0.556247	36.000000
6.000000	1000.000000	0.105056	0.576621	36.000000
6.000000	1000.000000	0.102643	0.563376	36.000000
6.000000	1000.000000	0.097952	0.537629	36.000000
7.000000	1000.000000	0.106578	0.584974	36.000000
7.000000	1000.000000	0.097248	0.533765	36.000000
7.000000	1000.000000	0.099999	0.548864	36.000000
7.000000	1000.000000	0.056383	0.309469	36.000000
7.000000	1000.000000	0.071486	0.392365	36.000000
7.000000	1000.000000	0.085385	0.468652	36.000000
7.000000	1000.000000	0.093405	0.512672	36.000000
7.000000	1000.000000	0.085392	0.468691	36.000000
7.000000	1000.000000	0.118148	0.648479	36.000000
7.000000	1000.000000	0.101062	0.554699	36.000000
8.000000	1000.000000	0.101383	0.556461	36.000000
8.000000	1000.000000	0.097218	0.533600	36.000000
8.000000	1000.000000	0.103197	0.566417	36.000000
8.000000	1000.000000	0.100325	0.550654	36.000000
8.000000	1000.000000	0.104442	0.573251	36.000000
8.000000	1000.000000	0.094154	0.516783	36.000000
8.000000	1000.000000	0.106100	0.582351	36.000000
8.000000	1000.000000	0.113535	0.623159	36.000000
8.000000	1000.000000	0.107476	0.589903	36.000000
8.000000	1000.000000	0.058359	0.320315	36.000000
9.000000	1000.000000	0.079342	0.435484	36.000000
9.000000	1000.000000	0.082028	0.450227	36.000000
9.000000	1000.000000	0.088046	0.483258	36.000000
9.000000	1000.000000	0.098098	0.538430	36.000000
9.000000	1000.000000	0.100825	0.553398	36.000000
9.000000	1000.000000	0.104354	0.572767	36.000000
9.000000	1000.000000	0.071387	0.391822	36.000000
9.000000	1000.000000	0.080192	0.440150	36.000000
9.000000	1000.000000	0.096780	0.531196	36.000000
9.000000	1000.000000	0.108307	0.594464	36.000000
10.000000	1000.000000	0.116715	0.640613	36.000000
10.000000	1000.000000	0.106849	0.586462	36.000000
10.000000	1000.000000	0.097822	0.536915	36.000000
10.000000	1000.000000	0.112606	0.618060	36.000000
10.000000	1000.000000	0.107597	0.590567	36.000000
10.000000	1000.000000	0.104103	0.571390	36.000000
10.000000	1000.000000	0.105398	0.578498	36.000000
10.000000	1000.000000	0.112087	0.615212	36.000000
10.000000	1000.000000	0.120398	0.660828	36.000000
10.000000	1000.000000	0.102186	0.560868	36.000000
11.000000	1000.000000	0.114166	0.626623	36.000000
11.000000	1000.000000	0.103866	0.570089	36.000000
11.000000	1000.000000	0.101817	0.558843	36.000000
11.000000	1000.000000	0.102443	0.562279	36.000000
11.000000	1000.000000	0.101891	0.559249	36.000000
11.000000	1000.000000	0.102162	0.560736	36.000000
11.000000	1000.000000	0.104914	0.575841	36.000000
11.000000	1000.000000	0.115098	0.631738	36.000000
11.000000	1000.000000	0.104537	0.573772	36.000000
11.000000	1000.000000	0.103119	0.565989	36.000000
12.000000	1000.000000	0.104598	0.574107	36.000000
12.000000	1000.000000	0.101860	0.559079	36.000000
12.000000	1000.000000	0.102228	0.561099	36.000000
12.000000	1000.000000	0.101254	0.555753	36.000000
12.000000	1000.000000	0.102678	0.563568	36.000000
12.000000	1000.000000	0.102114	0.560473	36.000000
12.000000	1000.000000	0.109597	0.601545	36.000000
12.000000	1000.000000	0.111911	0.614246	36.000000
12.000000	1000.000000	0.107196	0.588366	36.000000
12.000000	1000.000000	0.106120	0.582461	36.000000
13.000000	1000.000000	0.103829	0.569886	36.000000
13.000000	1000.000000	0.113724	0.624197	36.000000
13.000000	1000.000000	0.112508	0.617522	36.000000
13.000000	1000.000000	0.110176	0.604723	36.000000
13.000000	1000.000000	0.109307	0.599953	36.000000
13.000000	1000.000000	0.124427	0.682942	36.000000
13.000000	1000.000000	0.110534	0.606688	36.000000
13.000000	1000.000000	0.109247	0.599624	36.000000
13.000000	1000.000000	0.109565	0.601369	36.000000
13.000000	1000.000000	0.109938	0.603416	36.000000
14.000000	1000.000000	0.114458	0.628225	36.000000
14.000000	1000.000000	0.110651	0.607330	36.000000
14.000000	1000.000000	0.110706	0.607632	36.000000
14.000000	1000.000000	0.106848	0.586456	36.000000
14.000000	1000.000000	0.122035	0.669813	36.000000
14.000000	1000.000000	0.113109	0.620821	36.000000
14.000000	1000.000000	0.105130	0.577027	36.000000
14.000000	1000.000000	0.109000	0.598268	36.000000
14.000000	1000.000000	0.105648	0.579870	36.000000
14.000000	1000.000000	0.106628	0.585249	36.000000
15.000000	1000.000000	0.112028	0.614888	36.000000
15.000000	1000.000000	0.116068	0.637062	36.000000
15.000000	1000.000000	0.123006	0.675143	36.000000
15.000000	1000.000000	0.126139	0.692339	36.000000
15.000000	1000.000000	0.116254	0.638083	36.000000
15.000000	1000.000000	0.115882	0.636041	36.000000
15.000000	1000.000000	0.113184	0.621233	36.000000
15.000000	1000.000000	0.113645	0.623763	36.000000
15.000000	1000.000000	0.111689	0.613027	36.000000
15.000000	1000.000000	0.112207	0.615870	36.000000
16.000000	1000.000000	0.116738	0.640740	36.000000
16.000000	1000.000000	0.142903	0.784351	36.000000
16.000000	1000.000000	0.123060	0.675439	36.000000
16.000000	1000.000000	0.116064	0.637040	36.000000
16.000000	1000.000000	0.116638	0.640191	36.000000
16.000000	1000.000000	0.116996	0.642156	36.000000
16.000000	1000.000000	0.116264	0.638138	36.000000
16.000000	1000.000000	0.114800	0.630102	36.000000
16.000000	1000.000000	0.117523	0.645048	36.000000
16.000000	1000.000000	0.122571	0.672755	36.000000
1.000000	1000.000000	0.281561	1.000000	50.000000
1.000000	1000.000000	0.336452	1.000000	50.000000
1.000000	1000.000000	0.277737	1.000000	50.000000
1.000000	1000.000000	0.278052	1.000000	50.000000
1.000000	1000.000000	0.278131	1.000000	50.000000
1.000000	1000.000000	0.281660	1.000000	50.000000
1.000000	1000.000000	0.285436	1.000000	50.000000
1.000000	1000.000000	0.278623	1.000000	50.000000
1.000000	1000.000000	0.281416	1.000000	50.000000
1.000000	1000.000000	0.281296	1.000000	50.000000
2.000000	1000.000000	0.245116	0.856940	50.000000
2.000000	1000.000000	0.276079	0.965188	50.000000
2.000000	1000.000000	0.241823	0.845427	50.000000
2.000000	1000.000000	0.231512	0.809380	50.000000
2.000000	1000.000000	0.235562	0.823539	50.000000
2.000000	1000.000000	0.231287	0.808593	50.000000
2.000000	1000.000000	0.231122	0.808016	50.000000
2.000000	1000.000000	0.232891	0.814201	50.000000
2.000000	1000.000000	0.235682	0.823958	50.000000
2.000000	1000.000000	0.231854	0.810575	50.000000
3.000000	1000.000000	0.217245	0.759501	50.000000
3.000000	1000.000000	0.145522	0.508753	50.000000
3.000000	1000.000000	0.229068	0.800835	50.000000
3.000000	1000.000000	0.152081	0.531684	50.000000
3.000000	1000.000000	0.225383	0.787952	50.000000
3.000000	1000.000000	0.207943	0.726981	50.000000
3.000000	1000.000000	0.124733	0.436074	50.000000
3.000000	1000.000000	0.226979	0.793532	50.000000
3.000000	1000.000000	0.201981	0.706137	50.000000
3.000000	1000.000000	0.190764	0.666922	50.000000
4.000000	1000.000000	0.179919	0.629007	50.000000
4.000000	1000.000000	0.172379	0.602647	50.000000
4.000000	1000.000000	0.122933	0.429781	50.000000
4.000000	1000.000000	0.192862	0.674257	50.000000
4.000000	1000.000000	0.187755	0.656402	50.000000
4.000000	1000.000000	0.188605	0.659374	50.000000
4.000000	1000.000000	0.180890	0.632402	50.000000
4.000000	1000.000000	0.177189	0.619463	50.000000
4.000000	1000.000000	0.186942	0.653560	50.000000
4.000000	1000.000000	0.114162	0.399117	50.000000
5.000000	1000.000000	0.197010	0.688758	50.000000
5.000000	1000.000000	0.178238	0.623130	50.000000
5.000000	1000.000000	0.099539	0.347994	50.000000
5.000000	1000.000000	0.169004	0.590848	50.000000
5.000000	1000.000000	0.194974	0.681641	50.000000
5.000000	1000.000000	0.180645	0.631545	50.000000
5.000000	1000.000000	0.193497	0.676477	50.000000
5.000000	1000.000000	0.105761	0.369747	50.000000
5.000000	1000.000000	0.179970	0.629186	50.000000
5.000000	1000.000000	0.127189	0.444660	50.000000
6.000000	1000.000000	0.182585	0.638328	50.000000
6.000000	1000.000000	0.199159	0.696272	50.000000
6.000000	1000.000000	0.180357	0.630539	50.000000
6.000000	1000.000000	0.185466	0.648400	50.000000
6.000000	1000.000000	0.100613	0.351749	50.000000
6.000000	1000.000000	0.154517	0.540200	50.000000
6.000000	1000.000000	0.180009	0.629322	50.000000
6.000000	1000.000000	0.179065	0.626022	50.000000
6.000000	1000.000000	0.189136	0.661231	50.000000
6.000000	1000.000000	0.127331	0.445157	50.000000
7.000000	1000.000000	0.164141	0.573847	50.000000
7.000000	1000.000000	0.178225	0.623085	50.000000
7.000000	1000.000000	0.179563	0.627763	50.000000
7.000000	1000.000000	0.179627	0.627987	50.000000
7.000000	1000.000000	0.202195	0.706886	50.000000
7.000000	1000.000000	0.192375	0.672554	50.000000
7.000000	1000.000000	0.182187	0.636936	50.000000
7.000000	1000.000000	0.184015	0.643327	50.000000
7.000000	1000.000000	0.200117	0.699621	50.000000
7.000000	1000.000000	0.156239	0.546221	50.000000
8.000000	1000.000000	0.187162	0.654329	50.000000
8.000000	1000.000000	0.180933	0.632552	50.000000
8.000000	1000.000000	0.178678	0.624669	50.000000
8.000000	1000.000000	0.186003	0.650277	50.000000
8.000000	1000.000000	0.194275	0.679197	50.000000
8.000000	1000.000000	0.122065	0.426746	50.000000
8.000000	1000.000000	0.145761	0.509589	50.000000
8.000000	1000.000000	0.181033	0.632902	50.000000
8.000000	1000.000000	0.181765	0.635461	50.000000
8.000000	1000.000000	0.188531	0.659115	50.000000
9.000000	1000.000000	0.187936	0.657035	50.000000
9.000000	1000.000000	0.247299	0.864572	50.000000
9.000000	1000.000000	0.177731	0.621358	50.000000
9.000000	1000.000000	0.191022	0.667824	50.000000
9.000000	1000.000000	0.187938	0.657042	50.000000
9.000000	1000.000000	0.261703	0.914929	50.000000
9.000000	1000.000000	0.183527	0.641621	50.000000
9.000000	1000.000000	0.201705	0.705172	50.000000
9.000000	1000.000000	0.187176	0.654378	50.000000
9.000000	1000.000000	0.195539	0.683616	50.000000
10.000000	1000.000000	0.190904	0.667412	50.000000
10.000000	1000.000000	0.196697	0.687664	50.000000
10.000000	1000.000000	0.510414	1.784437	50.000000
10.000000	1000.000000	0.175507	0.613583	50.000000
10.000000	1000.000000	0.204540	0.715084	50.000000
10.000000	1000.000000	0.188064	0.657483	50.000000
10.000000	1000.000000	0.184553	0.645208	50.000000
10.000000	1000.000000	0.191260	0.668656	50.000000
10.000000	1000.000000	0.179746	0.628403	50.000000
10.000000	1000.000000	0.204383	0.714535	50.000000
11.000000	1000.000000	0.187309	0.654843	50.000000
11.000000	1000.000000	0.187643	0.656011	50.000000
11.000000	1000.000000	0.195042	0.681878	50.000000
11.000000	1000.000000	0.447981	1.566168	50.000000
11.000000	1000.000000	0.175757	0.614457	50.000000
11.000000	1000.000000	0.182503	0.638041	50.000000
11.000000	1000.000000	0.195922	0.684955	50.000000
11.000000	1000.000000	0.179725	0.628329	50.000000
11.000000	1000.000000	0.322416	1.127185	50.000000
11.000000	1000.000000	0.188185	0.657906	50.000000
12.000000	1000.000000	0.198849	0.695188	50.000000
12.000000	1000.000000	0.187741	0.656354	50.000000
12.000000	1000.000000	0.194742	0.680829	50.000000
12.000000	1000.000000	0.205390	0.718055	50.000000
12.000000	1000.000000	0.193307	0.675813	50.000000
12.000000	1000.000000	0.190641	0.666492	50.000000
12.000000	1000.000000	0.190307	0.665324	50.000000
12.000000	1000.000000	0.195246	0.682591	50.000000
12.000000	1000.000000	0.663484	2.319579	50.000000
12.000000	1000.000000	0.194142	0.678732	50.000000
13.000000	1000.000000	0.204947	0.716507	50.000000
13.000000	1000.000000	0.426936	1.492593	50.000000
13.000000	1000.000000	0.188221	0.658032	50.000000
13.000000	1000.000000	0.196773	0.687930	50.000000
13.000000	1000.000000	0.200054	0.699400	50.000000
13.000000	1000.000000	0.203360	0.710958	50.000000
13.000000	1000.000000	0.205430	0.718195	50.000000
13.000000	1000.000000	0.192254	0.672131	50.000000
13.000000	1000.000000	0.189926	0.663992	50.000000
13.000000	1000.000000	0.209021	0.730750	50.000000
14.000000	1000.000000	0.258654	0.904270	50.000000
14.000000	1000.000000	0.195765	0.684406	50.000000
14.000000	1000.000000	0.195682	0.684116	50.000000
14.000000	1000.000000	0.188715	0.659759	50.000000
14.000000	1000.000000	0.219682	0.768021	50.000000
14.000000	1000.000000	0.185293	0.647795	50.000000
14.000000	1000.000000	0.193076	0.675005	50.000000
14.000000	1000.000000	0.194834	0.681151	50.000000
14.000000	1000.000000	0.199097	0.696055	50.000000
14.000000	1000.000000	0.199079	0.695992	50.000000
15.000000	1000.000000	0.207191	0.724352	50.000000
15.000000	1000.000000	0.186505	0.652032	50.000000
15.000000	1000.000000	0.187180	0.654392	50.000000
15.000000	1000.000000	0.190374	0.665559	50.000000
15.000000	1000.000000	0.220438	0.770664	50.000000
15.000000	1000.000000	0.196776	0.687940	50.000000
15.000000	1000.000000	0.194943	0.681532	50.000000
15.000000	1000.000000	0.196524	0.687059	50.000000
15.000000	1000.000000	0.196338	0.686409	50.000000
15.000000	1000.000000	0.199889	0.698824	50.000000
16.000000	1000.000000	0.221042	0.772776	50.000000
16.000000	1000.000000	0.202331	0.707361	50.000000
16.000000	1000.000000	0.201632	0.704917	50.000000
16.000000	1000.000000	0.200450	0.700785	50.000000
16.000000	1000.000000	0.219091	0.765955	50.000000
16.000000	1000.000000	0.537725	1.879918	50.000000
16.000000	1000.000000	0.202516	0.708008	50.000000
16.000000	1000.000000	0.214114	0.748555	50.000000
16.000000	1000.000000	0.213569	0.746650	50.000000
16.000000	1000.000000	0.199340	0.696904	50.000000
1.000000	1000.000000	1.174865	1.000000	100.000000
1.000000	1000.000000	1.338512	1.000000	100.000000
1.000000	1000.000000	1.312450	1.000000	100.000000
1.000000	1000.000000	1.266759	1.000000	100.000000
1.000000	1000.000000	1.164432	1.000000	100.000000
1.000000	1000.000000	1.162513	1.000000	100.000000
1.000000	1000.000000	1.107130	1.000000	100.000000
1.000000	1000.000000	1.163225	1.000000	100.000000
1.000000	1000.000000	1.106218	1.000000	100.000000
1.000000	1000.000000	1.102197	1.000000	100.000000
2.000000	1000.000000	1.018487	0.855994	100.000000
2.000000	1000.000000	0.924350	0.776876	100.000000
2.000000	1000.000000	0.926828	0.778958	100.000000
2.000000	1000.000000	0.928404	0.780283	100.000000
2.000000	1000.000000	0.932586	0.783798	100.000000
2.000000	1000.000000	0.927536	0.779553	100.000000
2.000000	1000.000000	0.928288	0.780185	100.000000
2.000000	1000.000000	0.931514	0.782897	100.000000
2.000000	1000.000000	0.934222	0.785173	100.000000
2.000000	1000.000000	0.929132	0.780895	100.000000
3.000000	1000.000000	0.771077	0.648056	100.000000
3.000000	1000.000000	0.771436	0.648358	100.000000
3.000000	1000.000000	0.697666	0.586358	100.000000
3.000000	1000.000000	0.727151	0.611139	100.000000
3.000000	1000.000000	0.773759	0.650310	100.000000
3.000000	1000.000000	0.748590	0.629157	100.000000
3.000000	1000.000000	0.750790	0.631006	100.000000
3.000000	1000.000000	0.746885	0.627724	100.000000
3.000000	1000.000000	0.874143	0.734679	100.000000
3.000000	1000.000000	0.775354	0.651651	100.000000
4.000000	1000.000000	0.731927	0.615153	100.000000
4.000000	1000.000000	0.689699	0.579662	100.000000
4.000000	1000.000000	0.714679	0.600656	100.000000
4.000000	1000.000000	0.726656	0.610722	100.000000
4.000000	1000.000000	0.686551	0.577016	100.000000
4.000000	1000.000000	0.694205	0.583449	100.000000
4.000000	1000.000000	0.709268	0.596109	100.000000
4.000000	1000.000000	0.684979	0.575695	100.000000
4.000000	1000.000000	0.706910	0.594127	100.000000
4.000000	1000.000000	0.772166	0.648972	100.000000
5.000000	1000.000000	0.724037	0.608521	100.000000
5.000000	1000.000000	0.622075	0.522827	100.000000
5.000000	1000.000000	0.726585	0.610663	100.000000
5.000000	1000.000000	0.727850	0.611726	100.000000
5.000000	1000.000000	0.735818	0.618423	100.000000
5.000000	1000.000000	0.709218	0.596067	100.000000
5.000000	1000.000000	0.683441	0.574402	100.000000
5.000000	1000.000000	0.690121	0.580016	100.000000
5.000000	1000.000000	0.695997	0.584955	100.000000
5.000000	1000.000000	0.721684	0.606544	100.000000
6.000000	1000.000000	0.670203	0.563276	100.000000
6.000000	1000.000000	0.680499	0.571930	100.000000
6.000000	1000.000000	0.709560	0.596354	100.000000
6.000000	1000.000000	0.706638	0.593898	100.000000
6.000000	1000.000000	0.691283	0.580993	100.000000
6.000000	1000.000000	0.738478	0.620658	100.000000
6.000000	1000.000000	0.721484	0.606376	100.000000
6.000000	1000.000000	0.720521	0.605566	100.000000
6.000000	1000.000000	0.689764	0.579716	100.000000
6.000000	1000.000000	0.735262	0.617955	100.000000
7.000000	1000.000000	0.700738	0.588940	100.000000
7.000000	1000.000000	0.722189	0.606968	100.000000
7.000000	1000.000000	0.721493	0.606383	100.000000
7.000000	1000.000000	0.727295	0.611260	100.000000
7.000000	1000.000000	0.714856	0.600805	100.000000
7.000000	1000.000000	0.710613	0.597239	100.000000
7.000000	1000.000000	0.710426	0.597082	100.000000
7.000000	1000.000000	0.705337	0.592805	100.000000
7.000000	1000.000000	0.730872	0.614266	100.000000
7.000000	1000.000000	0.745413	0.626487	100.000000
8.000000	1000.000000	0.697388	0.586124	100.000000
8.000000	1000.000000	0.716785	0.602426	100.000000
8.000000	1000.000000	0.741518	0.623213	100.000000
8.000000	1000.000000	0.748331	0.628939	100.000000
8.000000	1000.000000	0.659878	0.554599	100.000000
8.000000	1000.000000	0.702931	0.590783	100.000000
8.000000	1000.000000	0.711457	0.597948	100.000000
8.000000	1000.000000	0.727029	0.611036	100.000000
8.000000	1000.000000	0.726037	0.610202	100.000000
8.000000	1000.000000	0.707931	0.594985	100.000000
9.000000	1000.000000	0.657008	0.552186	100.000000
9.000000	1000.000000	0.743825	0.625152	100.000000
9.000000	1000.000000	0.732595	0.615714	100.000000
9.000000	1000.000000	0.725068	0.609388	100.000000
9.000000	1000.000000	0.743159	0.624593	100.000000
9.000000	1000.000000	0.732226	0.615404	100.000000
9.000000	1000.000000	0.736453	0.618956	100.000000
9.000000	1000.000000	0.992986	0.834561	100.000000
9.000000	1000.000000	0.751269	0.631409	100.000000
9.000000	1000.000000	0.754452	0.634084	100.000000
10.000000	1000.000000	0.756563	0.635858	100.000000
10.000000	1000.000000	0.757730	0.636839	100.000000
10.000000	1000.000000	0.748705	0.629254	100.000000
10.000000	1000.000000	0.719540	0.604742	100.000000
10.000000	1000.000000	0.717738	0.603227	100.000000
10.000000	1000.000000	0.723914	0.608418	100.000000
10.000000	1000.000000	0.735872	0.618468	100.000000
10.000000	1000.000000	1.243497	1.045105	100.000000
10.000000	1000.000000	0.737153	0.619545	100.000000
10.000000	1000.000000	0.801103	0.673292	100.000000
11.000000	1000.000000	0.727340	0.611297	100.000000
11.000000	1000.000000	0.720279	0.605363	100.000000
11.000000	1000.000000	0.727898	0.611766	100.000000
11.000000	1000.000000	0.746316	0.627246	100.000000
11.000000	1000.000000	0.734145	0.617017	100.000000
11.000000	1000.000000	0.729326	0.612967	100.000000
11.000000	1000.000000	0.728423	0.612208	100.000000
11.000000	1000.000000	0.760566	0.639222	100.000000
11.000000	1000.000000	0.739097	0.621179	100.000000
11.000000	1000.000000	0.718586	0.603940	100.000000
12.000000	1000.000000	0.736785	0.619235	100.000000
12.000000	1000.000000	0.745113	0.626235	100.000000
12.000000	1000.000000	0.742332	0.623897	100.000000
12.000000	1000.000000	0.727074	0.611074	100.000000
12.000000	1000.000000	0.735284	0.617974	100.000000
12.000000	1000.000000	0.745660	0.626695	100.000000
12.000000	1000.000000	0.743587	0.624952	100.000000
12.000000	1000.000000	0.732047	0.615253	100.000000
12.000000	1000.000000	0.756499	0.635804	100.000000
12.000000	1000.000000	0.888971	0.747141	100.000000
13.000000	1000.000000	0.752463	0.632412	100.000000
13.000000	1000.000000	0.728260	0.612071	100.000000
13.000000	1000.000000	0.738681	0.620829	100.000000
13.000000	1000.000000	0.751810	0.631863	100.000000
13.000000	1000.000000	0.751049	0.631224	100.000000
13.000000	1000.000000	0.736487	0.618985	100.000000
13.000000	1000.000000	0.756619	0.635905	100.000000
13.000000	1000.000000	0.750037	0.630373	100.000000
13.000000	1000.000000	0.741474	0.623176	100.000000
13.000000	1000.000000	0.739527	0.621540	100.000000
14.000000	1000.000000	0.754574	0.634186	100.000000
14.000000	1000.000000	0.761664	0.640145	100.000000
14.000000	1000.000000	0.764669	0.642671	100.000000
14.000000	1000.000000	0.737855	0.620135	100.000000
14.000000	1000.000000	0.748820	0.629350	100.000000
14.000000	1000.000000	1.036062	0.870765	100.000000
14.000000	1000.000000	0.746447	0.627356	100.000000
14.000000	1000.000000	0.733661	0.616610	100.000000
14.000000	1000.000000	0.757918	0.636997	100.000000
14.000000	1000.000000	0.745803	0.626815	100.000000
15.000000	1000.000000	0.781578	0.656882	100.000000
15.000000	1000.000000	0.770009	0.647159	100.000000
15.000000	1000.000000	0.757674	0.636792	100.000000
15.000000	1000.000000	0.756230	0.635578	100.000000
15.000000	1000.000000	0.753929	0.633644	100.000000
15.000000	1000.000000	0.774939	0.651302	100.000000
15.000000	1000.000000	0.751943	0.631975	100.000000
15.000000	1000.000000	0.741991	0.623611	100.000000
15.000000	1000.000000	0.771510	0.648420	100.000000
15.000000	1000.000000	0.746594	0.627480	100.000000
16.000000	1000.000000	0.770365	0.647458	100.000000
16.000000	1000.000000	0.754987	0.634533	100.000000
16.000000	1000.000000	0.755872	0.635277	100.000000
16.000000	1000.000000	0.770529	0.647596	100.000000
16.000000	1000.000000	0.766557	0.644258	100.000000
16.000000	1000.000000	0.767193	0.644792	100.000000
16.000000	1000.000000	0.767786	0.645290	100.000000
16.000000	1000.000000	0.765852	0.643665	100.000000
16.000000	1000.000000	0.770640	0.647689	100.000000
16.000000	1000.000000	0.771269	0.648218	100.000000
1.000000	1000.000000	4.807218	1.000000	200.000000
1.000000	1000.000000	4.416813	1.000000	200.000000
1.000000	1000.000000	4.737722	1.000000	200.000000
1.000000	1000.000000	4.473093	1.000000	200.000000
1.000000	1000.000000	4.471814	1.000000	200.000000
1.000000	1000.000000	4.481200	1.000000	200.000000
1.000000	1000.000000	4.471553	1.000000	200.000000
1.000000	1000.000000	4.486142	1.000000	200.000000
1.000000	1000.000000	4.419497	1.000000	200.000000
1.000000	1000.000000	4.584875	1.000000	200.000000
2.000000	1000.000000	3.668326	0.808893	200.000000
2.000000	1000.000000	3.688422	0.813325	200.000000
2.000000	1000.000000	3.789338	0.835578	200.000000
2.000000	1000.000000	3.591683	0.791993	200.000000
2.000000	1000.000000	3.648140	0.804442	200.000000
2.000000	1000.000000	4.003546	0.882812	200.000000
2.000000	1000.000000	3.673575	0.810051	200.000000
2.000000	1000.000000	3.921273	0.864670	200.000000
2.000000	1000.000000	3.711032	0.818310	200.000000
2.000000	1000.000000	3.720865	0.820479	200.000000
3.000000	1000.000000	3.209846	0.707795	200.000000
3.000000	1000.000000	3.030325	0.668209	200.000000
3.000000	1000.000000	3.140416	0.692485	200.000000
3.000000	1000.000000	3.068626	0.676655	200.000000
3.000000	1000.000000	2.961938	0.653130	200.000000
3.000000	1000.000000	2.948283	0.650119	200.000000
3.000000	1000.000000	3.110253	0.685834	200.000000
3.000000	1000.000000	3.021570	0.666279	200.000000
3.000000	1000.000000	2.964268	0.653643	200.000000
3.000000	1000.000000	2.964916	0.653786	200.000000
4.000000	1000.000000	2.764040	0.609492	200.000000
4.000000	1000.000000	2.790000	0.615216	200.000000
4.000000	1000.000000	2.773520	0.611582	200.000000
4.000000	1000.000000	2.838483	0.625907	200.000000
4.000000	1000.000000	2.850050	0.628457	200.000000
4.000000	1000.000000	2.744918	0.605275	200.000000
4.000000	1000.000000	2.845130	0.627373	200.000000
4.000000	1000.000000	2.835720	0.625298	200.000000
4.000000	1000.000000	2.832057	0.624490	200.000000
4.000000	1000.000000	2.814233	0.620560	200.000000
5.000000	1000.000000	2.767723	0.610304	200.000000
5.000000	1000.000000	2.734743	0.603031	200.000000
5.000000	1000.000000	2.862139	0.631123	200.000000
5.000000	1000.000000	2.786672	0.614482	200.000000
5.000000	1000.000000	2.924775	0.644935	200.000000
5.000000	1000.000000	2.866101	0.631997	200.000000
5.000000	1000.000000	2.803878	0.618276	200.000000
5.000000	1000.000000	2.874705	0.633894	200.000000
5.000000	1000.000000	2.830239	0.624089	200.000000
5.000000	1000.000000	2.858773	0.630381	200.000000
6.000000	1000.000000	2.592379	0.571639	200.000000
6.000000	1000.000000	2.825309	0.623002	200.000000
6.000000	1000.000000	2.755006	0.607500	200.000000
6.000000	1000.000000	2.745776	0.605464	200.000000
6.000000	1000.000000	2.678610	0.590654	200.000000
6.000000	1000.000000	2.802703	0.618017	200.000000
6.000000	1000.000000	2.669549	0.588656	200.000000
6.000000	1000.000000	2.690934	0.593371	200.000000
6.000000	1000.000000	2.660650	0.586693	200.000000
6.000000	1000.000000	2.724958	0.600874	200.000000
7.000000	1000.000000	2.895810	0.638548	200.000000
7.000000	1000.000000	2.840056	0.626254	200.000000
7.000000	1000.000000	2.843401	0.626991	200.000000
7.000000	1000.000000	2.806290	0.618808	200.000000
7.000000	1000.000000	2.821599	0.622184	200.000000
7.000000	1000.000000	2.832572	0.624603	200.000000
7.000000	1000.000000	2.870795	0.633032	200.000000
7.000000	1000.000000	2.873377	0.633601	200.000000
7.000000	1000.000000	2.837085	0.625599	200.000000
7.000000	1000.000000	2.911559	0.642021	200.000000
8.000000	1000.000000	2.671226	0.589025	200.000000
8.000000	1000.000000	2.860963	0.630864	200.000000
8.000000	1000.000000	2.744635	0.605213	200.000000
8.000000	1000.000000	2.827253	0.623431	200.000000
8.000000	1000.000000	2.979359	0.656971	200.000000
8.000000	1000.000000	2.953240	0.651212	200.000000
8.000000	1000.000000	2.983939	0.657981	200.000000
8.000000	1000.000000	2.787941	0.614762	200.000000
8.000000	1000.000000	2.828364	0.623676	200.000000
8.000000	1000.000000	2.793650	0.616021	200.000000
9.000000	1000.000000	2.828924	0.623799	200.000000
9.000000	1000.000000	2.910394	0.641764	200.000000
9.000000	1000.000000	2.901353	0.639770	200.000000
9.000000	1000.000000	2.908685	0.641387	200.000000
9.000000	1000.000000	2.961155	0.652957	200.000000
9.000000	1000.000000	2.873775	0.633689	200.000000
9.000000	1000.000000	2.948192	0.650099	200.000000
9.000000	1000.000000	2.922149	0.644356	200.000000
9.000000	1000.000000	2.955860	0.651789	200.000000
9.000000	1000.000000	3.258765	0.718582	200.000000
10.000000	1000.000000	2.900900	0.639670	200.000000
10.000000	1000.000000	2.856134	0.629799	200.000000
10.000000	1000.000000	2.947778	0.650007	200.000000
10.000000	1000.000000	2.912786	0.642291	200.000000
10.000000	1000.000000	2.874437	0.633835	200.000000
10.000000	1000.000000	2.883768	0.635893	200.000000
10.000000	1000.000000	2.863372	0.631395	200.000000
10.000000	1000.000000	2.911835	0.642082	200.000000
10.000000	1000.000000	2.894296	0.638214	200.000000
10.000000	1000.000000	2.907546	0.641136	200.000000
11.000000	1000.000000	2.874187	0.633780	200.000000
11.000000	1000.000000	2.928320	0.645717	200.000000
11.000000	1000.000000	2.855947	0.629758	200.000000
11.000000	1000.000000	2.889624	0.637184	200.000000
11.000000	1000.000000	2.946676	0.649764	200.000000
11.000000	1000.000000	3.024148	0.666847	200.000000
11.000000	1000.000000	2.922222	0.644372	200.000000
11.000000	1000.000000	2.897868	0.639002	200.000000
11.000000	1000.000000	3.071251	0.677234	200.000000
11.000000	1000.000000	2.878725	0.634781	200.000000
12.000000	1000.000000	2.882896	0.635700	200.000000
12.000000	1000.000000	3.071911	0.677379	200.000000
12.000000	1000.000000	2.932722	0.646687	200.000000
12.000000	1000.000000	2.896909	0.638790	200.000000
12.000000	1000.000000	2.878870	0.634812	200.000000
12.000000	1000.000000	2.878371	0.634702	200.000000
12.000000	1000.000000	2.883480	0.635829	200.000000
12.000000	1000.000000	2.885859	0.636354	200.000000
12.000000	1000.000000	2.922026	0.644329	200.000000
12.000000	1000.000000	2.918317	0.643511	200.000000
13.000000	1000.000000	3.150122	0.694626	200.000000
13.000000	1000.000000	2.941804	0.648690	200.000000
13.000000	1000.000000	2.926091	0.645225	200.000000
13.000000	1000.000000	3.023239	0.666647	200.000000
13.000000	1000.000000	2.919065	0.643676	200.000000
13.000000	1000.000000	2.967582	0.654374	200.000000
13.000000	1000.000000	2.935975	0.647405	200.000000
13.000000	1000.000000	2.956935	0.652026	200.000000
13.000000	1000.000000	2.958535	0.652379	200.000000
13.000000	1000.000000	2.967901	0.654444	200.000000
14.000000	1000.000000	2.981279	0.657394	200.000000
14.000000	1000.000000	2.982720	0.657712	200.000000
14.000000	1000.000000	2.996786	0.660814	200.000000
14.000000	1000.000000	3.065711	0.676012	200.000000
14.000000	1000.000000	3.012457	0.664269	200.000000
14.000000	1000.000000	2.995497	0.660530	200.000000
14.000000	1000.000000	2.982546	0.657674	200.000000
14.000000	1000.000000	2.981959	0.657544	200.000000
14.000000	1000.000000	2.991005	0.659539	200.000000
14.000000	1000.000000	2.987564	0.658780	200.000000
15.000000	1000.000000	2.953736	0.651321	200.000000
15.000000	1000.000000	2.949786	0.650450	200.000000
15.000000	1000.000000	2.977244	0.656505	200.000000
15.000000	1000.000000	2.979990	0.657110	200.000000
15.000000	1000.000000	2.975869	0.656201	200.000000
15.000000	1000.000000	2.997409	0.660951	200.000000
15.000000	1000.000000	2.972813	0.655528	200.000000
15.000000	1000.000000	2.982364	0.657634	200.000000
15.000000	1000.000000	2.990806	0.659495	200.000000
15.000000	1000.000000	2.993165	0.660015	200.000000
16.000000	1000.000000	2.994050	0.660211	200.000000
16.000000	1000.000000	2.969562	0.654811	200.000000
16.000000	1000.000000	2.971529	0.655244	200.000000
16.000000	1000.000000	2.970242	0.654961	200.000000
16.000000	1000.000000	2.978410	0.656762	200.000000
16.000000	1000.000000	2.977602	0.656584	200.000000
16.000000	1000.000000	2.978205	0.656717	200.000000
16.000000	1000.000000	2.966667	0.654172	200.000000
16.000000	1000.000000	2.987516	0.658770	200.000000
16.000000	1000.000000	2.969781	0.654859	200.000000
1.000000	1000.000000	27.447169	1.000000	500.000000
1.000000	1000.000000	27.234771	1.000000	500.000000
1.000000	1000.000000	27.326010	1.000000	500.000000
1.000000	1000.000000	27.359872	1.000000	500.000000
1.000000	1000.000000	27.688010	1.000000	500.000000
1.000000	1000.000000	27.730744	1.000000	500.000000
1.000000	1000.000000	27.722992	1.000000	500.000000
1.000000	1000.000000	27.324156	1.000000	500.000000
1.000000	1000.000000	27.480523	1.000000	500.000000
1.000000	1000.000000	27.370454	1.000000	500.000000
2.000000	1000.000000	22.718420	0.827073	500.000000
2.000000	1000.000000	22.808235	0.830342	500.000000
2.000000	1000.000000	23.365589	0.850633	500.000000
2.000000	1000.000000	23.057721	0.839425	500.000000
2.000000	1000.000000	22.660062	0.824948	500.000000
2.000000	1000.000000	22.711998	0.826839	500.000000
2.000000	1000.000000	22.821024	0.830808	500.000000
2.000000	1000.000000	22.803664	0.830176	500.000000
2.000000	1000.000000	22.704022	0.826548	500.000000
2.000000	1000.000000	23.327022	0.849229	500.000000
3.000000	1000.000000	18.924958	0.688970	500.000000
3.000000	1000.000000	19.037449	0.693066	500.000000
3.000000	1000.000000	19.103761	0.695480	500.000000
3.000000	1000.000000	18.689808	0.680409	500.000000
3.000000	1000.000000	18.795471	0.684256	500.000000
3.000000	1000.000000	18.887477	0.687606	500.000000
3.000000	1000.000000	18.406042	0.670079	500.000000
3.000000	1000.000000	18.723364	0.681631	500.000000
3.000000	1000.000000	19.194253	0.698774	500.000000
3.000000	1000.000000	18.916886	0.688676	500.000000
4.000000	1000.000000	17.566571	0.639518	500.000000
4.000000	1000.000000	17.106848	0.622781	500.000000
4.000000	1000.000000	17.630705	0.641852	500.000000
4.000000	1000.000000	17.050929	0.620745	500.000000
4.000000	1000.000000	17.498663	0.637045	500.000000
4.000000	1000.000000	17.031639	0.620043	500.000000
4.000000	1000.000000	17.561592	0.639336	500.000000
4.000000	1000.000000	17.520864	0.637854	500.000000
4.000000	1000.000000	17.300037	0.629814	500.000000
4.000000	1000.000000	17.218342	0.626840	500.000000
5.000000	1000.000000	17.168674	0.625032	500.000000
5.000000	1000.000000	17.306818	0.630061	500.000000
5.000000	1000.000000	17.265177	0.628545	500.000000
5.000000	1000.000000	17.572631	0.639738	500.000000
5.000000	1000.000000	17.265911	0.628572	500.000000
5.000000	1000.000000	17.166921	0.624968	500.000000
5.000000	1000.000000	17.463721	0.635773	500.000000
5.000000	1000.000000	17.391543	0.633146	500.000000
5.000000	1000.000000	17.647767	0.642474	500.000000
5.000000	1000.000000	17.278592	0.629034	500.000000
6.000000	1000.000000	17.257561	0.628268	500.000000
6.000000	1000.000000	17.153225	0.624470	500.000000
6.000000	1000.000000	16.921631	0.616038	500.000000
6.000000	1000.000000	16.943290	0.616827	500.000000
6.000000	1000.000000	16.800952	0.611645	500.000000
6.000000	1000.000000	17.068556	0.621387	500.000000
6.000000	1000.000000	17.680815	0.643677	500.000000
6.000000	1000.000000	16.816192	0.612200	500.000000
6.000000	1000.000000	16.650009	0.606150	500.000000
6.000000	1000.000000	17.226776	0.627147	500.000000
7.000000	1000.000000	17.354476	0.631796	500.000000
7.000000	1000.000000	17.353468	0.631760	500.000000
7.000000	1000.000000	17.281124	0.629126	500.000000
7.000000	1000.000000	17.403156	0.633568	500.000000
7.000000	1000.000000	17.448792	0.635230	500.000000
7.000000	1000.000000	17.417583	0.634094	500.000000
7.000000	1000.000000	17.379861	0.632720	500.000000
7.000000	1000.000000	17.462361	0.635724	500.000000
7.000000	1000.000000	17.585736	0.640215	500.000000
7.000000	1000.000000	17.389531	0.633072	500.000000
8.000000	1000.000000	17.684099	0.643796	500.000000
8.000000	1000.000000	17.244625	0.627797	500.000000
8.000000	1000.000000	17.629472	0.641808	500.000000
8.000000	1000.000000	17.490787	0.636759	500.000000
8.000000	1000.000000	17.811720	0.648442	500.000000
8.000000	1000.000000	17.948557	0.653424	500.000000
8.000000	1000.000000	17.142495	0.624079	500.000000
8.000000	1000.000000	17.586071	0.640228	500.000000
8.000000	1000.000000	17.929970	0.652747	500.000000
8.000000	1000.000000	17.250471	0.628010	500.000000
9.000000	1000.000000	18.165570	0.661324	500.000000
9.000000	1000.000000	18.064934	0.657661	500.000000
9.000000	1000.000000	18.229666	0.663658	500.000000
9.000000	1000.000000	18.146732	0.660639	500.000000
9.000000	1000.000000	18.208626	0.662892	500.000000
9.000000	1000.000000	18.227111	0.663565	500.000000
9.000000	1000.000000	18.058515	0.657427	500.000000
9.000000	1000.000000	18.269461	0.665107	500.000000
9.000000	1000.000000	18.149936	0.660755	500.000000
9.000000	1000.000000	18.191074	0.662253	500.000000
10.000000	1000.000000	18.099714	0.658927	500.000000
10.000000	1000.000000	18.103364	0.659060	500.000000
10.000000	1000.000000	18.128445	0.659973	500.000000
10.000000	1000.000000	18.216800	0.663189	500.000000
10.000000	1000.000000	18.035798	0.656600	500.000000
10.000000	1000.000000	18.181826	0.661916	500.000000
10.000000	1000.000000	18.247285	0.664299	500.000000
10.000000	1000.000000	17.899704	0.651645	500.000000
10.000000	1000.000000	18.005387	0.655493	500.000000
10.000000	1000.000000	17.713272	0.644858	500.000000
11.000000	1000.000000	17.957185	0.653738	500.000000
11.000000	1000.000000	18.009852	0.655655	500.000000
11.000000	1000.000000	18.187870	0.662136	500.000000
11.000000	1000.000000	18.212027	0.663016	500.000000
11.000000	1000.000000	18.003900	0.655439	500.000000
11.000000	1000.000000	18.210807	0.662971	500.000000
11.000000	1000.000000	18.171386	0.661536	500.000000
11.000000	1000.000000	18.222554	0.663399	500.000000
11.000000	1000.000000	18.177138	0.661746	500.000000
11.000000	1000.000000	18.083214	0.658326	500.000000
12.000000	1000.000000	17.985411	0.654766	500.000000
12.000000	1000.000000	17.968353	0.654145	500.000000
12.000000	1000.000000	17.922556	0.652477	500.000000
12.000000	1000.000000	18.019215	0.655996	500.000000
12.000000	1000.000000	18.054880	0.657295	500.000000
12.000000	1000.000000	18.011198	0.655704	500.000000
12.000000	1000.000000	17.973647	0.654337	500.000000
12.000000	1000.000000	17.905711	0.651864	500.000000
12.000000	1000.000000	17.920055	0.652386	500.000000
12.000000	1000.000000	17.813971	0.648524	500.000000
13.000000	1000.000000	18.123558	0.659795	500.000000
13.000000	1000.000000	18.175426	0.661683	500.000000
13.000000	1000.000000	18.171687	0.661547	500.000000
13.000000	1000.000000	18.270426	0.665142	500.000000
13.000000	1000.000000	18.261400	0.664813	500.000000
13.000000	1000.000000	18.234595	0.663837	500.000000
13.000000	1000.000000	18.101053	0.658976	500.000000
13.000000	1000.000000	18.161732	0.661185	500.000000
13.000000	1000.000000	18.217501	0.663215	500.000000
13.000000	1000.000000	18.250309	0.664409	500.000000
14.000000	1000.000000	18.173781	0.661623	500.000000
14.000000	1000.000000	18.253344	0.664520	500.000000
14.000000	1000.000000	18.271755	0.665190	500.000000
14.000000	1000.000000	18.295602	0.666058	500.000000
14.000000	1000.000000	18.194894	0.662392	500.000000
14.000000	1000.000000	18.179057	0.661815	500.000000
14.000000	1000.000000	18.091885	0.658642	500.000000
14.000000	1000.000000	18.102752	0.659038	500.000000
14.000000	1000.000000	18.153501	0.660885	500.000000
14.000000	1000.000000	18.230314	0.663681	500.000000
15.000000	1000.000000	18.260704	0.664788	500.000000
15.000000	1000.000000	18.220296	0.663317	500.000000
15.000000	1000.000000	18.207543	0.662852	500.000000
15.000000	1000.000000	18.184174	0.662002	500.000000
15.000000	1000.000000	18.214157	0.663093	500.000000
15.000000	1000.000000	18.189304	0.662188	500.000000
15.000000	1000.000000	18.273953	0.665270	500.000000
15.000000	1000.000000	18.299576	0.666203	500.000000
15.000000	1000.000000	18.272218	0.665207	500.000000
15.000000	1000.000000	18.330655	0.667334	500.000000
16.000000	1000.000000	18.216969	0.663196	500.000000
16.000000	1000.000000	18.204269	0.662733	500.000000
16.000000	1000.000000	18.199039	0.662543	500.000000
16.000000	1000.000000	18.166631	0.661363	500.000000
16.000000	1000.000000	18.247740	0.664316	500.000000
16.000000	1000.000000	18.327852	0.667232	500.000000
16.000000	1000.000000	18.225126	0.663493	500.000000
16.000000	1000.000000	18.257961	0.664688	500.000000
16.000000	1000.000000	18.327582	0.667223	500.000000
16.000000	1000.000000	18.239167	0.664004	500.000000
