1.000000	1000.000000	0.010225	1.000000	10.000000
1.000000	1000.000000	0.010185	1.000000	10.000000
1.000000	1000.000000	0.010118	1.000000	10.000000
1.000000	1000.000000	0.016447	1.000000	10.000000
1.000000	1000.000000	0.014711	1.000000	10.000000
1.000000	1000.000000	0.013316	1.000000	10.000000
1.000000	1000.000000	0.016566	1.000000	10.000000
1.000000	1000.000000	0.014909	1.000000	10.000000
1.000000	1000.000000	0.014133	1.000000	10.000000
1.000000	1000.000000	0.012578	1.000000	10.000000
2.000000	1000.000000	0.010377	0.779124	10.000000
2.000000	1000.000000	0.009268	0.695858	10.000000
2.000000	1000.000000	0.008665	0.650584	10.000000
2.000000	1000.000000	0.008688	0.652311	10.000000
2.000000	1000.000000	0.008678	0.651560	10.000000
2.000000	1000.000000	0.008657	0.649983	10.000000
2.000000	1000.000000	0.008542	0.641349	10.000000
2.000000	1000.000000	0.008526	0.640148	10.000000
2.000000	1000.000000	0.008523	0.639923	10.000000
2.000000	1000.000000	0.008556	0.642400	10.000000
3.000000	1000.000000	0.015495	1.163393	10.000000
3.000000	1000.000000	0.014628	1.098297	10.000000
3.000000	1000.000000	0.014253	1.070141	10.000000
3.000000	1000.000000	0.013655	1.025243	10.000000
3.000000	1000.000000	0.013186	0.990029	10.000000
3.000000	1000.000000	0.013027	0.978091	10.000000
3.000000	1000.000000	0.012531	0.940851	10.000000
3.000000	1000.000000	0.012073	0.906463	10.000000
3.000000	1000.000000	0.012073	0.906463	10.000000
3.000000	1000.000000	0.012052	0.904886	10.000000
4.000000	1000.000000	0.011745	0.881836	10.000000
4.000000	1000.000000	0.010864	0.815689	10.000000
4.000000	1000.000000	0.010889	0.817566	10.000000
4.000000	1000.000000	0.010811	0.811710	10.000000
4.000000	1000.000000	0.010873	0.816365	10.000000
4.000000	1000.000000	0.010891	0.817716	10.000000
4.000000	1000.000000	0.010928	0.820494	10.000000
4.000000	1000.000000	0.010918	0.819744	10.000000
4.000000	1000.000000	0.010767	0.808406	10.000000
4.000000	1000.000000	0.010796	0.810584	10.000000
5.000000	1000.000000	0.012998	0.975914	10.000000
5.000000	1000.000000	0.012892	0.967955	10.000000
5.000000	1000.000000	0.012945	0.971934	10.000000
5.000000	1000.000000	0.011411	0.856759	10.000000
5.000000	1000.000000	0.011187	0.839941	10.000000
5.000000	1000.000000	0.011298	0.848275	10.000000
5.000000	1000.000000	0.011232	0.843319	10.000000
5.000000	1000.000000	0.011224	0.842719	10.000000
5.000000	1000.000000	0.011285	0.847299	10.000000
5.000000	1000.000000	0.011280	0.846923	10.000000
6.000000	1000.000000	0.012345	0.926885	10.000000
6.000000	1000.000000	0.012343	0.926735	10.000000
6.000000	1000.000000	0.012602	0.946181	10.000000
6.000000	1000.000000	0.012594	0.945581	10.000000
6.000000	1000.000000	0.012580	0.944530	10.000000
6.000000	1000.000000	0.012507	0.939049	10.000000
6.000000	1000.000000	0.012505	0.938898	10.000000
6.000000	1000.000000	0.013116	0.984773	10.000000
6.000000	1000.000000	0.012612	0.946932	10.000000
6.000000	1000.000000	0.012435	0.933643	10.000000
7.000000	1000.000000	0.013861	1.040709	10.000000
7.000000	1000.000000	0.013583	1.019837	10.000000
7.000000	1000.000000	0.013782	1.034778	10.000000
7.000000	1000.000000	0.013774	1.034177	10.000000
7.000000	1000.000000	0.013693	1.028096	10.000000
7.000000	1000.000000	0.013767	1.033652	10.000000
7.000000	1000.000000	0.013777	1.034402	10.000000
7.000000	1000.000000	0.013731	1.030949	10.000000
7.000000	1000.000000	0.013669	1.026294	10.000000
7.000000	1000.000000	0.013590	1.020362	10.000000
8.000000	1000.000000	0.018343	1.377226	10.000000
8.000000	1000.000000	0.014641	1.099273	10.000000
8.000000	1000.000000	0.014523	1.090414	10.000000
8.000000	1000.000000	0.014392	1.080578	10.000000
8.000000	1000.000000	0.017996	1.351173	10.000000
8.000000	1000.000000	0.014241	1.069240	10.000000
8.000000	1000.000000	0.014357	1.077950	10.000000
8.000000	1000.000000	0.014856	1.115416	10.000000
8.000000	1000.000000	0.014989	1.125402	10.000000
8.000000	1000.000000	0.014596	1.095895	10.000000
9.000000	1000.000000	0.015809	1.186969	10.000000
9.000000	1000.000000	0.015485	1.162642	10.000000
9.000000	1000.000000	0.015011	1.127053	10.000000
9.000000	1000.000000	0.014990	1.125477	10.000000
9.000000	1000.000000	0.015096	1.133435	10.000000
9.000000	1000.000000	0.014977	1.124501	10.000000
9.000000	1000.000000	0.015084	1.132534	10.000000
9.000000	1000.000000	0.015191	1.140568	10.000000
9.000000	1000.000000	0.014949	1.122398	10.000000
9.000000	1000.000000	0.015021	1.127804	10.000000
10.000000	1000.000000	0.016961	1.273463	10.000000
10.000000	1000.000000	0.016965	1.273763	10.000000
10.000000	1000.000000	0.016876	1.267081	10.000000
10.000000	1000.000000	0.017054	1.280446	10.000000
10.000000	1000.000000	0.017063	1.281121	10.000000
10.000000	1000.000000	0.017231	1.293735	10.000000
10.000000	1000.000000	0.016981	1.274965	10.000000
10.000000	1000.000000	0.016833	1.263853	10.000000
10.000000	1000.000000	0.016968	1.273989	10.000000
10.000000	1000.000000	0.017024	1.278193	10.000000
11.000000	1000.000000	0.017496	1.313632	10.000000
11.000000	1000.000000	0.017414	1.307475	10.000000
11.000000	1000.000000	0.017402	1.306574	10.000000
11.000000	1000.000000	0.017476	1.312130	10.000000
11.000000	1000.000000	0.017551	1.317761	10.000000
11.000000	1000.000000	0.017547	1.317461	10.000000
11.000000	1000.000000	0.017388	1.305523	10.000000
11.000000	1000.000000	0.017197	1.291182	10.000000
11.000000	1000.000000	0.017534	1.316485	10.000000
11.000000	1000.000000	0.017452	1.310328	10.000000
12.000000	1000.000000	0.018726	1.405983	10.000000
12.000000	1000.000000	0.018719	1.405457	10.000000
12.000000	1000.000000	0.018799	1.411463	10.000000
12.000000	1000.000000	0.018906	1.419497	10.000000
12.000000	1000.000000	0.019054	1.430609	10.000000
12.000000	1000.000000	0.018878	1.417395	10.000000
12.000000	1000.000000	0.018881	1.417620	10.000000
12.000000	1000.000000	0.018899	1.418972	10.000000
12.000000	1000.000000	0.018811	1.412364	10.000000
12.000000	1000.000000	0.018984	1.425354	10.000000
13.000000	1000.000000	0.020519	1.540604	10.000000
13.000000	1000.000000	0.020337	1.526939	10.000000
13.000000	1000.000000	0.020434	1.534222	10.000000
13.000000	1000.000000	0.023213	1.742875	10.000000
13.000000	1000.000000	0.020164	1.513950	10.000000
13.000000	1000.000000	0.020251	1.520482	10.000000
13.000000	1000.000000	0.024169	1.814653	10.000000
13.000000	1000.000000	0.020035	1.504265	10.000000
13.000000	1000.000000	0.020153	1.513124	10.000000
13.000000	1000.000000	0.020425	1.533547	10.000000
14.000000	1000.000000	0.034278	2.573655	10.000000
14.000000	1000.000000	0.022005	1.652176	10.000000
14.000000	1000.000000	0.021927	1.646319	10.000000
14.000000	1000.000000	0.021920	1.645794	10.000000
14.000000	1000.000000	0.022091	1.658633	10.000000
14.000000	1000.000000	0.021858	1.641139	10.000000
14.000000	1000.000000	0.022118	1.660660	10.000000
14.000000	1000.000000	0.021957	1.648572	10.000000
14.000000	1000.000000	0.021996	1.651500	10.000000
14.000000	1000.000000	0.022014	1.652852	10.000000
15.000000	1000.000000	0.023113	1.735367	10.000000
15.000000	1000.000000	0.023198	1.741749	10.000000
15.000000	1000.000000	0.023247	1.745428	10.000000
15.000000	1000.000000	0.023550	1.768177	10.000000
15.000000	1000.000000	0.023240	1.744902	10.000000
15.000000	1000.000000	0.023238	1.744752	10.000000
15.000000	1000.000000	0.022863	1.716596	10.000000
15.000000	1000.000000	0.023130	1.736643	10.000000
15.000000	1000.000000	0.023106	1.734841	10.000000
15.000000	1000.000000	0.023014	1.727933	10.000000
16.000000	1000.000000	0.026915	2.020828	10.000000
16.000000	1000.000000	0.025604	1.922395	10.000000
16.000000	1000.000000	0.025769	1.934784	10.000000
16.000000	1000.000000	0.025608	1.922696	10.000000
16.000000	1000.000000	0.025739	1.932531	10.000000
16.000000	1000.000000	0.025617	1.923371	10.000000
16.000000	1000.000000	0.025692	1.929003	10.000000
16.000000	1000.000000	0.025762	1.934258	10.000000
16.000000	1000.000000	0.025661	1.926675	10.000000
16.000000	1000.000000	0.025656	1.926300	10.000000
1.000000	1000.000000	0.539568	1.000000	100.000000
1.000000	1000.000000	0.537067	1.000000	100.000000
1.000000	1000.000000	0.537370	1.000000	100.000000
1.000000	1000.000000	0.540863	1.000000	100.000000
1.000000	1000.000000	0.537535	1.000000	100.000000
1.000000	1000.000000	0.537226	1.000000	100.000000
1.000000	1000.000000	0.537273	1.000000	100.000000
1.000000	1000.000000	0.733209	1.000000	100.000000
1.000000	1000.000000	0.723549	1.000000	100.000000
1.000000	1000.000000	0.591249	1.000000	100.000000
2.000000	1000.000000	0.419384	0.721222	100.000000
2.000000	1000.000000	0.392012	0.674150	100.000000
2.000000	1000.000000	0.304390	0.523465	100.000000
2.000000	1000.000000	0.300303	0.516436	100.000000
2.000000	1000.000000	0.300074	0.516042	100.000000
2.000000	1000.000000	0.304002	0.522798	100.000000
2.000000	1000.000000	0.300612	0.516968	100.000000
2.000000	1000.000000	0.299615	0.515253	100.000000
2.000000	1000.000000	0.299792	0.515558	100.000000
2.000000	1000.000000	0.304223	0.523178	100.000000
3.000000	1000.000000	0.217338	0.373760	100.000000
3.000000	1000.000000	0.229014	0.393839	100.000000
3.000000	1000.000000	0.240787	0.414086	100.000000
3.000000	1000.000000	0.309763	0.532705	100.000000
3.000000	1000.000000	0.265215	0.456095	100.000000
3.000000	1000.000000	0.263459	0.453075	100.000000
3.000000	1000.000000	0.224585	0.386223	100.000000
3.000000	1000.000000	0.218760	0.376205	100.000000
3.000000	1000.000000	0.274407	0.471902	100.000000
3.000000	1000.000000	0.270485	0.465158	100.000000
4.000000	1000.000000	0.232281	0.399458	100.000000
4.000000	1000.000000	0.222311	0.382312	100.000000
4.000000	1000.000000	0.228268	0.392556	100.000000
4.000000	1000.000000	0.222953	0.383416	100.000000
4.000000	1000.000000	0.221846	0.381512	100.000000
4.000000	1000.000000	0.242634	0.417262	100.000000
4.000000	1000.000000	0.231231	0.397652	100.000000
4.000000	1000.000000	0.209793	0.360785	100.000000
4.000000	1000.000000	0.175095	0.301114	100.000000
4.000000	1000.000000	0.182969	0.314655	100.000000
5.000000	1000.000000	0.157169	0.270286	100.000000
5.000000	1000.000000	0.150557	0.258915	100.000000
5.000000	1000.000000	0.151030	0.259729	100.000000
5.000000	1000.000000	0.150550	0.258903	100.000000
5.000000	1000.000000	0.150006	0.257968	100.000000
5.000000	1000.000000	0.152912	0.262965	100.000000
5.000000	1000.000000	0.152457	0.262183	100.000000
5.000000	1000.000000	0.150452	0.258735	100.000000
5.000000	1000.000000	0.151106	0.259860	100.000000
5.000000	1000.000000	0.152821	0.262809	100.000000
6.000000	1000.000000	0.175264	0.301405	100.000000
6.000000	1000.000000	0.173340	0.298096	100.000000
6.000000	1000.000000	0.184930	0.318027	100.000000
6.000000	1000.000000	0.169392	0.291306	100.000000
6.000000	1000.000000	0.139214	0.239409	100.000000
6.000000	1000.000000	0.136802	0.235261	100.000000
6.000000	1000.000000	0.137220	0.235980	100.000000
6.000000	1000.000000	0.136825	0.235300	100.000000
6.000000	1000.000000	0.144644	0.248747	100.000000
6.000000	1000.000000	0.138031	0.237374	100.000000
7.000000	1000.000000	0.130521	0.224459	100.000000
7.000000	1000.000000	0.130346	0.224158	100.000000
7.000000	1000.000000	0.130188	0.223887	100.000000
7.000000	1000.000000	0.132049	0.227087	100.000000
7.000000	1000.000000	0.132303	0.227524	100.000000
7.000000	1000.000000	0.152822	0.262811	100.000000
7.000000	1000.000000	0.136747	0.235166	100.000000
7.000000	1000.000000	0.132244	0.227422	100.000000
7.000000	1000.000000	0.132651	0.228122	100.000000
7.000000	1000.000000	0.132583	0.228005	100.000000
8.000000	1000.000000	0.145005	0.249368	100.000000
8.000000	1000.000000	0.119878	0.206156	100.000000
8.000000	1000.000000	0.125811	0.216359	100.000000
8.000000	1000.000000	0.126606	0.217727	100.000000
8.000000	1000.000000	0.119072	0.204770	100.000000
8.000000	1000.000000	0.122975	0.211482	100.000000
8.000000	1000.000000	0.123010	0.211542	100.000000
8.000000	1000.000000	0.122515	0.210691	100.000000
8.000000	1000.000000	0.122978	0.211487	100.000000
8.000000	1000.000000	0.123115	0.211723	100.000000
9.000000	1000.000000	0.123258	0.211969	100.000000
9.000000	1000.000000	0.121968	0.209750	100.000000
9.000000	1000.000000	0.117427	0.201941	100.000000
9.000000	1000.000000	0.117810	0.202600	100.000000
9.000000	1000.000000	0.173533	0.298428	100.000000
9.000000	1000.000000	0.112805	0.193993	100.000000
9.000000	1000.000000	0.117194	0.201541	100.000000
9.000000	1000.000000	0.116856	0.200959	100.000000
9.000000	1000.000000	0.122943	0.211427	100.000000
9.000000	1000.000000	0.119702	0.205854	100.000000
10.000000	1000.000000	0.115486	0.198603	100.000000
10.000000	1000.000000	0.110044	0.189245	100.000000
10.000000	1000.000000	0.110152	0.189430	100.000000
10.000000	1000.000000	0.110494	0.190018	100.000000
10.000000	1000.000000	0.110552	0.190118	100.000000
10.000000	1000.000000	0.110399	0.189855	100.000000
10.000000	1000.000000	0.126224	0.217070	100.000000
10.000000	1000.000000	0.119334	0.205221	100.000000
10.000000	1000.000000	0.110874	0.190672	100.000000
10.000000	1000.000000	0.110697	0.190368	100.000000
11.000000	1000.000000	0.111593	0.191908	100.000000
11.000000	1000.000000	0.108812	0.187126	100.000000
11.000000	1000.000000	0.109662	0.188588	100.000000
11.000000	1000.000000	0.108562	0.186696	100.000000
11.000000	1000.000000	0.108215	0.186099	100.000000
11.000000	1000.000000	0.108797	0.187100	100.000000
11.000000	1000.000000	0.119617	0.205707	100.000000
11.000000	1000.000000	0.108023	0.185769	100.000000
11.000000	1000.000000	0.108055	0.185824	100.000000
11.000000	1000.000000	0.108857	0.187203	100.000000
12.000000	1000.000000	0.107882	0.185527	100.000000
12.000000	1000.000000	0.105303	0.181091	100.000000
12.000000	1000.000000	0.105488	0.181410	100.000000
12.000000	1000.000000	0.111169	0.191179	100.000000
12.000000	1000.000000	0.126407	0.217384	100.000000
12.000000	1000.000000	0.108272	0.186197	100.000000
12.000000	1000.000000	0.105602	0.181606	100.000000
12.000000	1000.000000	0.107388	0.184677	100.000000
12.000000	1000.000000	0.107660	0.185145	100.000000
12.000000	1000.000000	0.105828	0.181994	100.000000
13.000000	1000.000000	0.103131	0.177356	100.000000
13.000000	1000.000000	0.102912	0.176980	100.000000
13.000000	1000.000000	0.107152	0.184271	100.000000
13.000000	1000.000000	0.114907	0.197608	100.000000
13.000000	1000.000000	0.103130	0.177354	100.000000
13.000000	1000.000000	0.102961	0.177064	100.000000
13.000000	1000.000000	0.102653	0.176534	100.000000
13.000000	1000.000000	0.102808	0.176801	100.000000
13.000000	1000.000000	0.103084	0.177275	100.000000
13.000000	1000.000000	0.103069	0.177250	100.000000
14.000000	1000.000000	0.104219	0.179227	100.000000
14.000000	1000.000000	0.107412	0.184718	100.000000
14.000000	1000.000000	0.111282	0.191374	100.000000
14.000000	1000.000000	0.107690	0.185196	100.000000
14.000000	1000.000000	0.107923	0.185597	100.000000
14.000000	1000.000000	0.103392	0.177805	100.000000
14.000000	1000.000000	0.103232	0.177530	100.000000
14.000000	1000.000000	0.102491	0.176256	100.000000
14.000000	1000.000000	0.103716	0.178362	100.000000
14.000000	1000.000000	0.103937	0.178742	100.000000
15.000000	1000.000000	0.104274	0.179322	100.000000
15.000000	1000.000000	0.112909	0.194172	100.000000
15.000000	1000.000000	0.103739	0.178402	100.000000
15.000000	1000.000000	0.100347	0.172568	100.000000
15.000000	1000.000000	0.100450	0.172746	100.000000
15.000000	1000.000000	0.100373	0.172613	100.000000
15.000000	1000.000000	0.100188	0.172295	100.000000
15.000000	1000.000000	0.100913	0.173542	100.000000
15.000000	1000.000000	0.100961	0.173624	100.000000
15.000000	1000.000000	0.100431	0.172713	100.000000
16.000000	1000.000000	0.119208	0.205004	100.000000
16.000000	1000.000000	0.108638	0.186827	100.000000
16.000000	1000.000000	0.099617	0.171313	100.000000
16.000000	1000.000000	0.099870	0.171748	100.000000
16.000000	1000.000000	0.100433	0.172716	100.000000
16.000000	1000.000000	0.100179	0.172280	100.000000
16.000000	1000.000000	0.100136	0.172206	100.000000
16.000000	1000.000000	0.099827	0.171674	100.000000
16.000000	1000.000000	0.099844	0.171703	100.000000
16.000000	1000.000000	0.107073	0.184135	100.000000
1.000000	1000.000000	13.832676	1.000000	500.000000
1.000000	1000.000000	13.725281	1.000000	500.000000
1.000000	1000.000000	13.808026	1.000000	500.000000
1.000000	1000.000000	13.729318	1.000000	500.000000
1.000000	1000.000000	13.853542	1.000000	500.000000
1.000000	1000.000000	14.205835	1.000000	500.000000
1.000000	1000.000000	13.625844	1.000000	500.000000
1.000000	1000.000000	13.961379	1.000000	500.000000
1.000000	1000.000000	13.729967	1.000000	500.000000
1.000000	1000.000000	14.317729	1.000000	500.000000
2.000000	1000.000000	8.193632	0.590364	500.000000
2.000000	1000.000000	7.767542	0.559663	500.000000
2.000000	1000.000000	7.583383	0.546394	500.000000
2.000000	1000.000000	7.545741	0.543682	500.000000
2.000000	1000.000000	7.539794	0.543254	500.000000
2.000000	1000.000000	7.563188	0.544939	500.000000
2.000000	1000.000000	7.618338	0.548913	500.000000
2.000000	1000.000000	7.490530	0.539704	500.000000
2.000000	1000.000000	7.381061	0.531817	500.000000
2.000000	1000.000000	7.485137	0.539315	500.000000
3.000000	1000.000000	5.390778	0.388414	500.000000
3.000000	1000.000000	5.451700	0.392803	500.000000
3.000000	1000.000000	5.474648	0.394457	500.000000
3.000000	1000.000000	5.457349	0.393210	500.000000
3.000000	1000.000000	5.533840	0.398722	500.000000
3.000000	1000.000000	5.426492	0.390987	500.000000
3.000000	1000.000000	5.422355	0.390689	500.000000
3.000000	1000.000000	5.360095	0.386203	500.000000
3.000000	1000.000000	5.592195	0.402926	500.000000
3.000000	1000.000000	5.369480	0.386879	500.000000
4.000000	1000.000000	4.491212	0.323599	500.000000
4.000000	1000.000000	4.240911	0.305564	500.000000
4.000000	1000.000000	4.421051	0.318543	500.000000
4.000000	1000.000000	4.377890	0.315434	500.000000
4.000000	1000.000000	4.292508	0.309282	500.000000
4.000000	1000.000000	4.514874	0.325303	500.000000
4.000000	1000.000000	4.293783	0.309374	500.000000
4.000000	1000.000000	4.514289	0.325261	500.000000
4.000000	1000.000000	4.235188	0.305152	500.000000
4.000000	1000.000000	4.456963	0.321131	500.000000
5.000000	1000.000000	3.796367	0.273534	500.000000
5.000000	1000.000000	3.821972	0.275379	500.000000
5.000000	1000.000000	3.645274	0.262647	500.000000
5.000000	1000.000000	3.726902	0.268529	500.000000
5.000000	1000.000000	3.759143	0.270852	500.000000
5.000000	1000.000000	3.683899	0.265430	500.000000
5.000000	1000.000000	3.661994	0.263852	500.000000
5.000000	1000.000000	3.625616	0.261231	500.000000
5.000000	1000.000000	3.781997	0.272499	500.000000
5.000000	1000.000000	3.757675	0.270746	500.000000
6.000000	1000.000000	3.407545	0.245519	500.000000
6.000000	1000.000000	3.400051	0.244979	500.000000
6.000000	1000.000000	3.313813	0.238765	500.000000
6.000000	1000.000000	3.401528	0.245085	500.000000
6.000000	1000.000000	3.279563	0.236297	500.000000
6.000000	1000.000000	3.380823	0.243593	500.000000
6.000000	1000.000000	3.336392	0.240392	500.000000
6.000000	1000.000000	3.520825	0.253681	500.000000
6.000000	1000.000000	3.358166	0.241961	500.000000
6.000000	1000.000000	3.416431	0.246159	500.000000
7.000000	1000.000000	3.022583	0.217782	500.000000
7.000000	1000.000000	3.117169	0.224597	500.000000
7.000000	1000.000000	3.111690	0.224202	500.000000
7.000000	1000.000000	3.129531	0.225487	500.000000
7.000000	1000.000000	3.086278	0.222371	500.000000
7.000000	1000.000000	3.093143	0.222866	500.000000
7.000000	1000.000000	3.073925	0.221481	500.000000
7.000000	1000.000000	3.098120	0.223224	500.000000
7.000000	1000.000000	3.099899	0.223352	500.000000
7.000000	1000.000000	3.061239	0.220567	500.000000
8.000000	1000.000000	2.867765	0.206627	500.000000
8.000000	1000.000000	2.859849	0.206056	500.000000
8.000000	1000.000000	2.884034	0.207799	500.000000
8.000000	1000.000000	2.854474	0.205669	500.000000
8.000000	1000.000000	2.893867	0.208507	500.000000
8.000000	1000.000000	2.826799	0.203675	500.000000
8.000000	1000.000000	2.891173	0.208313	500.000000
8.000000	1000.000000	2.925619	0.210795	500.000000
8.000000	1000.000000	2.816582	0.202939	500.000000
8.000000	1000.000000	2.909131	0.209607	500.000000
9.000000	1000.000000	2.661135	0.191739	500.000000
9.000000	1000.000000	2.679799	0.193084	500.000000
9.000000	1000.000000	2.648717	0.190844	500.000000
9.000000	1000.000000	2.712713	0.195455	500.000000
9.000000	1000.000000	2.687057	0.193607	500.000000
9.000000	1000.000000	2.700976	0.194609	500.000000
9.000000	1000.000000	2.691567	0.193931	500.000000
9.000000	1000.000000	2.800619	0.201789	500.000000
9.000000	1000.000000	2.661062	0.191734	500.000000
9.000000	1000.000000	2.697545	0.194362	500.000000
10.000000	1000.000000	2.601015	0.187407	500.000000
10.000000	1000.000000	2.483392	0.178932	500.000000
10.000000	1000.000000	2.545892	0.183435	500.000000
10.000000	1000.000000	2.587943	0.186465	500.000000
10.000000	1000.000000	2.689685	0.193796	500.000000
10.000000	1000.000000	2.539514	0.182976	500.000000
10.000000	1000.000000	2.805272	0.202124	500.000000
10.000000	1000.000000	2.696789	0.194308	500.000000
10.000000	1000.000000	2.685335	0.193482	500.000000
10.000000	1000.000000	2.519134	0.181507	500.000000
11.000000	1000.000000	2.397552	0.172747	500.000000
11.000000	1000.000000	2.429950	0.175082	500.000000
11.000000	1000.000000	2.602273	0.187498	500.000000
11.000000	1000.000000	2.468296	0.177844	500.000000
11.000000	1000.000000	2.343703	0.168867	500.000000
11.000000	1000.000000	2.387065	0.171992	500.000000
11.000000	1000.000000	2.394654	0.172538	500.000000
11.000000	1000.000000	2.488932	0.179331	500.000000
11.000000	1000.000000	2.528096	0.182153	500.000000
11.000000	1000.000000	2.445818	0.176225	500.000000
12.000000	1000.000000	2.396311	0.172658	500.000000
12.000000	1000.000000	2.303296	0.165956	500.000000
12.000000	1000.000000	2.280182	0.164291	500.000000
12.000000	1000.000000	2.262592	0.163023	500.000000
12.000000	1000.000000	2.372623	0.170951	500.000000
12.000000	1000.000000	2.299635	0.165692	500.000000
12.000000	1000.000000	2.301104	0.165798	500.000000
12.000000	1000.000000	2.290924	0.165065	500.000000
12.000000	1000.000000	2.385538	0.171882	500.000000
12.000000	1000.000000	2.297808	0.165561	500.000000
13.000000	1000.000000	2.520485	0.181605	500.000000
13.000000	1000.000000	2.238677	0.161300	500.000000
13.000000	1000.000000	2.245844	0.161816	500.000000
13.000000	1000.000000	2.233497	0.160927	500.000000
13.000000	1000.000000	2.255179	0.162489	500.000000
13.000000	1000.000000	2.220206	0.159969	500.000000
13.000000	1000.000000	2.345502	0.168997	500.000000
13.000000	1000.000000	2.215296	0.159615	500.000000
13.000000	1000.000000	2.226891	0.160451	500.000000
13.000000	1000.000000	2.298265	0.165593	500.000000
14.000000	1000.000000	2.151033	0.154985	500.000000
14.000000	1000.000000	2.183336	0.157313	500.000000
14.000000	1000.000000	2.193639	0.158055	500.000000
14.000000	1000.000000	2.631240	0.189585	500.000000
14.000000	1000.000000	2.191355	0.157890	500.000000
14.000000	1000.000000	2.162438	0.155807	500.000000
14.000000	1000.000000	2.139686	0.154168	500.000000
14.000000	1000.000000	2.151255	0.155001	500.000000
14.000000	1000.000000	2.162294	0.155797	500.000000
14.000000	1000.000000	2.180217	0.157088	500.000000
15.000000	1000.000000	2.063939	0.148710	500.000000
15.000000	1000.000000	2.092052	0.150736	500.000000
15.000000	1000.000000	2.095731	0.151001	500.000000
15.000000	1000.000000	2.190625	0.157838	500.000000
15.000000	1000.000000	2.091487	0.150695	500.000000
15.000000	1000.000000	2.110155	0.152040	500.000000
15.000000	1000.000000	2.108703	0.151935	500.000000
15.000000	1000.000000	2.128450	0.153358	500.000000
15.000000	1000.000000	2.091964	0.150729	500.000000
15.000000	1000.000000	2.073291	0.149384	500.000000
16.000000	1000.000000	2.053255	0.147940	500.000000
16.000000	1000.000000	2.039127	0.146922	500.000000
16.000000	1000.000000	2.030046	0.146268	500.000000
16.000000	1000.000000	2.069133	0.149084	500.000000
16.000000	1000.000000	2.045788	0.147402	500.000000
16.000000	1000.000000	2.046164	0.147429	500.000000
16.000000	1000.000000	2.085762	0.150282	500.000000
16.000000	1000.000000	2.036137	0.146707	500.000000
16.000000	1000.000000	2.036096	0.146704	500.000000
16.000000	1000.000000	2.014149	0.145122	500.000000
