1.000000	6.000000	0.010993	0.001214	1.000000	0.110461
2.000000	6.000000	0.015053	0.001359	1.369304	0.195366
3.000000	6.000000	0.013211	0.000388	1.201772	0.137355
4.000000	6.000000	0.012548	0.000087	1.141425	0.126329
5.000000	6.000000	0.014680	0.000428	1.335429	0.152569
6.000000	6.000000	0.012403	0.000346	1.128208	0.128525
7.000000	6.000000	0.014193	0.000233	1.291092	0.144187
8.000000	6.000000	0.012509	0.000291	1.137923	0.128457
9.000000	6.000000	0.016460	0.000338	1.497330	0.168234
10.000000	6.000000	0.015283	0.000166	1.390245	0.154310
11.000000	6.000000	0.019543	0.000200	1.777770	0.197219
12.000000	6.000000	0.020840	0.000166	1.895716	0.209946
1.000000	10.000000	0.018911	0.004870	1.000000	0.257512
2.000000	10.000000	0.020303	0.002844	1.073581	0.314728
3.000000	10.000000	0.015771	0.000178	0.833966	0.214962
4.000000	10.000000	0.016708	0.000195	0.883503	0.227747
5.000000	10.000000	0.016294	0.000482	0.861585	0.223327
6.000000	10.000000	0.018127	0.000234	0.958522	0.247141
7.000000	10.000000	0.016534	0.000376	0.874313	0.226022
8.000000	10.000000	0.019689	0.000174	1.041118	0.268259
9.000000	10.000000	0.020622	0.000133	1.090460	0.280895
10.000000	10.000000	0.020407	0.000354	1.079070	0.278502
11.000000	10.000000	0.023543	0.000094	1.244908	0.320617
12.000000	10.000000	0.023601	0.000113	1.247980	0.321426
1.000000	20.000000	0.056227	0.010292	1.000000	0.183040
2.000000	20.000000	0.061369	0.007961	1.091448	0.244864
3.000000	20.000000	0.045299	0.000384	0.805645	0.147623
4.000000	20.000000	0.040522	0.002685	0.720688	0.140291
5.000000	20.000000	0.039017	0.000497	0.693909	0.127321
6.000000	20.000000	0.041634	0.001917	0.740456	0.139756
7.000000	20.000000	0.040267	0.000364	0.716154	0.131245
8.000000	20.000000	0.043158	0.001064	0.767555	0.141762
9.000000	20.000000	0.043720	0.000986	0.777562	0.143402
10.000000	20.000000	0.043915	0.000632	0.781027	0.143401
11.000000	20.000000	0.045901	0.000899	0.816342	0.150277
12.000000	20.000000	0.047425	0.000991	0.843452	0.155388
1.000000	36.000000	0.195766	0.024893	1.000000	0.127158
2.000000	36.000000	0.146570	0.014056	0.748702	0.119244
3.000000	36.000000	0.112156	0.000616	0.572908	0.072918
4.000000	36.000000	0.106817	0.004483	0.545638	0.073063
5.000000	36.000000	0.105832	0.001186	0.540607	0.069009
6.000000	36.000000	0.109697	0.005192	0.560348	0.076029
7.000000	36.000000	0.106655	0.000970	0.544809	0.069454
8.000000	36.000000	0.115611	0.001833	0.590555	0.075675
9.000000	36.000000	0.111416	0.003120	0.569126	0.074103
10.000000	36.000000	0.111820	0.001653	0.571193	0.073120
11.000000	36.000000	0.117339	0.002152	0.599382	0.077005
12.000000	36.000000	0.116557	0.000560	0.595391	0.075763
1.000000	50.000000	0.314622	0.013295	1.000000	0.042258
2.000000	50.000000	0.269307	0.017706	0.855969	0.066900
3.000000	50.000000	0.223185	0.012185	0.709375	0.048975
4.000000	50.000000	0.197582	0.024041	0.627998	0.080890
5.000000	50.000000	0.187616	0.027785	0.596323	0.091838
6.000000	50.000000	0.191103	0.020565	0.607405	0.070223
7.000000	50.000000	0.197417	0.027762	0.627474	0.092138
8.000000	50.000000	0.206073	0.002927	0.654986	0.029200
9.000000	50.000000	0.204959	0.012840	0.651446	0.049228
10.000000	50.000000	0.203593	0.005185	0.647104	0.031928
11.000000	50.000000	0.207896	0.006108	0.660779	0.034009
12.000000	50.000000	0.208389	0.004631	0.662348	0.031624
1.000000	100.000000	1.245000	0.013999	1.000000	0.011244
2.000000	100.000000	1.024486	0.019490	0.822880	0.018185
3.000000	100.000000	0.833971	0.008224	0.669856	0.010018
4.000000	100.000000	0.773738	0.002121	0.621477	0.007193
5.000000	100.000000	0.770247	0.039597	0.618672	0.032556
6.000000	100.000000	0.755930	0.035836	0.607173	0.029583
7.000000	100.000000	0.781450	0.015581	0.627671	0.014368
8.000000	100.000000	0.766390	0.005492	0.615574	0.008208
9.000000	100.000000	0.787946	0.008859	0.632888	0.010064
10.000000	100.000000	0.826926	0.069575	0.664198	0.056380
11.000000	100.000000	0.805882	0.055046	0.647295	0.044808
12.000000	100.000000	0.779558	0.005267	0.626151	0.008214
1.000000	200.000000	4.943227	0.022017	1.000000	0.004454
2.000000	200.000000	4.066114	0.039776	0.822563	0.008841
3.000000	200.000000	3.348233	0.049299	0.677337	0.010419
4.000000	200.000000	3.048227	0.011542	0.616647	0.003605
5.000000	200.000000	3.183652	0.082840	0.644043	0.017002
6.000000	200.000000	3.028067	0.067075	0.612569	0.013841
7.000000	200.000000	3.135401	0.044132	0.634282	0.009364
8.000000	200.000000	3.106677	0.080125	0.628471	0.016449
9.000000	200.000000	3.146108	0.056412	0.636448	0.011759
10.000000	200.000000	3.138081	0.038244	0.634824	0.008237
11.000000	200.000000	3.139546	0.016372	0.635121	0.004356
12.000000	200.000000	3.114292	0.006747	0.630012	0.003120
1.000000	500.000000	30.576358	0.206957	1.000000	0.006769
2.000000	500.000000	25.323483	0.050149	0.828205	0.005841
3.000000	500.000000	20.945487	0.181470	0.685022	0.007531
4.000000	500.000000	18.927811	0.236027	0.619034	0.008783
5.000000	500.000000	19.948543	0.143693	0.652417	0.006449
6.000000	500.000000	19.256810	0.533449	0.629794	0.017960
7.000000	500.000000	19.766402	0.328305	0.646460	0.011595
8.000000	500.000000	19.363987	0.279753	0.633299	0.010104
9.000000	500.000000	19.683711	0.214728	0.643756	0.008265
10.000000	500.000000	19.575208	0.102524	0.640207	0.005479
11.000000	500.000000	19.461115	0.064731	0.636476	0.004800
12.000000	500.000000	19.401114	0.034228	0.634514	0.004438
