1.000000	1000.000000	0.187960	1.000000	48.000000
1.000000	1000.000000	0.201576	1.000000	48.000000
1.000000	1000.000000	0.180003	1.000000	48.000000
1.000000	1000.000000	0.202558	1.000000	48.000000
1.000000	1000.000000	0.180308	1.000000	48.000000
2.000000	1000.000000	0.125731	0.660071	48.000000
2.000000	1000.000000	0.141312	0.741869	48.000000
2.000000	1000.000000	0.106693	0.560124	48.000000
2.000000	1000.000000	0.104842	0.550407	48.000000
2.000000	1000.000000	0.123059	0.646043	48.000000
3.000000	1000.000000	0.092777	0.487067	48.000000
3.000000	1000.000000	0.078214	0.410613	48.000000
3.000000	1000.000000	0.077271	0.405663	48.000000
3.000000	1000.000000	0.073420	0.385445	48.000000
3.000000	1000.000000	0.073601	0.386395	48.000000
4.000000	1000.000000	0.061057	0.320541	48.000000
4.000000	1000.000000	0.060259	0.316352	48.000000
4.000000	1000.000000	0.057219	0.300392	48.000000
4.000000	1000.000000	0.053236	0.279482	48.000000
4.000000	1000.000000	0.052473	0.275476	48.000000
5.000000	1000.000000	0.047181	0.247694	48.000000
5.000000	1000.000000	0.051398	0.269833	48.000000
5.000000	1000.000000	0.067336	0.353505	48.000000
5.000000	1000.000000	0.075169	0.394627	48.000000
5.000000	1000.000000	0.048805	0.256220	48.000000
6.000000	1000.000000	0.049687	0.260850	48.000000
6.000000	1000.000000	0.066044	0.346722	48.000000
6.000000	1000.000000	0.047494	0.249337	48.000000
6.000000	1000.000000	0.060376	0.316966	48.000000
6.000000	1000.000000	0.051622	0.271009	48.000000
7.000000	1000.000000	0.055628	0.292040	48.000000
7.000000	1000.000000	0.047518	0.249463	48.000000
7.000000	1000.000000	0.047671	0.250266	48.000000
7.000000	1000.000000	0.046838	0.245893	48.000000
7.000000	1000.000000	0.047267	0.248145	48.000000
8.000000	1000.000000	0.044523	0.233740	48.000000
8.000000	1000.000000	0.058512	0.307180	48.000000
8.000000	1000.000000	0.045241	0.237509	48.000000
8.000000	1000.000000	0.053646	0.281634	48.000000
8.000000	1000.000000	0.044359	0.232879	48.000000
9.000000	1000.000000	0.053988	0.283430	48.000000
9.000000	1000.000000	0.048255	0.253332	48.000000
9.000000	1000.000000	0.055090	0.289215	48.000000
9.000000	1000.000000	0.046785	0.245615	48.000000
9.000000	1000.000000	0.055649	0.292150	48.000000
10.000000	1000.000000	0.045911	0.241027	48.000000
10.000000	1000.000000	0.054963	0.288548	48.000000
10.000000	1000.000000	0.052531	0.275781	48.000000
10.000000	1000.000000	0.053689	0.281860	48.000000
10.000000	1000.000000	0.052848	0.277445	48.000000
11.000000	1000.000000	0.044862	0.235520	48.000000
11.000000	1000.000000	0.045900	0.240969	48.000000
11.000000	1000.000000	0.045103	0.236785	48.000000
11.000000	1000.000000	0.043903	0.230485	48.000000
11.000000	1000.000000	0.049978	0.262378	48.000000
12.000000	1000.000000	0.054832	0.287861	48.000000
12.000000	1000.000000	0.056845	0.298429	48.000000
12.000000	1000.000000	0.048922	0.256834	48.000000
12.000000	1000.000000	0.057032	0.299410	48.000000
12.000000	1000.000000	0.054261	0.284863	48.000000
