1.000000	1000.000000	9.094684	1.000000	384.000000
1.000000	1000.000000	8.952976	1.000000	384.000000
1.000000	1000.000000	8.947071	1.000000	384.000000
1.000000	1000.000000	8.948697	1.000000	384.000000
1.000000	1000.000000	8.950925	1.000000	384.000000
2.000000	1000.000000	5.012907	0.558300	384.000000
2.000000	1000.000000	5.051215	0.562567	384.000000
2.000000	1000.000000	4.924525	0.548457	384.000000
2.000000	1000.000000	4.948858	0.551167	384.000000
2.000000	1000.000000	5.010253	0.558005	384.000000
3.000000	1000.000000	3.587332	0.399530	384.000000
3.000000	1000.000000	3.488403	0.388512	384.000000
3.000000	1000.000000	3.547048	0.395044	384.000000
3.000000	1000.000000	3.541042	0.394375	384.000000
3.000000	1000.000000	3.573248	0.397962	384.000000
4.000000	1000.000000	2.853650	0.317818	384.000000
4.000000	1000.000000	2.942065	0.327665	384.000000
4.000000	1000.000000	2.922543	0.325491	384.000000
4.000000	1000.000000	2.877105	0.320431	384.000000
4.000000	1000.000000	3.038485	0.338404	384.000000
5.000000	1000.000000	2.389373	0.266111	384.000000
5.000000	1000.000000	3.470632	0.386533	384.000000
5.000000	1000.000000	3.564818	0.397023	384.000000
5.000000	1000.000000	3.852697	0.429085	384.000000
5.000000	1000.000000	2.518596	0.280503	384.000000
6.000000	1000.000000	2.972056	0.331006	384.000000
6.000000	1000.000000	3.649494	0.406454	384.000000
6.000000	1000.000000	3.003270	0.334482	384.000000
6.000000	1000.000000	3.697370	0.411786	384.000000
6.000000	1000.000000	3.553254	0.395735	384.000000
7.000000	1000.000000	3.191962	0.355497	384.000000
7.000000	1000.000000	2.896849	0.322630	384.000000
7.000000	1000.000000	3.092098	0.344375	384.000000
7.000000	1000.000000	2.965650	0.330292	384.000000
7.000000	1000.000000	3.126993	0.348261	384.000000
8.000000	1000.000000	2.129164	0.237130	384.000000
8.000000	1000.000000	3.069182	0.341823	384.000000
8.000000	1000.000000	2.421154	0.269650	384.000000
8.000000	1000.000000	2.974156	0.331239	384.000000
8.000000	1000.000000	2.725497	0.303546	384.000000
9.000000	1000.000000	2.423789	0.269944	384.000000
9.000000	1000.000000	2.708665	0.301671	384.000000
9.000000	1000.000000	2.825131	0.314642	384.000000
9.000000	1000.000000	2.775338	0.309097	384.000000
9.000000	1000.000000	2.844119	0.316757	384.000000
10.000000	1000.000000	1.889439	0.210432	384.000000
10.000000	1000.000000	1.919562	0.213787	384.000000
10.000000	1000.000000	1.908642	0.212570	384.000000
10.000000	1000.000000	1.930278	0.214980	384.000000
10.000000	1000.000000	1.888724	0.210352	384.000000
11.000000	1000.000000	1.489729	0.165915	384.000000
11.000000	1000.000000	1.489508	0.165890	384.000000
11.000000	1000.000000	1.512960	0.168502	384.000000
11.000000	1000.000000	1.478142	0.164624	384.000000
11.000000	1000.000000	1.480716	0.164911	384.000000
12.000000	1000.000000	1.420996	0.158260	384.000000
12.000000	1000.000000	1.418127	0.157940	384.000000
12.000000	1000.000000	1.425830	0.158798	384.000000
12.000000	1000.000000	1.409465	0.156976	384.000000
12.000000	1000.000000	1.428975	0.159149	384.000000
