1.000000	1000.000000	15.352489	1.000000	500.000000
1.000000	1000.000000	15.362990	1.000000	500.000000
1.000000	1000.000000	15.313242	1.000000	500.000000
1.000000	1000.000000	15.315874	1.000000	500.000000
1.000000	1000.000000	15.315491	1.000000	500.000000
1.000000	1000.000000	15.314474	1.000000	500.000000
1.000000	1000.000000	15.313552	1.000000	500.000000
1.000000	1000.000000	15.314498	1.000000	500.000000
1.000000	1000.000000	15.313246	1.000000	500.000000
1.000000	1000.000000	15.315143	1.000000	500.000000
2.000000	1000.000000	8.294673	0.541318	500.000000
2.000000	1000.000000	8.280858	0.540417	500.000000
2.000000	1000.000000	8.278500	0.540263	500.000000
2.000000	1000.000000	8.281596	0.540465	500.000000
2.000000	1000.000000	8.475726	0.553134	500.000000
2.000000	1000.000000	8.307384	0.542148	500.000000
2.000000	1000.000000	8.278653	0.540273	500.000000
2.000000	1000.000000	8.278108	0.540237	500.000000
2.000000	1000.000000	8.282665	0.540535	500.000000
2.000000	1000.000000	8.278250	0.540246	500.000000
3.000000	1000.000000	5.888134	0.384265	500.000000
3.000000	1000.000000	5.930205	0.387011	500.000000
3.000000	1000.000000	5.923392	0.386566	500.000000
3.000000	1000.000000	5.929985	0.386996	500.000000
3.000000	1000.000000	5.944148	0.387921	500.000000
3.000000	1000.000000	5.890274	0.384405	500.000000
3.000000	1000.000000	5.901841	0.385160	500.000000
3.000000	1000.000000	5.885052	0.384064	500.000000
3.000000	1000.000000	5.936305	0.387409	500.000000
3.000000	1000.000000	5.832301	0.380621	500.000000
4.000000	1000.000000	4.701025	0.306793	500.000000
4.000000	1000.000000	4.793524	0.312830	500.000000
4.000000	1000.000000	4.755750	0.310365	500.000000
4.000000	1000.000000	4.818169	0.314438	500.000000
4.000000	1000.000000	4.808455	0.313804	500.000000
4.000000	1000.000000	4.790036	0.312602	500.000000
4.000000	1000.000000	4.724428	0.308321	500.000000
4.000000	1000.000000	4.808804	0.313827	500.000000
4.000000	1000.000000	4.795850	0.312982	500.000000
4.000000	1000.000000	4.788921	0.312530	500.000000
5.000000	1000.000000	4.021250	0.262431	500.000000
5.000000	1000.000000	4.003512	0.261273	500.000000
5.000000	1000.000000	4.054028	0.264570	500.000000
5.000000	1000.000000	4.070385	0.265637	500.000000
5.000000	1000.000000	4.068357	0.265505	500.000000
5.000000	1000.000000	4.021304	0.262434	500.000000
5.000000	1000.000000	4.000250	0.261060	500.000000
5.000000	1000.000000	4.068917	0.265541	500.000000
5.000000	1000.000000	4.021611	0.262454	500.000000
5.000000	1000.000000	4.057850	0.264819	500.000000
6.000000	1000.000000	3.571688	0.233092	500.000000
6.000000	1000.000000	3.521625	0.229825	500.000000
6.000000	1000.000000	3.591291	0.234371	500.000000
6.000000	1000.000000	3.545686	0.231395	500.000000
6.000000	1000.000000	3.519083	0.229659	500.000000
6.000000	1000.000000	3.526794	0.230162	500.000000
6.000000	1000.000000	3.527610	0.230215	500.000000
6.000000	1000.000000	3.525622	0.230085	500.000000
6.000000	1000.000000	3.572922	0.233172	500.000000
6.000000	1000.000000	3.533248	0.230583	500.000000
7.000000	1000.000000	3.259441	0.212714	500.000000
7.000000	1000.000000	3.182526	0.207695	500.000000
7.000000	1000.000000	3.193240	0.208394	500.000000
7.000000	1000.000000	3.197635	0.208681	500.000000
7.000000	1000.000000	3.199832	0.208824	500.000000
7.000000	1000.000000	3.231307	0.210878	500.000000
7.000000	1000.000000	3.192826	0.208367	500.000000
7.000000	1000.000000	3.234870	0.211111	500.000000
7.000000	1000.000000	3.272924	0.213594	500.000000
7.000000	1000.000000	3.193922	0.208438	500.000000
8.000000	1000.000000	2.958500	0.193075	500.000000
8.000000	1000.000000	2.944897	0.192187	500.000000
8.000000	1000.000000	3.014169	0.196708	500.000000
8.000000	1000.000000	3.020011	0.197089	500.000000
8.000000	1000.000000	2.979007	0.194413	500.000000
8.000000	1000.000000	2.988846	0.195055	500.000000
8.000000	1000.000000	2.982301	0.194628	500.000000
8.000000	1000.000000	2.997870	0.195644	500.000000
8.000000	1000.000000	2.983918	0.194733	500.000000
8.000000	1000.000000	3.027785	0.197596	500.000000
9.000000	1000.000000	2.769354	0.180731	500.000000
9.000000	1000.000000	2.796070	0.182474	500.000000
9.000000	1000.000000	2.830405	0.184715	500.000000
9.000000	1000.000000	2.840322	0.185362	500.000000
9.000000	1000.000000	2.823731	0.184279	500.000000
9.000000	1000.000000	2.820850	0.184091	500.000000
9.000000	1000.000000	2.819587	0.184009	500.000000
9.000000	1000.000000	2.830351	0.184711	500.000000
9.000000	1000.000000	2.840692	0.185386	500.000000
9.000000	1000.000000	2.794164	0.182350	500.000000
10.000000	1000.000000	2.607812	0.170188	500.000000
10.000000	1000.000000	2.672940	0.174439	500.000000
10.000000	1000.000000	2.668876	0.174173	500.000000
10.000000	1000.000000	2.657482	0.173430	500.000000
10.000000	1000.000000	2.602843	0.169864	500.000000
10.000000	1000.000000	2.627973	0.171504	500.000000
10.000000	1000.000000	2.630462	0.171666	500.000000
10.000000	1000.000000	2.644811	0.172603	500.000000
10.000000	1000.000000	2.620646	0.171026	500.000000
10.000000	1000.000000	2.687040	0.175359	500.000000
11.000000	1000.000000	2.510539	0.163840	500.000000
11.000000	1000.000000	2.494347	0.162783	500.000000
11.000000	1000.000000	2.532107	0.165248	500.000000
11.000000	1000.000000	2.509649	0.163782	500.000000
11.000000	1000.000000	2.564147	0.167339	500.000000
11.000000	1000.000000	2.505098	0.163485	500.000000
11.000000	1000.000000	2.503181	0.163360	500.000000
11.000000	1000.000000	2.514665	0.164109	500.000000
11.000000	1000.000000	2.504707	0.163460	500.000000
11.000000	1000.000000	2.499687	0.163132	500.000000
12.000000	1000.000000	2.503104	0.163355	500.000000
12.000000	1000.000000	2.404974	0.156951	500.000000
12.000000	1000.000000	2.406837	0.157072	500.000000
12.000000	1000.000000	2.373984	0.154928	500.000000
12.000000	1000.000000	2.390880	0.156031	500.000000
12.000000	1000.000000	2.439036	0.159174	500.000000
12.000000	1000.000000	2.388915	0.155903	500.000000
12.000000	1000.000000	2.465153	0.160878	500.000000
12.000000	1000.000000	2.379891	0.155314	500.000000
12.000000	1000.000000	2.397611	0.156470	500.000000
