1.000000	1000.000000	1.384178	1.000000	150.000000
1.000000	1000.000000	1.382674	1.000000	150.000000
1.000000	1000.000000	1.383100	1.000000	150.000000
1.000000	1000.000000	1.382682	1.000000	150.000000
1.000000	1000.000000	1.382735	1.000000	150.000000
1.000000	1000.000000	1.382881	1.000000	150.000000
1.000000	1000.000000	1.382956	1.000000	150.000000
1.000000	1000.000000	1.383682	1.000000	150.000000
1.000000	1000.000000	1.382640	1.000000	150.000000
1.000000	1000.000000	1.382903	1.000000	150.000000
2.000000	1000.000000	0.847419	0.612721	150.000000
2.000000	1000.000000	0.746280	0.539593	150.000000
2.000000	1000.000000	0.842847	0.609415	150.000000
2.000000	1000.000000	0.740642	0.535516	150.000000
2.000000	1000.000000	0.740756	0.535599	150.000000
2.000000	1000.000000	0.741685	0.536270	150.000000
2.000000	1000.000000	0.740711	0.535566	150.000000
2.000000	1000.000000	0.741362	0.536037	150.000000
2.000000	1000.000000	0.740460	0.535385	150.000000
2.000000	1000.000000	0.740625	0.535504	150.000000
3.000000	1000.000000	0.527112	0.381125	150.000000
3.000000	1000.000000	0.526960	0.381015	150.000000
3.000000	1000.000000	0.527619	0.381491	150.000000
3.000000	1000.000000	0.526238	0.380493	150.000000
3.000000	1000.000000	0.531209	0.384087	150.000000
3.000000	1000.000000	0.536510	0.387920	150.000000
3.000000	1000.000000	0.528751	0.382310	150.000000
3.000000	1000.000000	0.526248	0.380500	150.000000
3.000000	1000.000000	0.526353	0.380576	150.000000
3.000000	1000.000000	0.527178	0.381173	150.000000
4.000000	1000.000000	0.432313	0.312581	150.000000
4.000000	1000.000000	0.432264	0.312546	150.000000
4.000000	1000.000000	0.432519	0.312730	150.000000
4.000000	1000.000000	0.431455	0.311961	150.000000
4.000000	1000.000000	0.432933	0.313029	150.000000
4.000000	1000.000000	0.431438	0.311948	150.000000
4.000000	1000.000000	0.431412	0.311930	150.000000
4.000000	1000.000000	0.431497	0.311991	150.000000
4.000000	1000.000000	0.433949	0.313764	150.000000
4.000000	1000.000000	0.432505	0.312720	150.000000
5.000000	1000.000000	0.367127	0.265449	150.000000
5.000000	1000.000000	0.366680	0.265126	150.000000
5.000000	1000.000000	0.366509	0.265002	150.000000
5.000000	1000.000000	0.366570	0.265046	150.000000
5.000000	1000.000000	0.369681	0.267295	150.000000
5.000000	1000.000000	0.367828	0.265956	150.000000
5.000000	1000.000000	0.366503	0.264998	150.000000
5.000000	1000.000000	0.366377	0.264906	150.000000
5.000000	1000.000000	0.364942	0.263869	150.000000
5.000000	1000.000000	0.366360	0.264894	150.000000
6.000000	1000.000000	0.324371	0.234534	150.000000
6.000000	1000.000000	0.322898	0.233469	150.000000
6.000000	1000.000000	0.322910	0.233478	150.000000
6.000000	1000.000000	0.323403	0.233834	150.000000
6.000000	1000.000000	0.322196	0.232962	150.000000
6.000000	1000.000000	0.324534	0.234652	150.000000
6.000000	1000.000000	0.323899	0.234193	150.000000
6.000000	1000.000000	0.321967	0.232796	150.000000
6.000000	1000.000000	0.353986	0.255947	150.000000
6.000000	1000.000000	0.325237	0.235160	150.000000
7.000000	1000.000000	0.302007	0.218364	150.000000
7.000000	1000.000000	0.299011	0.216198	150.000000
7.000000	1000.000000	0.298811	0.216053	150.000000
7.000000	1000.000000	0.297627	0.215197	150.000000
7.000000	1000.000000	0.296849	0.214635	150.000000
7.000000	1000.000000	0.297331	0.214983	150.000000
7.000000	1000.000000	0.298346	0.215717	150.000000
7.000000	1000.000000	0.299808	0.216774	150.000000
7.000000	1000.000000	0.326693	0.236213	150.000000
7.000000	1000.000000	0.297951	0.215431	150.000000
8.000000	1000.000000	0.275829	0.199436	150.000000
8.000000	1000.000000	0.274776	0.198675	150.000000
8.000000	1000.000000	0.275379	0.199111	150.000000
8.000000	1000.000000	0.276123	0.199649	150.000000
8.000000	1000.000000	0.275369	0.199104	150.000000
8.000000	1000.000000	0.271931	0.196618	150.000000
8.000000	1000.000000	0.274304	0.198334	150.000000
8.000000	1000.000000	0.275436	0.199152	150.000000
8.000000	1000.000000	0.275185	0.198971	150.000000
8.000000	1000.000000	0.275712	0.199352	150.000000
9.000000	1000.000000	0.260213	0.188145	150.000000
9.000000	1000.000000	0.262502	0.189800	150.000000
9.000000	1000.000000	0.260562	0.188398	150.000000
9.000000	1000.000000	0.259989	0.187983	150.000000
9.000000	1000.000000	0.260040	0.188020	150.000000
9.000000	1000.000000	0.261986	0.189427	150.000000
9.000000	1000.000000	0.260984	0.188703	150.000000
9.000000	1000.000000	0.261481	0.189062	150.000000
9.000000	1000.000000	0.262003	0.189440	150.000000
9.000000	1000.000000	0.261065	0.188761	150.000000
10.000000	1000.000000	0.246188	0.178005	150.000000
10.000000	1000.000000	0.246185	0.178002	150.000000
10.000000	1000.000000	0.246851	0.178484	150.000000
10.000000	1000.000000	0.245950	0.177832	150.000000
10.000000	1000.000000	0.246626	0.178321	150.000000
10.000000	1000.000000	0.246049	0.177904	150.000000
10.000000	1000.000000	0.245641	0.177609	150.000000
10.000000	1000.000000	0.243929	0.176371	150.000000
10.000000	1000.000000	0.242906	0.175632	150.000000
10.000000	1000.000000	0.246189	0.178005	150.000000
11.000000	1000.000000	0.236615	0.171083	150.000000
11.000000	1000.000000	0.365265	0.264102	150.000000
11.000000	1000.000000	0.236120	0.170725	150.000000
11.000000	1000.000000	0.235801	0.170494	150.000000
11.000000	1000.000000	0.236437	0.170954	150.000000
11.000000	1000.000000	0.250794	0.181335	150.000000
11.000000	1000.000000	0.236150	0.170747	150.000000
11.000000	1000.000000	0.236147	0.170744	150.000000
11.000000	1000.000000	0.235958	0.170608	150.000000
11.000000	1000.000000	0.235572	0.170329	150.000000
12.000000	1000.000000	0.224950	0.162649	150.000000
12.000000	1000.000000	0.224724	0.162485	150.000000
12.000000	1000.000000	0.226978	0.164115	150.000000
12.000000	1000.000000	0.224810	0.162547	150.000000
12.000000	1000.000000	0.225085	0.162746	150.000000
12.000000	1000.000000	0.224624	0.162413	150.000000
12.000000	1000.000000	0.225528	0.163067	150.000000
12.000000	1000.000000	0.224732	0.162491	150.000000
12.000000	1000.000000	0.239920	0.173473	150.000000
12.000000	1000.000000	0.224855	0.162580	150.000000
