1.000000	1000.000000	14.494138	1.000000	500.000000
1.000000	1000.000000	14.538247	1.000000	500.000000
1.000000	1000.000000	14.495755	1.000000	500.000000
1.000000	1000.000000	14.494012	1.000000	500.000000
1.000000	1000.000000	14.495144	1.000000	500.000000
1.000000	1000.000000	14.494005	1.000000	500.000000
1.000000	1000.000000	14.494789	1.000000	500.000000
1.000000	1000.000000	14.495057	1.000000	500.000000
1.000000	1000.000000	14.537013	1.000000	500.000000
1.000000	1000.000000	14.475347	1.000000	500.000000
2.000000	1000.000000	7.901628	0.544889	500.000000
2.000000	1000.000000	7.795152	0.537547	500.000000
2.000000	1000.000000	7.795163	0.537547	500.000000
2.000000	1000.000000	7.796678	0.537652	500.000000
2.000000	1000.000000	7.795961	0.537602	500.000000
2.000000	1000.000000	7.796171	0.537617	500.000000
2.000000	1000.000000	7.836165	0.540375	500.000000
2.000000	1000.000000	7.794734	0.537518	500.000000
2.000000	1000.000000	7.795265	0.537554	500.000000
2.000000	1000.000000	7.837711	0.540481	500.000000
3.000000	1000.000000	5.514220	0.380256	500.000000
3.000000	1000.000000	5.549318	0.382676	500.000000
3.000000	1000.000000	5.511104	0.380041	500.000000
3.000000	1000.000000	5.550298	0.382744	500.000000
3.000000	1000.000000	5.506339	0.379712	500.000000
3.000000	1000.000000	5.533896	0.381612	500.000000
3.000000	1000.000000	5.514686	0.380288	500.000000
3.000000	1000.000000	5.554144	0.383009	500.000000
3.000000	1000.000000	5.512733	0.380153	500.000000
3.000000	1000.000000	5.506941	0.379754	500.000000
4.000000	1000.000000	4.495278	0.309990	500.000000
4.000000	1000.000000	4.498307	0.310199	500.000000
4.000000	1000.000000	4.502848	0.310512	500.000000
4.000000	1000.000000	4.528838	0.312305	500.000000
4.000000	1000.000000	4.504766	0.310645	500.000000
4.000000	1000.000000	4.491024	0.309697	500.000000
4.000000	1000.000000	4.491760	0.309748	500.000000
4.000000	1000.000000	4.508379	0.310894	500.000000
4.000000	1000.000000	4.503032	0.310525	500.000000
4.000000	1000.000000	4.528819	0.312303	500.000000
5.000000	1000.000000	3.818980	0.263353	500.000000
5.000000	1000.000000	3.824669	0.263746	500.000000
5.000000	1000.000000	3.833634	0.264364	500.000000
5.000000	1000.000000	3.829124	0.264053	500.000000
5.000000	1000.000000	3.829455	0.264076	500.000000
5.000000	1000.000000	3.820040	0.263426	500.000000
5.000000	1000.000000	3.825827	0.263826	500.000000
5.000000	1000.000000	3.823070	0.263635	500.000000
5.000000	1000.000000	3.817826	0.263274	500.000000
5.000000	1000.000000	3.847953	0.265351	500.000000
6.000000	1000.000000	3.396685	0.234232	500.000000
6.000000	1000.000000	3.376656	0.232851	500.000000
6.000000	1000.000000	3.368993	0.232323	500.000000
6.000000	1000.000000	3.365698	0.232095	500.000000
6.000000	1000.000000	3.361331	0.231794	500.000000
6.000000	1000.000000	3.361879	0.231832	500.000000
6.000000	1000.000000	3.364777	0.232032	500.000000
6.000000	1000.000000	3.364984	0.232046	500.000000
6.000000	1000.000000	3.369950	0.232389	500.000000
6.000000	1000.000000	3.364289	0.231998	500.000000
7.000000	1000.000000	3.042958	0.209840	500.000000
7.000000	1000.000000	3.031533	0.209052	500.000000
7.000000	1000.000000	3.043364	0.209868	500.000000
7.000000	1000.000000	3.036005	0.209360	500.000000
7.000000	1000.000000	3.186963	0.219770	500.000000
7.000000	1000.000000	3.042864	0.209833	500.000000
7.000000	1000.000000	3.037553	0.209467	500.000000
7.000000	1000.000000	3.031491	0.209049	500.000000
7.000000	1000.000000	3.043303	0.209863	500.000000
7.000000	1000.000000	3.039660	0.209612	500.000000
8.000000	1000.000000	2.842815	0.196038	500.000000
8.000000	1000.000000	2.835727	0.195549	500.000000
8.000000	1000.000000	2.838168	0.195717	500.000000
8.000000	1000.000000	2.839150	0.195785	500.000000
8.000000	1000.000000	2.785583	0.192091	500.000000
8.000000	1000.000000	2.855535	0.196915	500.000000
8.000000	1000.000000	2.838247	0.195723	500.000000
8.000000	1000.000000	2.837839	0.195695	500.000000
8.000000	1000.000000	2.839079	0.195780	500.000000
8.000000	1000.000000	2.840696	0.195892	500.000000
9.000000	1000.000000	2.664322	0.183729	500.000000
9.000000	1000.000000	2.668094	0.183989	500.000000
9.000000	1000.000000	2.669711	0.184101	500.000000
9.000000	1000.000000	2.668442	0.184013	500.000000
9.000000	1000.000000	2.665468	0.183808	500.000000
9.000000	1000.000000	2.663686	0.183685	500.000000
9.000000	1000.000000	2.669852	0.184111	500.000000
9.000000	1000.000000	2.667441	0.183944	500.000000
9.000000	1000.000000	2.667777	0.183967	500.000000
9.000000	1000.000000	2.669367	0.184077	500.000000
10.000000	1000.000000	2.552461	0.176015	500.000000
10.000000	1000.000000	2.549166	0.175788	500.000000
10.000000	1000.000000	2.538222	0.175033	500.000000
10.000000	1000.000000	2.531993	0.174604	500.000000
10.000000	1000.000000	2.521405	0.173874	500.000000
10.000000	1000.000000	2.538439	0.175048	500.000000
10.000000	1000.000000	2.539986	0.175155	500.000000
10.000000	1000.000000	2.532751	0.174656	500.000000
10.000000	1000.000000	2.531655	0.174581	500.000000
10.000000	1000.000000	2.531235	0.174552	500.000000
11.000000	1000.000000	2.395197	0.165171	500.000000
11.000000	1000.000000	2.393911	0.165082	500.000000
11.000000	1000.000000	2.398521	0.165400	500.000000
11.000000	1000.000000	2.392732	0.165001	500.000000
11.000000	1000.000000	2.394925	0.165152	500.000000
11.000000	1000.000000	2.395935	0.165222	500.000000
11.000000	1000.000000	2.398223	0.165379	500.000000
11.000000	1000.000000	2.395658	0.165202	500.000000
11.000000	1000.000000	2.395226	0.165173	500.000000
11.000000	1000.000000	2.397262	0.165313	500.000000
12.000000	1000.000000	2.287156	0.157720	500.000000
12.000000	1000.000000	2.284024	0.157504	500.000000
12.000000	1000.000000	2.286504	0.157675	500.000000
12.000000	1000.000000	2.284268	0.157521	500.000000
12.000000	1000.000000	2.282623	0.157408	500.000000
12.000000	1000.000000	2.287577	0.157749	500.000000
12.000000	1000.000000	2.284709	0.157551	500.000000
12.000000	1000.000000	2.282646	0.157409	500.000000
12.000000	1000.000000	2.286438	0.157671	500.000000
12.000000	1000.000000	2.283321	0.157456	500.000000
