1.000000	1000.000000	15.455684	1.000000	500.000000
1.000000	1000.000000	15.314744	1.000000	500.000000
1.000000	1000.000000	15.322860	1.000000	500.000000
1.000000	1000.000000	15.475753	1.000000	500.000000
1.000000	1000.000000	15.335027	1.000000	500.000000
1.000000	1000.000000	15.307803	1.000000	500.000000
1.000000	1000.000000	15.415499	1.000000	500.000000
1.000000	1000.000000	15.315800	1.000000	500.000000
1.000000	1000.000000	15.316022	1.000000	500.000000
1.000000	1000.000000	15.565141	1.000000	500.000000
2.000000	1000.000000	8.515076	0.553558	500.000000
2.000000	1000.000000	8.285257	0.538618	500.000000
2.000000	1000.000000	8.380066	0.544782	500.000000
2.000000	1000.000000	8.422438	0.547536	500.000000
2.000000	1000.000000	8.277202	0.538094	500.000000
2.000000	1000.000000	8.342388	0.542332	500.000000
2.000000	1000.000000	8.294228	0.539201	500.000000
2.000000	1000.000000	8.278009	0.538147	500.000000
2.000000	1000.000000	8.295669	0.539295	500.000000
2.000000	1000.000000	8.442080	0.548813	500.000000
3.000000	1000.000000	5.855198	0.380642	500.000000
3.000000	1000.000000	5.934820	0.385818	500.000000
3.000000	1000.000000	5.889704	0.382885	500.000000
3.000000	1000.000000	6.012216	0.390849	500.000000
3.000000	1000.000000	5.933712	0.385746	500.000000
3.000000	1000.000000	5.943302	0.386369	500.000000
3.000000	1000.000000	5.889665	0.382883	500.000000
3.000000	1000.000000	5.911294	0.384289	500.000000
3.000000	1000.000000	5.875748	0.381978	500.000000
3.000000	1000.000000	5.919840	0.384844	500.000000
4.000000	1000.000000	4.795822	0.311773	500.000000
4.000000	1000.000000	4.792227	0.311539	500.000000
4.000000	1000.000000	4.742764	0.308323	500.000000
4.000000	1000.000000	4.795360	0.311743	500.000000
4.000000	1000.000000	4.808477	0.312595	500.000000
4.000000	1000.000000	4.708377	0.306088	500.000000
4.000000	1000.000000	4.800735	0.312092	500.000000
4.000000	1000.000000	4.725575	0.307206	500.000000
4.000000	1000.000000	4.723280	0.307057	500.000000
4.000000	1000.000000	4.712359	0.306347	500.000000
5.000000	1000.000000	3.996335	0.259799	500.000000
5.000000	1000.000000	4.003302	0.260252	500.000000
5.000000	1000.000000	4.056396	0.263703	500.000000
5.000000	1000.000000	4.010412	0.260714	500.000000
5.000000	1000.000000	4.081334	0.265324	500.000000
5.000000	1000.000000	4.009645	0.260664	500.000000
5.000000	1000.000000	4.016137	0.261086	500.000000
5.000000	1000.000000	4.082885	0.265425	500.000000
5.000000	1000.000000	4.016488	0.261109	500.000000
5.000000	1000.000000	4.017910	0.261201	500.000000
6.000000	1000.000000	3.509814	0.228170	500.000000
6.000000	1000.000000	3.525208	0.229171	500.000000
6.000000	1000.000000	3.592467	0.233543	500.000000
6.000000	1000.000000	3.597309	0.233858	500.000000
6.000000	1000.000000	3.527424	0.229315	500.000000
6.000000	1000.000000	3.545691	0.230503	500.000000
6.000000	1000.000000	3.528496	0.229385	500.000000
6.000000	1000.000000	3.595203	0.233721	500.000000
6.000000	1000.000000	3.537403	0.229964	500.000000
6.000000	1000.000000	3.528809	0.229405	500.000000
7.000000	1000.000000	3.260449	0.211959	500.000000
7.000000	1000.000000	3.185188	0.207067	500.000000
7.000000	1000.000000	3.186366	0.207143	500.000000
7.000000	1000.000000	3.257820	0.211788	500.000000
7.000000	1000.000000	3.187707	0.207230	500.000000
7.000000	1000.000000	3.188530	0.207284	500.000000
7.000000	1000.000000	3.188064	0.207254	500.000000
7.000000	1000.000000	3.196282	0.207788	500.000000
7.000000	1000.000000	3.238005	0.210500	500.000000
7.000000	1000.000000	3.254344	0.211562	500.000000
8.000000	1000.000000	2.963321	0.192643	500.000000
8.000000	1000.000000	2.989789	0.194364	500.000000
8.000000	1000.000000	2.999461	0.194993	500.000000
8.000000	1000.000000	2.999327	0.194984	500.000000
8.000000	1000.000000	2.986723	0.194165	500.000000
8.000000	1000.000000	2.980037	0.193730	500.000000
8.000000	1000.000000	2.946463	0.191547	500.000000
8.000000	1000.000000	2.982347	0.193880	500.000000
8.000000	1000.000000	2.975423	0.193430	500.000000
8.000000	1000.000000	2.963672	0.192666	500.000000
9.000000	1000.000000	2.778788	0.180647	500.000000
9.000000	1000.000000	2.828068	0.183850	500.000000
9.000000	1000.000000	2.811118	0.182749	500.000000
9.000000	1000.000000	2.806868	0.182472	500.000000
9.000000	1000.000000	2.803392	0.182246	500.000000
9.000000	1000.000000	2.836910	0.184425	500.000000
9.000000	1000.000000	2.805185	0.182363	500.000000
9.000000	1000.000000	2.804653	0.182328	500.000000
9.000000	1000.000000	2.802580	0.182194	500.000000
9.000000	1000.000000	2.797541	0.181866	500.000000
10.000000	1000.000000	2.612657	0.169847	500.000000
10.000000	1000.000000	2.629970	0.170972	500.000000
10.000000	1000.000000	2.636644	0.171406	500.000000
10.000000	1000.000000	2.628436	0.170873	500.000000
10.000000	1000.000000	2.670495	0.173607	500.000000
10.000000	1000.000000	2.676186	0.173977	500.000000
10.000000	1000.000000	2.661734	0.173037	500.000000
10.000000	1000.000000	2.628538	0.170879	500.000000
10.000000	1000.000000	2.668025	0.173446	500.000000
10.000000	1000.000000	2.630587	0.171012	500.000000
11.000000	1000.000000	2.505237	0.162864	500.000000
11.000000	1000.000000	2.511131	0.163247	500.000000
11.000000	1000.000000	2.505840	0.162903	500.000000
11.000000	1000.000000	2.521209	0.163902	500.000000
11.000000	1000.000000	2.619430	0.170287	500.000000
11.000000	1000.000000	2.529604	0.164448	500.000000
11.000000	1000.000000	2.501899	0.162647	500.000000
11.000000	1000.000000	2.512285	0.163322	500.000000
11.000000	1000.000000	2.506048	0.162916	500.000000
11.000000	1000.000000	2.501913	0.162647	500.000000
12.000000	1000.000000	2.412113	0.156810	500.000000
12.000000	1000.000000	2.425441	0.157676	500.000000
12.000000	1000.000000	2.419438	0.157286	500.000000
12.000000	1000.000000	2.388310	0.155262	500.000000
12.000000	1000.000000	2.384242	0.154998	500.000000
12.000000	1000.000000	2.392519	0.155536	500.000000
12.000000	1000.000000	2.382126	0.154860	500.000000
12.000000	1000.000000	2.420969	0.157385	500.000000
12.000000	1000.000000	2.416569	0.157099	500.000000
12.000000	1000.000000	2.399158	0.155967	500.000000
