1.000000	1000.000000	0.009229	1.000000	10.000000
1.000000	1000.000000	0.008837	1.000000	10.000000
1.000000	1000.000000	0.008543	1.000000	10.000000
1.000000	1000.000000	0.008555	1.000000	10.000000
1.000000	1000.000000	0.008480	1.000000	10.000000
2.000000	1000.000000	0.008403	0.962675	10.000000
2.000000	1000.000000	0.008223	0.942054	10.000000
2.000000	1000.000000	0.008276	0.948126	10.000000
2.000000	1000.000000	0.008267	0.947095	10.000000
2.000000	1000.000000	0.008248	0.944918	10.000000
3.000000	1000.000000	0.018476	2.116671	10.000000
3.000000	1000.000000	0.015970	1.829576	10.000000
3.000000	1000.000000	0.015506	1.776418	10.000000
3.000000	1000.000000	0.014537	1.665406	10.000000
3.000000	1000.000000	0.014955	1.713294	10.000000
4.000000	1000.000000	0.014167	1.623018	10.000000
4.000000	1000.000000	0.013355	1.529993	10.000000
4.000000	1000.000000	0.013634	1.561956	10.000000
4.000000	1000.000000	0.013608	1.558977	10.000000
4.000000	1000.000000	0.013549	1.552218	10.000000
5.000000	1000.000000	0.014615	1.674342	10.000000
5.000000	1000.000000	0.014572	1.669416	10.000000
5.000000	1000.000000	0.014562	1.668271	10.000000
5.000000	1000.000000	0.014775	1.692673	10.000000
5.000000	1000.000000	0.014716	1.685913	10.000000
6.000000	1000.000000	0.015804	1.810558	10.000000
6.000000	1000.000000	0.015877	1.818921	10.000000
6.000000	1000.000000	0.015742	1.803455	10.000000
6.000000	1000.000000	0.015618	1.789249	10.000000
6.000000	1000.000000	0.015756	1.805059	10.000000
7.000000	1000.000000	0.016604	1.902209	10.000000
7.000000	1000.000000	0.016648	1.907250	10.000000
7.000000	1000.000000	0.016531	1.893846	10.000000
7.000000	1000.000000	0.016561	1.897283	10.000000
7.000000	1000.000000	0.016660	1.908624	10.000000
8.000000	1000.000000	0.016205	1.856498	10.000000
8.000000	1000.000000	0.016155	1.850770	10.000000
8.000000	1000.000000	0.015944	1.826597	10.000000
8.000000	1000.000000	0.015990	1.831867	10.000000
8.000000	1000.000000	0.015937	1.825795	10.000000
9.000000	1000.000000	0.019089	2.186899	10.000000
9.000000	1000.000000	0.018889	2.163986	10.000000
9.000000	1000.000000	0.018844	2.158831	10.000000
9.000000	1000.000000	0.019104	2.188617	10.000000
9.000000	1000.000000	0.019167	2.195834	10.000000
10.000000	1000.000000	0.020172	2.310971	10.000000
10.000000	1000.000000	0.020056	2.297681	10.000000
10.000000	1000.000000	0.020230	2.317615	10.000000
10.000000	1000.000000	0.020102	2.302951	10.000000
10.000000	1000.000000	0.020036	2.295390	10.000000
11.000000	1000.000000	0.021012	2.407204	10.000000
11.000000	1000.000000	0.021259	2.435501	10.000000
11.000000	1000.000000	0.021073	2.414192	10.000000
11.000000	1000.000000	0.020792	2.382000	10.000000
11.000000	1000.000000	0.020881	2.392196	10.000000
12.000000	1000.000000	0.021193	2.427940	10.000000
12.000000	1000.000000	0.021077	2.414650	10.000000
12.000000	1000.000000	0.021102	2.417514	10.000000
12.000000	1000.000000	0.021039	2.410297	10.000000
12.000000	1000.000000	0.021112	2.418660	10.000000
1.000000	1000.000000	0.651518	1.000000	100.000000
1.000000	1000.000000	0.775779	1.000000	100.000000
1.000000	1000.000000	0.654505	1.000000	100.000000
1.000000	1000.000000	0.626293	1.000000	100.000000
1.000000	1000.000000	0.626261	1.000000	100.000000
2.000000	1000.000000	0.437607	0.656209	100.000000
2.000000	1000.000000	0.437043	0.655363	100.000000
2.000000	1000.000000	0.435847	0.653570	100.000000
2.000000	1000.000000	0.430143	0.645017	100.000000
2.000000	1000.000000	0.430167	0.645053	100.000000
3.000000	1000.000000	0.321326	0.481841	100.000000
3.000000	1000.000000	0.290304	0.435322	100.000000
3.000000	1000.000000	0.282452	0.423548	100.000000
3.000000	1000.000000	0.245544	0.368203	100.000000
3.000000	1000.000000	0.248822	0.373119	100.000000
4.000000	1000.000000	0.239038	0.358447	100.000000
4.000000	1000.000000	0.204131	0.306103	100.000000
4.000000	1000.000000	0.270502	0.405629	100.000000
4.000000	1000.000000	0.244570	0.366742	100.000000
4.000000	1000.000000	0.233663	0.350387	100.000000
5.000000	1000.000000	0.174295	0.261362	100.000000
5.000000	1000.000000	0.173778	0.260587	100.000000
5.000000	1000.000000	0.174713	0.261989	100.000000
5.000000	1000.000000	0.175497	0.263165	100.000000
5.000000	1000.000000	0.174692	0.261958	100.000000
6.000000	1000.000000	0.186731	0.280011	100.000000
6.000000	1000.000000	0.160339	0.240435	100.000000
6.000000	1000.000000	0.159238	0.238784	100.000000
6.000000	1000.000000	0.158614	0.237848	100.000000
6.000000	1000.000000	0.159171	0.238683	100.000000
7.000000	1000.000000	0.145391	0.218020	100.000000
7.000000	1000.000000	0.144503	0.216688	100.000000
7.000000	1000.000000	0.143784	0.215610	100.000000
7.000000	1000.000000	0.144581	0.216805	100.000000
7.000000	1000.000000	0.144414	0.216555	100.000000
8.000000	1000.000000	0.138893	0.208276	100.000000
8.000000	1000.000000	0.139153	0.208665	100.000000
8.000000	1000.000000	0.139813	0.209655	100.000000
8.000000	1000.000000	0.139210	0.208751	100.000000
8.000000	1000.000000	0.139895	0.209778	100.000000
9.000000	1000.000000	0.131812	0.197657	100.000000
9.000000	1000.000000	0.131248	0.196812	100.000000
9.000000	1000.000000	0.131653	0.197419	100.000000
9.000000	1000.000000	0.131699	0.197488	100.000000
9.000000	1000.000000	0.131464	0.197136	100.000000
10.000000	1000.000000	0.124664	0.186939	100.000000
10.000000	1000.000000	0.123853	0.185723	100.000000
10.000000	1000.000000	0.124780	0.187113	100.000000
10.000000	1000.000000	0.124265	0.186340	100.000000
10.000000	1000.000000	0.123745	0.185561	100.000000
11.000000	1000.000000	0.122154	0.183175	100.000000
11.000000	1000.000000	0.121902	0.182797	100.000000
11.000000	1000.000000	0.123129	0.184637	100.000000
11.000000	1000.000000	0.122687	0.183974	100.000000
11.000000	1000.000000	0.122170	0.183199	100.000000
12.000000	1000.000000	0.119386	0.179024	100.000000
12.000000	1000.000000	0.117411	0.176062	100.000000
12.000000	1000.000000	0.117751	0.176572	100.000000
12.000000	1000.000000	0.118321	0.177427	100.000000
12.000000	1000.000000	0.117960	0.176886	100.000000
1.000000	1000.000000	15.753268	1.000000	500.000000
1.000000	1000.000000	15.564921	1.000000	500.000000
1.000000	1000.000000	15.560138	1.000000	500.000000
1.000000	1000.000000	15.561557	1.000000	500.000000
1.000000	1000.000000	15.562879	1.000000	500.000000
2.000000	1000.000000	8.627693	0.553038	500.000000
2.000000	1000.000000	8.579258	0.549933	500.000000
2.000000	1000.000000	8.514709	0.545795	500.000000
2.000000	1000.000000	8.607950	0.551772	500.000000
2.000000	1000.000000	8.589284	0.550576	500.000000
3.000000	1000.000000	5.977424	0.383155	500.000000
3.000000	1000.000000	6.064232	0.388719	500.000000
3.000000	1000.000000	6.007926	0.385110	500.000000
3.000000	1000.000000	6.052924	0.387994	500.000000
3.000000	1000.000000	6.068805	0.389012	500.000000
4.000000	1000.000000	4.881166	0.312884	500.000000
4.000000	1000.000000	4.898787	0.314014	500.000000
4.000000	1000.000000	4.979768	0.319205	500.000000
4.000000	1000.000000	4.928953	0.315947	500.000000
4.000000	1000.000000	4.973467	0.318801	500.000000
5.000000	1000.000000	4.157707	0.266510	500.000000
5.000000	1000.000000	4.225882	0.270880	500.000000
5.000000	1000.000000	4.268459	0.273609	500.000000
5.000000	1000.000000	4.248638	0.272339	500.000000
5.000000	1000.000000	4.228170	0.271027	500.000000
6.000000	1000.000000	3.666450	0.235021	500.000000
6.000000	1000.000000	3.720026	0.238455	500.000000
6.000000	1000.000000	3.744547	0.240027	500.000000
6.000000	1000.000000	3.720719	0.238499	500.000000
6.000000	1000.000000	3.766111	0.241409	500.000000
7.000000	1000.000000	3.404491	0.218229	500.000000
7.000000	1000.000000	3.410176	0.218593	500.000000
7.000000	1000.000000	3.341268	0.214176	500.000000
7.000000	1000.000000	3.385658	0.217022	500.000000
7.000000	1000.000000	3.313529	0.212398	500.000000
8.000000	1000.000000	3.155673	0.202280	500.000000
8.000000	1000.000000	3.129476	0.200600	500.000000
8.000000	1000.000000	3.090935	0.198130	500.000000
8.000000	1000.000000	3.084292	0.197704	500.000000
8.000000	1000.000000	3.020835	0.193636	500.000000
9.000000	1000.000000	2.897952	0.185760	500.000000
9.000000	1000.000000	2.943724	0.188694	500.000000
9.000000	1000.000000	2.918008	0.187045	500.000000
9.000000	1000.000000	2.932114	0.187949	500.000000
9.000000	1000.000000	2.923483	0.187396	500.000000
10.000000	1000.000000	2.834671	0.181703	500.000000
10.000000	1000.000000	2.745189	0.175967	500.000000
10.000000	1000.000000	2.709574	0.173684	500.000000
10.000000	1000.000000	2.746733	0.176066	500.000000
10.000000	1000.000000	2.718293	0.174243	500.000000
11.000000	1000.000000	2.574818	0.165047	500.000000
11.000000	1000.000000	2.611118	0.167373	500.000000
11.000000	1000.000000	2.651622	0.169970	500.000000
11.000000	1000.000000	2.595011	0.166341	500.000000
11.000000	1000.000000	2.688285	0.172320	500.000000
12.000000	1000.000000	2.500715	0.160297	500.000000
12.000000	1000.000000	2.494757	0.159915	500.000000
12.000000	1000.000000	2.530089	0.162179	500.000000
12.000000	1000.000000	2.569566	0.164710	500.000000
12.000000	1000.000000	2.499493	0.160218	500.000000
