2	 128	40000	-2.880000e+04	0.000000e+00	2.000000e-02
2	 256	40000	-2.880000e+04	0.000000e+00	2.000000e-02
2	 384	40000	-2.880000e+04	0.000000e+00	2.000000e-02
2	 512	40000	-2.880000e+04	0.000000e+00	2.000000e-02
2	 640	40000	-2.880000e+04	0.000000e+00	2.000000e-02
2	 758	40000	-2.880000e+04	0.000000e+00	2.000000e-02
2	 876	40000	-2.880000e+04	0.000000e+00	2.000000e-02
2	1024	40000	-2.880000e+04	0.000000e+00	2.000000e-02
2	1280	40000	-2.880000e+04	0.000000e+00	2.000000e-02
2	1536	40000	-2.880000e+04	0.000000e+00	2.000000e-02
2	 128	40000	-2.880000e+04	0.000000e+00	2.200000e-01
2	 256	40000	-2.880000e+04	0.000000e+00	2.200000e-01
2	 384	40000	-2.880000e+04	0.000000e+00	2.200000e-01
2	 512	40000	-2.880000e+04	0.000000e+00	2.200000e-01
2	 640	40000	-2.880000e+04	0.000000e+00	2.200000e-01
2	 758	40000	-2.880000e+04	0.000000e+00	2.200000e-01
2	 876	40000	-2.880000e+04	0.000000e+00	2.200000e-01
2	1024	40000	-2.880000e+04	0.000000e+00	2.200000e-01
2	1280	40000	-2.880000e+04	0.000000e+00	2.200000e-01
2	1536	40000	-2.880000e+04	0.000000e+00	2.200000e-01
2	 128	40000	-2.879963e+04	2.516873e-02	4.200000e-01
2	 256	40000	-2.879963e+04	2.302750e-02	4.200000e-01
2	 384	40000	-2.879963e+04	2.724028e-02	4.200000e-01
2	 512	40000	-2.879963e+04	2.652496e-02	4.200000e-01
2	 640	40000	-2.879963e+04	2.562239e-02	4.200000e-01
2	 758	40000	-2.879963e+04	2.963362e-02	4.200000e-01
2	 876	40000	-2.879963e+04	3.034588e-02	4.200000e-01
2	1024	40000	-2.879963e+04	3.092524e-02	4.200000e-01
2	1280	40000	-2.879964e+04	2.511129e-02	4.200000e-01
2	1536	40000	-2.879963e+04	2.508578e-02	4.200000e-01
2	 128	40000	-2.894227e+04	1.105914e+01	6.200000e-01
2	 256	40000	-2.894241e+04	1.565953e+01	6.200000e-01
2	 384	40000	-2.894224e+04	1.926438e+01	6.200000e-01
2	 512	40000	-2.893837e+04	2.189665e+01	6.200000e-01
2	 640	40000	-2.893638e+04	2.445732e+01	6.200000e-01
2	 758	40000	-2.894039e+04	2.673688e+01	6.200000e-01
2	 876	40000	-2.893693e+04	2.863685e+01	6.200000e-01
2	1024	40000	-2.892958e+04	3.022722e+01	6.200000e-01
2	1280	40000	-2.892489e+04	3.282865e+01	6.200000e-01
2	1536	40000	-2.892989e+04	3.684477e+01	6.200000e-01
2	 128	40000	-3.215252e+04	2.111724e+02	8.200000e-01
2	 256	40000	-3.215165e+04	2.987872e+02	8.200000e-01
2	 384	40000	-3.215308e+04	3.654772e+02	8.200000e-01
2	 512	40000	-3.207507e+04	4.145185e+02	8.200000e-01
2	 640	40000	-3.203377e+04	4.624502e+02	8.200000e-01
2	 758	40000	-3.210979e+04	5.108200e+02	8.200000e-01
2	 876	40000	-3.204402e+04	5.449099e+02	8.200000e-01
2	1024	40000	-3.190580e+04	5.719581e+02	8.200000e-01
2	1280	40000	-3.182609e+04	6.272264e+02	8.200000e-01
2	1536	40000	-3.191081e+04	6.933598e+02	8.200000e-01
2	 128	40000	-4.762747e+04	1.231021e+03	1.000000e+00
2	 256	40000	-4.763554e+04	1.737472e+03	1.000000e+00
2	 384	40000	-4.761747e+04	2.127066e+03	1.000000e+00
2	 512	40000	-4.713833e+04	2.426972e+03	1.000000e+00
2	 640	40000	-4.693377e+04	2.690454e+03	1.000000e+00
2	 758	40000	-4.737931e+04	2.959098e+03	1.000000e+00
2	 876	40000	-4.697805e+04	3.146237e+03	1.000000e+00
2	1024	40000	-4.620315e+04	3.336559e+03	1.000000e+00
2	1280	40000	-4.571314e+04	3.639283e+03	1.000000e+00
2	1536	40000	-4.620262e+04	4.033330e+03	1.000000e+00
2	 128	40000	-6.933628e+04	2.649017e+03	1.100000e+00
2	 256	40000	-6.932218e+04	3.746633e+03	1.100000e+00
2	 384	40000	-6.936350e+04	4.589351e+03	1.100000e+00
2	 512	40000	-6.834688e+04	5.234191e+03	1.100000e+00
2	 640	40000	-6.779097e+04	5.763806e+03	1.100000e+00
2	 758	40000	-6.886013e+04	6.398015e+03	1.100000e+00
2	 876	40000	-6.797221e+04	6.781234e+03	1.100000e+00
2	1024	40000	-6.619150e+04	7.160416e+03	1.100000e+00
2	1280	40000	-6.525009e+04	7.906366e+03	1.100000e+00
2	1536	40000	-6.625091e+04	8.726944e+03	1.100000e+00
2	 128	40000	-1.009385e+05	4.827178e+03	1.200000e+00
2	 256	40000	-1.009263e+05	6.797539e+03	1.200000e+00
2	 384	40000	-1.009138e+05	8.324161e+03	1.200000e+00
2	 512	40000	-9.904268e+04	9.475295e+03	1.200000e+00
2	 640	40000	-9.812414e+04	1.053215e+04	1.200000e+00
2	 758	40000	-9.996799e+04	1.159069e+04	1.200000e+00
2	 876	40000	-9.832027e+04	1.237032e+04	1.200000e+00
2	1024	40000	-9.525037e+04	1.304284e+04	1.200000e+00
2	1280	40000	-9.334780e+04	1.424427e+04	1.200000e+00
2	1536	40000	-9.530075e+04	1.570853e+04	1.200000e+00
2	 128	40000	-1.310177e+05	5.708415e+03	1.300000e+00
2	 256	40000	-1.310345e+05	8.099171e+03	1.300000e+00
2	 384	40000	-1.310571e+05	9.887969e+03	1.300000e+00
2	 512	40000	-1.292573e+05	1.139901e+04	1.300000e+00
2	 640	40000	-1.282071e+05	1.273188e+04	1.300000e+00
2	 758	40000	-1.301261e+05	1.389553e+04	1.300000e+00
2	 876	40000	-1.282805e+05	1.491645e+04	1.300000e+00
2	1024	40000	-1.253335e+05	1.612615e+04	1.300000e+00
2	1280	40000	-1.234086e+05	1.792918e+04	1.300000e+00
2	1536	40000	-1.252830e+05	1.959426e+04	1.300000e+00
2	 128	40000	-1.162541e+05	3.330113e+03	1.400000e+00
2	 256	40000	-1.161749e+05	4.713807e+03	1.400000e+00
2	 384	40000	-1.162483e+05	5.790013e+03	1.400000e+00
2	 512	40000	-1.157083e+05	6.801924e+03	1.400000e+00
2	 640	40000	-1.153552e+05	7.694882e+03	1.400000e+00
2	 758	40000	-1.159340e+05	8.075159e+03	1.400000e+00
2	 876	40000	-1.154820e+05	8.852694e+03	1.400000e+00
2	1024	40000	-1.144512e+05	9.858742e+03	1.400000e+00
2	1280	40000	-1.137963e+05	1.121260e+04	1.400000e+00
2	1536	40000	-1.144385e+05	1.189567e+04	1.400000e+00
2	 128	40000	-7.643289e+04	1.263554e+03	1.500000e+00
2	 256	40000	-7.642825e+04	1.775281e+03	1.500000e+00
2	 384	40000	-7.644426e+04	2.175835e+03	1.500000e+00
2	 512	40000	-7.616718e+04	2.523966e+03	1.500000e+00
2	 640	40000	-7.603681e+04	2.811855e+03	1.500000e+00
2	 758	40000	-7.631077e+04	3.001509e+03	1.500000e+00
2	 876	40000	-7.607765e+04	3.220914e+03	1.500000e+00
2	1024	40000	-7.564554e+04	3.515858e+03	1.500000e+00
2	1280	40000	-7.532066e+04	3.842579e+03	1.500000e+00
2	1536	40000	-7.565572e+04	3.999044e+03	1.500000e+00
2	 128	40000	-1.271891e+05	4.658992e+03	1.600000e+00
2	 256	40000	-1.271584e+05	6.581640e+03	1.600000e+00
2	 384	40000	-1.272334e+05	8.024112e+03	1.600000e+00
2	 512	40000	-1.262760e+05	9.397007e+03	1.600000e+00
2	 640	40000	-1.258715e+05	1.061071e+04	1.600000e+00
2	 758	40000	-1.266929e+05	1.129383e+04	1.600000e+00
2	 876	40000	-1.259240e+05	1.226725e+04	1.600000e+00
2	1024	40000	-1.242467e+05	1.369613e+04	1.600000e+00
2	1280	40000	-1.232882e+05	1.544408e+04	1.600000e+00
2	1536	40000	-1.244001e+05	1.660545e+04	1.600000e+00
2	 128	40000	-8.969363e+04	1.843327e+03	1.700000e+00
2	 256	40000	-8.970308e+04	2.590228e+03	1.700000e+00
2	 384	40000	-8.970807e+04	3.169836e+03	1.700000e+00
2	 512	40000	-8.914375e+04	3.649215e+03	1.700000e+00
2	 640	40000	-8.885924e+04	4.056146e+03	1.700000e+00
2	 758	40000	-8.942748e+04	4.383858e+03	1.700000e+00
2	 876	40000	-8.895304e+04	4.736657e+03	1.700000e+00
2	1024	40000	-8.806116e+04	5.048985e+03	1.700000e+00
2	1280	40000	-8.746535e+04	5.543880e+03	1.700000e+00
2	1536	40000	-8.803140e+04	5.947244e+03	1.700000e+00
2	 128	40000	-7.129142e+04	2.076097e+03	1.800000e+00
2	 256	40000	-7.129489e+04	2.933904e+03	1.800000e+00
2	 384	40000	-7.129816e+04	3.598952e+03	1.800000e+00
2	 512	40000	-7.052807e+04	4.108477e+03	1.800000e+00
2	 640	40000	-7.016440e+04	4.580009e+03	1.800000e+00
2	 758	40000	-7.093228e+04	4.999626e+03	1.800000e+00
2	 876	40000	-7.024518e+04	5.297631e+03	1.800000e+00
2	1024	40000	-6.899630e+04	5.655872e+03	1.800000e+00
2	1280	40000	-6.819849e+04	6.245609e+03	1.800000e+00
2	1536	40000	-6.899600e+04	6.875105e+03	1.800000e+00
2	 128	40000	-9.677965e+04	3.433742e+03	1.900000e+00
2	 256	40000	-9.674332e+04	4.852504e+03	1.900000e+00
2	 384	40000	-9.677776e+04	5.941389e+03	1.900000e+00
2	 512	40000	-9.550084e+04	6.784208e+03	1.900000e+00
2	 640	40000	-9.481986e+04	7.552725e+03	1.900000e+00
2	 758	40000	-9.616831e+04	8.238303e+03	1.900000e+00
2	 876	40000	-9.498071e+04	8.765007e+03	1.900000e+00
2	1024	40000	-9.283476e+04	9.257126e+03	1.900000e+00
2	1280	40000	-9.153650e+04	1.023133e+04	1.900000e+00
2	1536	40000	-9.289763e+04	1.130331e+04	1.900000e+00
2	 128	40000	-1.167786e+05	5.001427e+03	2.000000e+00
2	 256	40000	-1.167588e+05	7.093356e+03	2.000000e+00
2	 384	40000	-1.167779e+05	8.694926e+03	2.000000e+00
2	 512	40000	-1.147657e+05	9.989819e+03	2.000000e+00
2	 640	40000	-1.138992e+05	1.103067e+04	2.000000e+00
2	 758	40000	-1.158474e+05	1.215456e+04	2.000000e+00
2	 876	40000	-1.141276e+05	1.284265e+04	2.000000e+00
2	1024	40000	-1.109211e+05	1.362075e+04	2.000000e+00
2	1280	40000	-1.090121e+05	1.494480e+04	2.000000e+00
2	1536	40000	-1.108925e+05	1.658838e+04	2.000000e+00
2	 128	40000	-1.566278e+05	7.563023e+03	2.100000e+00
2	 256	40000	-1.565549e+05	1.071584e+04	2.100000e+00
2	 384	40000	-1.565213e+05	1.303536e+04	2.100000e+00
2	 512	40000	-1.536777e+05	1.485713e+04	2.100000e+00
2	 640	40000	-1.524231e+05	1.645124e+04	2.100000e+00
2	 758	40000	-1.551735e+05	1.822620e+04	2.100000e+00
2	 876	40000	-1.527617e+05	1.918517e+04	2.100000e+00
2	1024	40000	-1.479798e+05	2.043570e+04	2.100000e+00
2	1280	40000	-1.450045e+05	2.242471e+04	2.100000e+00
2	1536	40000	-1.479878e+05	2.466068e+04	2.100000e+00
2	 128	40000	-2.039921e+05	1.115756e+04	2.200000e+00
2	 256	40000	-2.040465e+05	1.587569e+04	2.200000e+00
2	 384	40000	-2.040808e+05	1.930861e+04	2.200000e+00
2	 512	40000	-1.995131e+05	2.220243e+04	2.200000e+00
2	 640	40000	-1.974077e+05	2.456907e+04	2.200000e+00
2	 758	40000	-2.015895e+05	2.681488e+04	2.200000e+00
2	 876	40000	-1.978615e+05	2.874214e+04	2.200000e+00
2	1024	40000	-1.908835e+05	3.027546e+04	2.200000e+00
2	1280	40000	-1.862998e+05	3.317977e+04	2.200000e+00
2	1536	40000	-1.906394e+05	3.687586e+04	2.200000e+00
2	 128	40000	-2.792480e+05	1.662904e+04	2.300000e+00
2	 256	40000	-2.792741e+05	2.338915e+04	2.300000e+00
2	 384	40000	-2.792732e+05	2.864722e+04	2.300000e+00
2	 512	40000	-2.726721e+05	3.258755e+04	2.300000e+00
2	 640	40000	-2.696796e+05	3.640265e+04	2.300000e+00
2	 758	40000	-2.756842e+05	4.013545e+04	2.300000e+00
2	 876	40000	-2.707465e+05	4.231938e+04	2.300000e+00
2	1024	40000	-2.595062e+05	4.434527e+04	2.300000e+00
2	1280	40000	-2.529609e+05	4.915832e+04	2.300000e+00
2	1536	40000	-2.596391e+05	5.444322e+04	2.300000e+00
2	 128	40000	-3.818428e+05	2.365945e+04	2.400000e+00
2	 256	40000	-3.822587e+05	3.345815e+04	2.400000e+00
2	 384	40000	-3.819869e+05	4.098223e+04	2.400000e+00
2	 512	40000	-3.728120e+05	4.682025e+04	2.400000e+00
2	 640	40000	-3.681416e+05	5.195428e+04	2.400000e+00
2	 758	40000	-3.773870e+05	5.672613e+04	2.400000e+00
2	 876	40000	-3.691432e+05	6.085284e+04	2.400000e+00
2	1024	40000	-3.541714e+05	6.393187e+04	2.400000e+00
2	1280	40000	-3.442135e+05	6.977714e+04	2.400000e+00
2	1536	40000	-3.543722e+05	7.804154e+04	2.400000e+00
2	 128	40000	-4.568402e+05	2.876676e+04	2.500000e+00
2	 256	40000	-4.570426e+05	4.100904e+04	2.500000e+00
2	 384	40000	-4.569457e+05	4.986091e+04	2.500000e+00
2	 512	40000	-4.453768e+05	5.693319e+04	2.500000e+00
2	 640	40000	-4.398299e+05	6.326000e+04	2.500000e+00
2	 758	40000	-4.507944e+05	6.949022e+04	2.500000e+00
2	 876	40000	-4.414302e+05	7.393776e+04	2.500000e+00
2	1024	40000	-4.225400e+05	7.786388e+04	2.500000e+00
2	1280	40000	-4.113455e+05	8.540398e+04	2.500000e+00
2	1536	40000	-4.228242e+05	9.419643e+04	2.500000e+00
2	 128	40000	-5.237582e+05	3.303470e+04	2.600000e+00
2	 256	40000	-5.234325e+05	4.679222e+04	2.600000e+00
2	 384	40000	-5.242638e+05	5.758415e+04	2.600000e+00
2	 512	40000	-5.102378e+05	6.546691e+04	2.600000e+00
2	 640	40000	-5.041239e+05	7.247640e+04	2.600000e+00
2	 758	40000	-5.163907e+05	8.000226e+04	2.600000e+00
2	 876	40000	-5.054752e+05	8.448807e+04	2.600000e+00
2	1024	40000	-4.841817e+05	8.961958e+04	2.600000e+00
2	1280	40000	-4.703279e+05	9.801560e+04	2.600000e+00
2	1536	40000	-4.835307e+05	1.086586e+05	2.600000e+00
2	 128	40000	-5.782819e+05	3.687910e+04	2.700000e+00
2	 256	40000	-5.781181e+05	5.220650e+04	2.700000e+00
2	 384	40000	-5.776045e+05	6.357639e+04	2.700000e+00
2	 512	40000	-5.633140e+05	7.250507e+04	2.700000e+00
2	 640	40000	-5.568517e+05	8.033119e+04	2.700000e+00
2	 758	40000	-5.711707e+05	8.898818e+04	2.700000e+00
2	 876	40000	-5.588728e+05	9.459469e+04	2.700000e+00
2	1024	40000	-5.345275e+05	9.980917e+04	2.700000e+00
2	1280	40000	-5.204833e+05	1.093702e+05	2.700000e+00
2	1536	40000	-5.345089e+05	1.203322e+05	2.700000e+00
2	 128	40000	-6.150579e+05	3.926904e+04	2.800000e+00
2	 256	40000	-6.151969e+05	5.569812e+04	2.800000e+00
2	 384	40000	-6.150580e+05	6.810236e+04	2.800000e+00
2	 512	40000	-5.999838e+05	7.745611e+04	2.800000e+00
2	 640	40000	-5.920129e+05	8.620023e+04	2.800000e+00
2	 758	40000	-6.075308e+05	9.487126e+04	2.800000e+00
2	 876	40000	-5.946156e+05	1.004780e+05	2.800000e+00
2	1024	40000	-5.692402e+05	1.058907e+05	2.800000e+00
2	1280	40000	-5.524604e+05	1.162528e+05	2.800000e+00
2	1536	40000	-5.686204e+05	1.291093e+05	2.800000e+00
2	 128	40000	-6.411458e+05	4.092353e+04	2.900000e+00
2	 256	40000	-6.410189e+05	5.842273e+04	2.900000e+00
2	 384	40000	-6.414992e+05	7.119082e+04	2.900000e+00
2	 512	40000	-6.256645e+05	8.153029e+04	2.900000e+00
2	 640	40000	-6.160092e+05	9.012050e+04	2.900000e+00
2	 758	40000	-6.327057e+05	9.867199e+04	2.900000e+00
2	 876	40000	-6.196293e+05	1.052349e+05	2.900000e+00
2	1024	40000	-5.927864e+05	1.111899e+05	2.900000e+00
2	1280	40000	-5.774057e+05	1.216637e+05	2.900000e+00
2	1536	40000	-5.921702e+05	1.347157e+05	2.900000e+00
2	 128	40000	-6.628302e+05	4.229799e+04	3.000000e+00
2	 256	40000	-6.629697e+05	6.021396e+04	3.000000e+00
2	 384	40000	-6.630411e+05	7.366020e+04	3.000000e+00
2	 512	40000	-6.458973e+05	8.442490e+04	3.000000e+00
2	 640	40000	-6.385747e+05	9.397083e+04	3.000000e+00
2	 758	40000	-6.547156e+05	1.028176e+05	3.000000e+00
2	 876	40000	-6.395940e+05	1.087736e+05	3.000000e+00
2	1024	40000	-6.134664e+05	1.153571e+05	3.000000e+00
2	1280	40000	-5.970346e+05	1.271797e+05	3.000000e+00
2	1536	40000	-6.147037e+05	1.405819e+05	3.000000e+00
2	 128	40000	-6.807400e+05	4.382308e+04	3.100000e+00
2	 256	40000	-6.804066e+05	6.180308e+04	3.100000e+00
2	 384	40000	-6.805482e+05	7.611193e+04	3.100000e+00
2	 512	40000	-6.638941e+05	8.642178e+04	3.100000e+00
2	 640	40000	-6.547219e+05	9.588388e+04	3.100000e+00
2	 758	40000	-6.710748e+05	1.050676e+05	3.100000e+00
2	 876	40000	-6.581471e+05	1.129014e+05	3.100000e+00
2	1024	40000	-6.290936e+05	1.177246e+05	3.100000e+00
2	1280	40000	-6.129963e+05	1.291838e+05	3.100000e+00
2	1536	40000	-6.295655e+05	1.438719e+05	3.100000e+00
2	 128	40000	-6.942720e+05	4.469471e+04	3.200000e+00
2	 256	40000	-6.942451e+05	6.371804e+04	3.200000e+00
2	 384	40000	-6.944794e+05	7.729776e+04	3.200000e+00
2	 512	40000	-6.764053e+05	8.842999e+04	3.200000e+00
2	 640	40000	-6.684644e+05	9.783516e+04	3.200000e+00
2	 758	40000	-6.852871e+05	1.077847e+05	3.200000e+00
2	 876	40000	-6.704930e+05	1.145228e+05	3.200000e+00
2	1024	40000	-6.421483e+05	1.209672e+05	3.200000e+00
2	1280	40000	-6.248376e+05	1.324451e+05	3.200000e+00
2	1536	40000	-6.409995e+05	1.471853e+05	3.200000e+00
2	 128	40000	-7.051897e+05	4.524804e+04	3.300000e+00
2	 256	40000	-7.051453e+05	6.417450e+04	3.300000e+00
2	 384	40000	-7.051696e+05	7.833890e+04	3.300000e+00
2	 512	40000	-6.884079e+05	8.931805e+04	3.300000e+00
2	 640	40000	-6.777442e+05	9.903090e+04	3.300000e+00
2	 758	40000	-6.965051e+05	1.089308e+05	3.300000e+00
2	 876	40000	-6.820019e+05	1.161370e+05	3.300000e+00
2	1024	40000	-6.522378e+05	1.218508e+05	3.300000e+00
2	1280	40000	-6.344317e+05	1.347229e+05	3.300000e+00
2	1536	40000	-6.517230e+05	1.494030e+05	3.300000e+00
2	 128	40000	-7.142841e+05	4.592078e+04	3.400000e+00
2	 256	40000	-7.146913e+05	6.526406e+04	3.400000e+00
2	 384	40000	-7.141834e+05	8.028272e+04	3.400000e+00
2	 512	40000	-6.966134e+05	9.044662e+04	3.400000e+00
2	 640	40000	-6.872055e+05	1.004265e+05	3.400000e+00
2	 758	40000	-7.051309e+05	1.109772e+05	3.400000e+00
2	 876	40000	-6.912515e+05	1.181802e+05	3.400000e+00
2	1024	40000	-6.605436e+05	1.237440e+05	3.400000e+00
2	1280	40000	-6.423838e+05	1.363096e+05	3.400000e+00
2	1536	40000	-6.606412e+05	1.512417e+05	3.400000e+00
2	 128	40000	-7.212079e+05	4.644187e+04	3.500000e+00
2	 256	40000	-7.216804e+05	6.562247e+04	3.500000e+00
2	 384	40000	-7.212375e+05	8.040275e+04	3.500000e+00
2	 512	40000	-7.031233e+05	9.125892e+04	3.500000e+00
2	 640	40000	-6.937977e+05	1.016893e+05	3.500000e+00
2	 758	40000	-7.123600e+05	1.123125e+05	3.500000e+00
2	 876	40000	-6.966319e+05	1.183652e+05	3.500000e+00
2	1024	40000	-6.656495e+05	1.265009e+05	3.500000e+00
2	1280	40000	-6.479126e+05	1.384959e+05	3.500000e+00
2	1536	40000	-6.668513e+05	1.522714e+05	3.500000e+00
2	 128	40000	-7.357296e+05	4.753089e+04	3.700000e+00
2	 256	40000	-7.355811e+05	6.715505e+04	3.700000e+00
2	 384	40000	-7.349914e+05	8.216203e+04	3.700000e+00
2	 512	40000	-7.160874e+05	9.442893e+04	3.700000e+00
2	 640	40000	-7.076175e+05	1.038074e+05	3.700000e+00
2	 758	40000	-7.257006e+05	1.147207e+05	3.700000e+00
2	 876	40000	-7.103094e+05	1.216669e+05	3.700000e+00
2	1024	40000	-6.795437e+05	1.279452e+05	3.700000e+00
2	1280	40000	-6.617771e+05	1.410661e+05	3.700000e+00
2	1536	40000	-6.795017e+05	1.557384e+05	3.700000e+00
2	 128	40000	-7.451582e+05	4.839328e+04	3.900000e+00
2	 256	40000	-7.449837e+05	6.797364e+04	3.900000e+00
2	 384	40000	-7.459216e+05	8.329461e+04	3.900000e+00
2	 512	40000	-7.262191e+05	9.482080e+04	3.900000e+00
2	 640	40000	-7.168863e+05	1.058616e+05	3.900000e+00
2	 758	40000	-7.363496e+05	1.153236e+05	3.900000e+00
2	 876	40000	-7.191062e+05	1.225212e+05	3.900000e+00
2	1024	40000	-6.877416e+05	1.296106e+05	3.900000e+00
2	1280	40000	-6.701925e+05	1.429958e+05	3.900000e+00
2	1536	40000	-6.880041e+05	1.567935e+05	3.900000e+00
2	 128	40000	-7.514854e+05	4.883211e+04	4.100000e+00
2	 256	40000	-7.520257e+05	6.926038e+04	4.100000e+00
2	 384	40000	-7.518262e+05	8.452899e+04	4.100000e+00
2	 512	40000	-7.326869e+05	9.609036e+04	4.100000e+00
2	 640	40000	-7.228882e+05	1.069051e+05	4.100000e+00
2	 758	40000	-7.420224e+05	1.173081e+05	4.100000e+00
2	 876	40000	-7.259954e+05	1.243733e+05	4.100000e+00
2	1024	40000	-6.943646e+05	1.320868e+05	4.100000e+00
2	1280	40000	-6.754229e+05	1.444922e+05	4.100000e+00
2	1536	40000	-6.939214e+05	1.601450e+05	4.100000e+00
2	 128	40000	-7.576223e+05	4.878618e+04	4.300000e+00
2	 256	40000	-7.576981e+05	6.917400e+04	4.300000e+00
2	 384	40000	-7.570671e+05	8.445649e+04	4.300000e+00
2	 512	40000	-7.378748e+05	9.681579e+04	4.300000e+00
2	 640	40000	-7.287791e+05	1.075654e+05	4.300000e+00
2	 758	40000	-7.478535e+05	1.182273e+05	4.300000e+00
2	 876	40000	-7.301200e+05	1.260654e+05	4.300000e+00
2	1024	40000	-6.996432e+05	1.325862e+05	4.300000e+00
2	1280	40000	-6.814640e+05	1.453079e+05	4.300000e+00
2	1536	40000	-7.005561e+05	1.609675e+05	4.300000e+00
2	 128	40000	-7.638553e+05	4.965249e+04	4.500000e+00
2	 256	40000	-7.639167e+05	6.967833e+04	4.500000e+00
2	 384	40000	-7.634649e+05	8.486096e+04	4.500000e+00
2	 512	40000	-7.443795e+05	9.712158e+04	4.500000e+00
2	 640	40000	-7.354442e+05	1.081137e+05	4.500000e+00
2	 758	40000	-7.541068e+05	1.183537e+05	4.500000e+00
2	 876	40000	-7.376364e+05	1.268651e+05	4.500000e+00
2	1024	40000	-7.048324e+05	1.337302e+05	4.500000e+00
2	1280	40000	-6.867453e+05	1.459352e+05	4.500000e+00
2	1536	40000	-7.057740e+05	1.622071e+05	4.500000e+00
2	 128	40000	-7.723466e+05	4.998033e+04	5.100000e+00
2	 256	40000	-7.725972e+05	7.091952e+04	5.100000e+00
2	 384	40000	-7.726273e+05	8.663413e+04	5.100000e+00
2	 512	40000	-7.526026e+05	9.911446e+04	5.100000e+00
2	 640	40000	-7.423355e+05	1.093353e+05	5.100000e+00
2	 758	40000	-7.622465e+05	1.210138e+05	5.100000e+00
2	 876	40000	-7.466403e+05	1.272980e+05	5.100000e+00
2	1024	40000	-7.142749e+05	1.357075e+05	5.100000e+00
2	1280	40000	-6.947644e+05	1.488699e+05	5.100000e+00
2	1536	40000	-7.131933e+05	1.649626e+05	5.100000e+00
2	 128	40000	-7.708019e+05	4.986695e+04	5.700000e+00
2	 256	40000	-7.709865e+05	7.076053e+04	5.700000e+00
2	 384	40000	-7.699944e+05	8.694339e+04	5.700000e+00
2	 512	40000	-7.511348e+05	9.922688e+04	5.700000e+00
2	 640	40000	-7.414637e+05	1.091948e+05	5.700000e+00
2	 758	40000	-7.607960e+05	1.210926e+05	5.700000e+00
2	 876	40000	-7.441922e+05	1.276933e+05	5.700000e+00
2	1024	40000	-7.117100e+05	1.350860e+05	5.700000e+00
2	1280	40000	-6.926535e+05	1.488061e+05	5.700000e+00
2	1536	40000	-7.120697e+05	1.646011e+05	5.700000e+00
2	 128	40000	-7.715086e+05	5.022955e+04	6.300000e+00
2	 256	40000	-7.714675e+05	7.094817e+04	6.300000e+00
2	 384	40000	-7.708776e+05	8.662459e+04	6.300000e+00
2	 512	40000	-7.514401e+05	9.841759e+04	6.300000e+00
2	 640	40000	-7.419547e+05	1.093748e+05	6.300000e+00
2	 758	40000	-7.603522e+05	1.206057e+05	6.300000e+00
2	 876	40000	-7.454687e+05	1.283155e+05	6.300000e+00
2	1024	40000	-7.121175e+05	1.349777e+05	6.300000e+00
2	1280	40000	-6.925566e+05	1.481685e+05	6.300000e+00
2	1536	40000	-7.133154e+05	1.633822e+05	6.300000e+00
2	 128	40000	-7.683230e+05	5.009293e+04	6.900000e+00
2	 256	40000	-7.680449e+05	7.067983e+04	6.900000e+00
2	 384	40000	-7.684159e+05	8.591802e+04	6.900000e+00
2	 512	40000	-7.486026e+05	9.837097e+04	6.900000e+00
2	 640	40000	-7.391119e+05	1.088207e+05	6.900000e+00
2	 758	40000	-7.580566e+05	1.211041e+05	6.900000e+00
2	 876	40000	-7.415396e+05	1.279679e+05	6.900000e+00
2	1024	40000	-7.100325e+05	1.354315e+05	6.900000e+00
2	1280	40000	-6.915689e+05	1.481213e+05	6.900000e+00
2	1536	40000	-7.094792e+05	1.633726e+05	6.900000e+00
2	 128	40000	-7.695553e+05	4.977996e+04	7.500000e+00
2	 256	40000	-7.687025e+05	7.063765e+04	7.500000e+00
2	 384	40000	-7.694659e+05	8.674868e+04	7.500000e+00
2	 512	40000	-7.497584e+05	9.880641e+04	7.500000e+00
2	 640	40000	-7.397683e+05	1.095046e+05	7.500000e+00
2	 758	40000	-7.601871e+05	1.202107e+05	7.500000e+00
2	 876	40000	-7.424212e+05	1.280330e+05	7.500000e+00
2	1024	40000	-7.116747e+05	1.355087e+05	7.500000e+00
2	1280	40000	-6.906827e+05	1.480468e+05	7.500000e+00
2	1536	40000	-7.107510e+05	1.643315e+05	7.500000e+00
2	 128	40000	-7.647408e+05	4.991313e+04	8.100000e+00
2	 256	40000	-7.654231e+05	7.073863e+04	8.100000e+00
2	 384	40000	-7.644844e+05	8.614399e+04	8.100000e+00
2	 512	40000	-7.446821e+05	9.863540e+04	8.100000e+00
2	 640	40000	-7.360586e+05	1.089916e+05	8.100000e+00
2	 758	40000	-7.550314e+05	1.204606e+05	8.100000e+00
2	 876	40000	-7.383177e+05	1.277475e+05	8.100000e+00
2	1024	40000	-7.065304e+05	1.340171e+05	8.100000e+00
2	1280	40000	-6.863393e+05	1.475508e+05	8.100000e+00
2	1536	40000	-7.055620e+05	1.635824e+05	8.100000e+00
2	 128	40000	-7.698849e+05	5.038272e+04	8.700000e+00
2	 256	40000	-7.702675e+05	7.091391e+04	8.700000e+00
2	 384	40000	-7.701752e+05	8.685769e+04	8.700000e+00
2	 512	40000	-7.501601e+05	9.900140e+04	8.700000e+00
2	 640	40000	-7.416325e+05	1.101661e+05	8.700000e+00
2	 758	40000	-7.606195e+05	1.213339e+05	8.700000e+00
2	 876	40000	-7.433851e+05	1.287776e+05	8.700000e+00
2	1024	40000	-7.115262e+05	1.357633e+05	8.700000e+00
2	1280	40000	-6.926606e+05	1.487861e+05	8.700000e+00
2	1536	40000	-7.108812e+05	1.646214e+05	8.700000e+00
2	 128	40000	-7.683117e+05	4.975496e+04	9.300000e+00
2	 256	40000	-7.681993e+05	7.094898e+04	9.300000e+00
2	 384	40000	-7.687449e+05	8.672971e+04	9.300000e+00
2	 512	40000	-7.490322e+05	9.872286e+04	9.300000e+00
2	 640	40000	-7.395002e+05	1.094402e+05	9.300000e+00
2	 758	40000	-7.576526e+05	1.205415e+05	9.300000e+00
2	 876	40000	-7.416158e+05	1.279374e+05	9.300000e+00
2	1024	40000	-7.097881e+05	1.347267e+05	9.300000e+00
2	1280	40000	-6.907595e+05	1.487392e+05	9.300000e+00
2	1536	40000	-7.090721e+05	1.646134e+05	9.300000e+00
2	 128	40000	-7.658459e+05	4.978806e+04	9.900000e+00
2	 256	40000	-7.664498e+05	6.980272e+04	9.900000e+00
2	 384	40000	-7.655287e+05	8.600007e+04	9.900000e+00
2	 512	40000	-7.468323e+05	9.792724e+04	9.900000e+00
2	 640	40000	-7.362194e+05	1.090082e+05	9.900000e+00
2	 758	40000	-7.563093e+05	1.199254e+05	9.900000e+00
2	 876	40000	-7.399482e+05	1.267534e+05	9.900000e+00
2	1024	40000	-7.076898e+05	1.341844e+05	9.900000e+00
2	1280	40000	-6.886002e+05	1.477618e+05	9.900000e+00
2	1536	40000	-7.068868e+05	1.631187e+05	9.900000e+00
2	 128	40000	-7.669184e+05	5.024686e+04	1.001000e+01
2	 256	40000	-7.675406e+05	7.087479e+04	1.001000e+01
2	 384	40000	-7.670100e+05	8.636434e+04	1.001000e+01
2	 512	40000	-7.475901e+05	9.778893e+04	1.001000e+01
2	 640	40000	-7.372026e+05	1.092333e+05	1.001000e+01
2	 758	40000	-7.571532e+05	1.211434e+05	1.001000e+01
2	 876	40000	-7.403844e+05	1.276469e+05	1.001000e+01
2	1024	40000	-7.092137e+05	1.337831e+05	1.001000e+01
2	1280	40000	-6.893813e+05	1.484439e+05	1.001000e+01
2	1536	40000	-7.091563e+05	1.626216e+05	1.001000e+01
2	 128	40000	-7.619270e+05	4.939407e+04	1.201000e+01
2	 256	40000	-7.614625e+05	7.030538e+04	1.201000e+01
2	 384	40000	-7.617635e+05	8.524293e+04	1.201000e+01
2	 512	40000	-7.426418e+05	9.716989e+04	1.201000e+01
2	 640	40000	-7.336256e+05	1.083332e+05	1.201000e+01
2	 758	40000	-7.518662e+05	1.197213e+05	1.201000e+01
2	 876	40000	-7.359860e+05	1.271169e+05	1.201000e+01
2	1024	40000	-7.041653e+05	1.339852e+05	1.201000e+01
2	1280	40000	-6.854481e+05	1.472297e+05	1.201000e+01
2	1536	40000	-7.037383e+05	1.634064e+05	1.201000e+01
2	 128	40000	-7.536903e+05	4.915961e+04	1.401000e+01
2	 256	40000	-7.539237e+05	6.971632e+04	1.401000e+01
2	 384	40000	-7.531020e+05	8.550816e+04	1.401000e+01
2	 512	40000	-7.347228e+05	9.683120e+04	1.401000e+01
2	 640	40000	-7.243432e+05	1.080893e+05	1.401000e+01
2	 758	40000	-7.440203e+05	1.184614e+05	1.401000e+01
2	 876	40000	-7.276626e+05	1.263067e+05	1.401000e+01
2	1024	40000	-6.958153e+05	1.334890e+05	1.401000e+01
2	1280	40000	-6.766258e+05	1.466858e+05	1.401000e+01
2	1536	40000	-6.957276e+05	1.614037e+05	1.401000e+01
2	 128	40000	-7.552850e+05	4.890224e+04	1.601000e+01
2	 256	40000	-7.553333e+05	6.967294e+04	1.601000e+01
2	 384	40000	-7.555858e+05	8.501962e+04	1.601000e+01
2	 512	40000	-7.350561e+05	9.636616e+04	1.601000e+01
2	 640	40000	-7.262571e+05	1.080227e+05	1.601000e+01
2	 758	40000	-7.447929e+05	1.183712e+05	1.601000e+01
2	 876	40000	-7.292551e+05	1.257392e+05	1.601000e+01
2	1024	40000	-6.966714e+05	1.330596e+05	1.601000e+01
2	1280	40000	-6.793645e+05	1.459544e+05	1.601000e+01
2	1536	40000	-6.987606e+05	1.615086e+05	1.601000e+01
2	 128	40000	-7.524430e+05	4.907704e+04	1.801000e+01
2	 256	40000	-7.515484e+05	6.887037e+04	1.801000e+01
2	 384	40000	-7.519036e+05	8.488139e+04	1.801000e+01
2	 512	40000	-7.337366e+05	9.645002e+04	1.801000e+01
2	 640	40000	-7.241163e+05	1.073135e+05	1.801000e+01
2	 758	40000	-7.426884e+05	1.184746e+05	1.801000e+01
2	 876	40000	-7.261564e+05	1.254266e+05	1.801000e+01
2	1024	40000	-6.949120e+05	1.326645e+05	1.801000e+01
2	1280	40000	-6.743714e+05	1.453022e+05	1.801000e+01
2	1536	40000	-6.959074e+05	1.616137e+05	1.801000e+01
2	 128	40000	-7.554327e+05	4.951227e+04	2.000536e+01
2	 256	40000	-7.550576e+05	6.973127e+04	2.000536e+01
2	 384	40000	-7.552404e+05	8.557706e+04	2.000536e+01
2	 512	40000	-7.353609e+05	9.733330e+04	2.000536e+01
2	 640	40000	-7.251612e+05	1.078487e+05	2.000536e+01
2	 758	40000	-7.456737e+05	1.189379e+05	2.000536e+01
2	 876	40000	-7.288554e+05	1.267189e+05	2.000536e+01
2	1024	40000	-6.972177e+05	1.341077e+05	2.000536e+01
2	1280	40000	-6.777783e+05	1.470977e+05	2.000536e+01
2	1536	40000	-6.965015e+05	1.622098e+05	2.000536e+01
2	 128	40000	-7.438812e+05	4.857764e+04	2.754993e+01
2	 256	40000	-7.443989e+05	6.869023e+04	2.754993e+01
2	 384	40000	-7.453447e+05	8.370771e+04	2.754993e+01
2	 512	40000	-7.250863e+05	9.580947e+04	2.754993e+01
2	 640	40000	-7.161994e+05	1.063515e+05	2.754993e+01
2	 758	40000	-7.343199e+05	1.168047e+05	2.754993e+01
2	 876	40000	-7.187457e+05	1.243722e+05	2.754993e+01
2	1024	40000	-6.874417e+05	1.324181e+05	2.754993e+01
2	1280	40000	-6.676606e+05	1.441405e+05	2.754993e+01
2	1536	40000	-6.871680e+05	1.599868e+05	2.754993e+01
2	 128	40000	-7.392290e+05	4.831537e+04	3.793977e+01
2	 256	40000	-7.393377e+05	6.828920e+04	3.793977e+01
2	 384	40000	-7.392149e+05	8.349975e+04	3.793977e+01
2	 512	40000	-7.202816e+05	9.517990e+04	3.793977e+01
2	 640	40000	-7.106330e+05	1.057001e+05	3.793977e+01
2	 758	40000	-7.297424e+05	1.162851e+05	3.793977e+01
2	 876	40000	-7.138376e+05	1.233107e+05	3.793977e+01
2	1024	40000	-6.825733e+05	1.306362e+05	3.793977e+01
2	1280	40000	-6.637488e+05	1.438527e+05	3.793977e+01
2	1536	40000	-6.829838e+05	1.587728e+05	3.793977e+01
2	 128	40000	-7.382514e+05	4.861888e+04	5.224792e+01
2	 256	40000	-7.378727e+05	6.870941e+04	5.224792e+01
2	 384	40000	-7.375283e+05	8.416979e+04	5.224792e+01
2	 512	40000	-7.186084e+05	9.628549e+04	5.224792e+01
2	 640	40000	-7.089358e+05	1.061483e+05	5.224792e+01
2	 758	40000	-7.273826e+05	1.164182e+05	5.224792e+01
2	 876	40000	-7.108161e+05	1.243223e+05	5.224792e+01
2	1024	40000	-6.802466e+05	1.313644e+05	5.224792e+01
2	1280	40000	-6.617752e+05	1.432813e+05	5.224792e+01
2	1536	40000	-6.812630e+05	1.598122e+05	5.224792e+01
2	 128	40000	-7.481232e+05	4.867366e+04	7.195206e+01
2	 256	40000	-7.486318e+05	6.866831e+04	7.195206e+01
2	 384	40000	-7.473484e+05	8.467127e+04	7.195206e+01
2	 512	40000	-7.292709e+05	9.633214e+04	7.195206e+01
2	 640	40000	-7.195026e+05	1.061784e+05	7.195206e+01
2	 758	40000	-7.385492e+05	1.175021e+05	7.195206e+01
2	 876	40000	-7.218327e+05	1.244833e+05	7.195206e+01
2	1024	40000	-6.908113e+05	1.316861e+05	7.195206e+01
2	1280	40000	-6.710638e+05	1.447479e+05	7.195206e+01
2	1536	40000	-6.911417e+05	1.591525e+05	7.195206e+01
2	 128	40000	-7.364800e+05	4.912035e+04	9.998298e+01
2	 256	40000	-7.364290e+05	6.928072e+04	9.998298e+01
2	 384	40000	-7.368765e+05	8.526995e+04	9.998298e+01
2	 512	40000	-7.170358e+05	9.663639e+04	9.998298e+01
2	 640	40000	-7.073949e+05	1.075669e+05	9.998298e+01
2	 758	40000	-7.269538e+05	1.188138e+05	9.998298e+01
2	 876	40000	-7.101865e+05	1.265005e+05	9.998298e+01
2	1024	40000	-6.796138e+05	1.321752e+05	9.998298e+01
2	1280	40000	-6.593900e+05	1.449751e+05	9.998298e+01
2	1536	40000	-6.788124e+05	1.603749e+05	9.998298e+01
2	 128	40000	-7.130763e+05	4.729072e+04	1.583804e+02
2	 256	40000	-7.127932e+05	6.712859e+04	1.583804e+02
2	 384	40000	-7.129929e+05	8.165305e+04	1.583804e+02
2	 512	40000	-6.951727e+05	9.329061e+04	1.583804e+02
2	 640	40000	-6.851192e+05	1.032814e+05	1.583804e+02
2	 758	40000	-7.044135e+05	1.138672e+05	1.583804e+02
2	 876	40000	-6.875840e+05	1.206828e+05	1.583804e+02
2	1024	40000	-6.569499e+05	1.276830e+05	1.583804e+02
2	1280	40000	-6.407528e+05	1.397254e+05	1.583804e+02
2	1536	40000	-6.579145e+05	1.551123e+05	1.583804e+02
2	 128	40000	-6.792041e+05	4.592692e+04	2.508863e+02
2	 256	40000	-6.789228e+05	6.502553e+04	2.508863e+02
2	 384	40000	-6.793833e+05	7.945994e+04	2.508863e+02
2	 512	40000	-6.610309e+05	9.097799e+04	2.508863e+02
2	 640	40000	-6.523945e+05	1.006438e+05	2.508863e+02
2	 758	40000	-6.705336e+05	1.103088e+05	2.508863e+02
2	 876	40000	-6.544209e+05	1.175522e+05	2.508863e+02
2	1024	40000	-6.252142e+05	1.230898e+05	2.508863e+02
2	1280	40000	-6.064399e+05	1.363172e+05	2.508863e+02
2	1536	40000	-6.247373e+05	1.516485e+05	2.508863e+02
2	 128	40000	-6.973070e+05	4.750523e+04	3.974225e+02
2	 256	40000	-6.975358e+05	6.734940e+04	3.974225e+02
2	 384	40000	-6.975428e+05	8.231746e+04	3.974225e+02
2	 512	40000	-6.782601e+05	9.434203e+04	3.974225e+02
2	 640	40000	-6.693575e+05	1.042981e+05	3.974225e+02
2	 758	40000	-6.876274e+05	1.148224e+05	3.974225e+02
2	 876	40000	-6.722773e+05	1.211881e+05	3.974225e+02
2	1024	40000	-6.420883e+05	1.288093e+05	3.974225e+02
2	1280	40000	-6.234916e+05	1.416646e+05	3.974225e+02
2	1536	40000	-6.419668e+05	1.558083e+05	3.974225e+02
2	 128	40000	-6.978622e+05	4.704056e+04	6.295467e+02
2	 256	40000	-6.975911e+05	6.638881e+04	6.295467e+02
2	 384	40000	-6.976198e+05	8.133041e+04	6.295467e+02
2	 512	40000	-6.793611e+05	9.322502e+04	6.295467e+02
2	 640	40000	-6.707669e+05	1.028936e+05	6.295467e+02
2	 758	40000	-6.880984e+05	1.132103e+05	6.295467e+02
2	 876	40000	-6.722755e+05	1.204805e+05	6.295467e+02
2	1024	40000	-6.425578e+05	1.272458e+05	6.295467e+02
2	1280	40000	-6.243993e+05	1.398412e+05	6.295467e+02
2	1536	40000	-6.419129e+05	1.547709e+05	6.295467e+02
2	 128	40000	-6.845167e+05	4.838237e+04	9.992450e+02
2	 256	40000	-6.851024e+05	6.843832e+04	9.992450e+02
2	 384	40000	-6.851177e+05	8.399514e+04	9.992450e+02
2	 512	40000	-6.649398e+05	9.550588e+04	9.992450e+02
2	 640	40000	-6.551209e+05	1.059518e+05	9.992450e+02
2	 758	40000	-6.745781e+05	1.163403e+05	9.992450e+02
2	 876	40000	-6.567438e+05	1.239597e+05	9.992450e+02
2	1024	40000	-6.263968e+05	1.307354e+05	9.992450e+02
2	1280	40000	-6.056781e+05	1.421157e+05	9.992450e+02
2	1536	40000	-6.249918e+05	1.573304e+05	9.992450e+02
2	 128	40000	-6.687210e+05	5.106666e+04	1.582878e+03
2	 256	40000	-6.693452e+05	7.186102e+04	1.582878e+03
2	 384	40000	-6.695044e+05	8.838469e+04	1.582878e+03
2	 512	40000	-6.482682e+05	9.988722e+04	1.582878e+03
2	 640	40000	-6.365540e+05	1.110634e+05	1.582878e+03
2	 758	40000	-6.574078e+05	1.224264e+05	1.582878e+03
2	 876	40000	-6.404357e+05	1.292024e+05	1.582878e+03
2	1024	40000	-6.062068e+05	1.354668e+05	1.582878e+03
2	1280	40000	-5.825867e+05	1.478379e+05	1.582878e+03
2	1536	40000	-6.051849e+05	1.650108e+05	1.582878e+03
2	 128	40000	-6.618860e+05	4.973619e+04	2.507396e+03
2	 256	40000	-6.624305e+05	7.008527e+04	2.507396e+03
2	 384	40000	-6.621676e+05	8.573967e+04	2.507396e+03
2	 512	40000	-6.435917e+05	9.815009e+04	2.507396e+03
2	 640	40000	-6.340995e+05	1.091915e+05	2.507396e+03
2	 758	40000	-6.528236e+05	1.199126e+05	2.507396e+03
2	 876	40000	-6.374989e+05	1.276608e+05	2.507396e+03
2	1024	40000	-6.049541e+05	1.351339e+05	2.507396e+03
2	1280	40000	-5.871809e+05	1.493425e+05	2.507396e+03
2	1536	40000	-6.060242e+05	1.653070e+05	2.507396e+03
2	 128	40000	-5.176476e+05	4.232871e+04	3.971901e+03
2	 256	40000	-5.178829e+05	5.992346e+04	3.971901e+03
2	 384	40000	-5.178700e+05	7.338342e+04	3.971901e+03
2	 512	40000	-5.001893e+05	8.352492e+04	3.971901e+03
2	 640	40000	-4.917475e+05	9.247483e+04	3.971901e+03
2	 758	40000	-5.087977e+05	1.021894e+05	3.971901e+03
2	 876	40000	-4.952725e+05	1.084107e+05	3.971901e+03
2	1024	40000	-4.681123e+05	1.148820e+05	3.971901e+03
2	1280	40000	-4.518863e+05	1.265985e+05	3.971901e+03
2	1536	40000	-4.685591e+05	1.389449e+05	3.971901e+03
2	 128	40000	-4.721724e+05	4.269749e+04	6.291784e+03
2	 256	40000	-4.719418e+05	6.063900e+04	6.291784e+03
2	 384	40000	-4.726987e+05	7.418783e+04	6.291784e+03
2	 512	40000	-4.545265e+05	8.409831e+04	6.291784e+03
2	 640	40000	-4.457980e+05	9.357617e+04	6.291784e+03
2	 758	40000	-4.637059e+05	1.045809e+05	6.291784e+03
2	 876	40000	-4.479438e+05	1.095866e+05	6.291784e+03
2	1024	40000	-4.195573e+05	1.142866e+05	6.291784e+03
2	1280	40000	-4.003900e+05	1.243062e+05	6.291784e+03
2	1536	40000	-4.183976e+05	1.390768e+05	6.291784e+03
