1.0	1.280000e+02	4.096000e+04	0.000000e+00	0.000000e+00	2.000000e-02
1.0	2.560000e+02	4.096000e+04	0.000000e+00	0.000000e+00	2.000000e-02
1.0	3.840000e+02	4.096000e+04	0.000000e+00	0.000000e+00	2.000000e-02
1.0	5.120000e+02	4.096000e+04	0.000000e+00	0.000000e+00	2.000000e-02
1.0	6.400000e+02	4.096000e+04	0.000000e+00	0.000000e+00	2.000000e-02
1.0	7.580000e+02	4.096000e+04	0.000000e+00	0.000000e+00	2.000000e-02
1.0	8.760000e+02	4.096000e+04	0.000000e+00	0.000000e+00	2.000000e-02
1.0	1.024000e+03	4.096000e+04	0.000000e+00	0.000000e+00	2.000000e-02
1.0	1.280000e+03	4.096000e+04	0.000000e+00	0.000000e+00	2.000000e-02
1.0	1.536000e+03	4.096000e+04	0.000000e+00	0.000000e+00	2.000000e-02
1.0	1.280000e+02	4.096000e+04	0.000000e+00	0.000000e+00	2.200000e-01
1.0	2.560000e+02	4.096000e+04	0.000000e+00	0.000000e+00	2.200000e-01
1.0	3.840000e+02	4.096000e+04	0.000000e+00	0.000000e+00	2.200000e-01
1.0	5.120000e+02	4.096000e+04	0.000000e+00	0.000000e+00	2.200000e-01
1.0	6.400000e+02	4.096000e+04	0.000000e+00	0.000000e+00	2.200000e-01
1.0	7.580000e+02	4.096000e+04	0.000000e+00	0.000000e+00	2.200000e-01
1.0	8.760000e+02	4.096000e+04	0.000000e+00	0.000000e+00	2.200000e-01
1.0	1.024000e+03	4.096000e+04	0.000000e+00	0.000000e+00	2.200000e-01
1.0	1.280000e+03	4.096000e+04	0.000000e+00	0.000000e+00	2.200000e-01
1.0	1.536000e+03	4.096000e+04	0.000000e+00	0.000000e+00	2.200000e-01
1.0	1.280000e+02	4.096000e+04	0.000000e+00	0.000000e+00	4.200000e-01
1.0	2.560000e+02	4.096000e+04	0.000000e+00	0.000000e+00	4.200000e-01
1.0	3.840000e+02	4.096000e+04	0.000000e+00	0.000000e+00	4.200000e-01
1.0	5.120000e+02	4.096000e+04	0.000000e+00	0.000000e+00	4.200000e-01
1.0	6.400000e+02	4.096000e+04	0.000000e+00	0.000000e+00	4.200000e-01
1.0	7.580000e+02	4.096000e+04	0.000000e+00	0.000000e+00	4.200000e-01
1.0	8.760000e+02	4.096000e+04	0.000000e+00	0.000000e+00	4.200000e-01
1.0	1.024000e+03	4.096000e+04	0.000000e+00	0.000000e+00	4.200000e-01
1.0	1.280000e+03	4.096000e+04	0.000000e+00	0.000000e+00	4.200000e-01
1.0	1.536000e+03	4.096000e+04	0.000000e+00	0.000000e+00	4.200000e-01
1.0	1.280000e+02	4.096000e+04	5.117168e-06	2.706448e-07	6.200000e-01
1.0	2.560000e+02	4.096000e+04	5.115130e-06	2.621104e-07	6.200000e-01
1.0	3.840000e+02	4.096000e+04	5.129314e-06	2.238650e-07	6.200000e-01
1.0	5.120000e+02	4.096000e+04	5.117483e-06	2.189070e-07	6.200000e-01
1.0	6.400000e+02	4.096000e+04	5.116472e-06	1.998735e-07	6.200000e-01
1.0	7.580000e+02	4.096000e+04	5.093374e-06	1.723477e-07	6.200000e-01
1.0	8.760000e+02	4.096000e+04	5.106885e-06	1.990470e-07	6.200000e-01
1.0	1.024000e+03	4.096000e+04	5.118101e-06	1.872187e-07	6.200000e-01
1.0	1.280000e+03	4.096000e+04	5.116608e-06	1.517348e-07	6.200000e-01
1.0	1.536000e+03	4.096000e+04	5.078236e-06	2.482437e-07	6.200000e-01
1.0	1.280000e+02	4.096000e+04	1.190451e-04	1.536911e-06	8.200000e-01
1.0	2.560000e+02	4.096000e+04	1.190462e-04	1.626342e-06	8.200000e-01
1.0	3.840000e+02	4.096000e+04	1.190477e-04	1.478997e-06	8.200000e-01
1.0	5.120000e+02	4.096000e+04	1.190569e-04	1.455365e-06	8.200000e-01
1.0	6.400000e+02	4.096000e+04	1.190390e-04	1.480523e-06	8.200000e-01
1.0	7.580000e+02	4.096000e+04	1.192959e-04	1.375465e-06	8.200000e-01
1.0	8.760000e+02	4.096000e+04	1.193306e-04	1.257654e-06	8.200000e-01
1.0	1.024000e+03	4.096000e+04	1.190468e-04	1.386520e-06	8.200000e-01
1.0	1.280000e+03	4.096000e+04	1.190360e-04	1.351989e-06	8.200000e-01
1.0	1.536000e+03	4.096000e+04	1.195624e-04	1.468192e-06	8.200000e-01
1.0	1.280000e+02	4.096000e+04	7.194890e-04	4.424391e-06	1.000000e+00
1.0	2.560000e+02	4.096000e+04	7.194628e-04	4.601099e-06	1.000000e+00
1.0	3.840000e+02	4.096000e+04	7.183326e-04	4.360429e-06	1.000000e+00
1.0	5.120000e+02	4.096000e+04	7.194878e-04	3.540805e-06	1.000000e+00
1.0	6.400000e+02	4.096000e+04	7.195089e-04	3.955602e-06	1.000000e+00
1.0	7.580000e+02	4.096000e+04	7.180984e-04	4.094321e-06	1.000000e+00
1.0	8.760000e+02	4.096000e+04	7.197512e-04	3.869910e-06	1.000000e+00
1.0	1.024000e+03	4.096000e+04	7.194632e-04	3.882948e-06	1.000000e+00
1.0	1.280000e+03	4.096000e+04	7.194549e-04	4.290887e-06	1.000000e+00
1.0	1.536000e+03	4.096000e+04	7.184900e-04	4.005633e-06	1.000000e+00
1.0	1.280000e+02	4.096000e+04	1.550742e-03	5.444997e-06	1.100000e+00
1.0	2.560000e+02	4.096000e+04	1.550805e-03	6.122835e-06	1.100000e+00
1.0	3.840000e+02	4.096000e+04	1.550834e-03	6.457364e-06	1.100000e+00
1.0	5.120000e+02	4.096000e+04	1.550852e-03	5.935178e-06	1.100000e+00
1.0	6.400000e+02	4.096000e+04	1.550810e-03	4.838170e-06	1.100000e+00
1.0	7.580000e+02	4.096000e+04	1.551105e-03	7.688300e-06	1.100000e+00
1.0	8.760000e+02	4.096000e+04	1.551714e-03	5.864168e-06	1.100000e+00
1.0	1.024000e+03	4.096000e+04	1.550868e-03	6.897136e-06	1.100000e+00
1.0	1.280000e+03	4.096000e+04	1.550849e-03	5.611030e-06	1.100000e+00
1.0	1.536000e+03	4.096000e+04	1.553851e-03	4.505118e-06	1.100000e+00
1.0	1.280000e+02	4.096000e+04	2.959593e-03	9.070707e-06	1.200000e+00
1.0	2.560000e+02	4.096000e+04	2.959564e-03	8.683495e-06	1.200000e+00
1.0	3.840000e+02	4.096000e+04	2.960038e-03	8.429187e-06	1.200000e+00
1.0	5.120000e+02	4.096000e+04	2.959594e-03	8.360228e-06	1.200000e+00
1.0	6.400000e+02	4.096000e+04	2.959576e-03	9.482296e-06	1.200000e+00
1.0	7.580000e+02	4.096000e+04	2.959975e-03	9.318123e-06	1.200000e+00
1.0	8.760000e+02	4.096000e+04	2.958695e-03	8.219202e-06	1.200000e+00
1.0	1.024000e+03	4.096000e+04	2.959563e-03	6.756107e-06	1.200000e+00
1.0	1.280000e+03	4.096000e+04	2.959549e-03	9.665055e-06	1.200000e+00
1.0	1.536000e+03	4.096000e+04	2.961811e-03	1.018780e-05	1.200000e+00
1.0	1.280000e+02	4.096000e+04	5.206646e-03	1.251673e-05	1.300000e+00
1.0	2.560000e+02	4.096000e+04	5.206575e-03	1.073713e-05	1.300000e+00
1.0	3.840000e+02	4.096000e+04	5.209660e-03	1.176999e-05	1.300000e+00
1.0	5.120000e+02	4.096000e+04	5.206624e-03	9.566386e-06	1.300000e+00
1.0	6.400000e+02	4.096000e+04	5.206664e-03	1.165840e-05	1.300000e+00
1.0	7.580000e+02	4.096000e+04	5.210238e-03	1.077639e-05	1.300000e+00
1.0	8.760000e+02	4.096000e+04	5.205720e-03	9.808797e-06	1.300000e+00
1.0	1.024000e+03	4.096000e+04	5.206572e-03	9.517034e-06	1.300000e+00
1.0	1.280000e+03	4.096000e+04	5.206595e-03	1.092500e-05	1.300000e+00
1.0	1.536000e+03	4.096000e+04	5.204491e-03	9.382738e-06	1.300000e+00
1.0	1.280000e+02	4.096000e+04	8.606879e-03	1.666018e-05	1.400000e+00
1.0	2.560000e+02	4.096000e+04	8.606990e-03	1.651872e-05	1.400000e+00
1.0	3.840000e+02	4.096000e+04	8.603616e-03	1.696019e-05	1.400000e+00
1.0	5.120000e+02	4.096000e+04	8.606910e-03	1.470250e-05	1.400000e+00
1.0	6.400000e+02	4.096000e+04	8.606953e-03	1.594230e-05	1.400000e+00
1.0	7.580000e+02	4.096000e+04	8.601330e-03	1.323211e-05	1.400000e+00
1.0	8.760000e+02	4.096000e+04	8.599464e-03	1.814313e-05	1.400000e+00
1.0	1.024000e+03	4.096000e+04	8.606994e-03	1.588905e-05	1.400000e+00
1.0	1.280000e+03	4.096000e+04	8.606974e-03	1.407511e-05	1.400000e+00
1.0	1.536000e+03	4.096000e+04	8.600021e-03	1.684680e-05	1.400000e+00
1.0	1.280000e+02	4.096000e+04	1.336080e-02	2.193594e-05	1.500000e+00
1.0	2.560000e+02	4.096000e+04	1.336088e-02	2.098964e-05	1.500000e+00
1.0	3.840000e+02	4.096000e+04	1.335869e-02	2.242054e-05	1.500000e+00
1.0	5.120000e+02	4.096000e+04	1.336089e-02	2.022478e-05	1.500000e+00
1.0	6.400000e+02	4.096000e+04	1.336097e-02	1.932661e-05	1.500000e+00
1.0	7.580000e+02	4.096000e+04	1.335570e-02	2.457104e-05	1.500000e+00
1.0	8.760000e+02	4.096000e+04	1.335613e-02	2.767734e-05	1.500000e+00
1.0	1.024000e+03	4.096000e+04	1.336083e-02	1.665251e-05	1.500000e+00
1.0	1.280000e+03	4.096000e+04	1.336093e-02	1.188608e-05	1.500000e+00
1.0	1.536000e+03	4.096000e+04	1.335892e-02	1.872293e-05	1.500000e+00
1.0	1.280000e+02	4.096000e+04	2.008199e-02	2.961495e-05	1.600000e+00
1.0	2.560000e+02	4.096000e+04	2.008217e-02	3.413449e-05	1.600000e+00
1.0	3.840000e+02	4.096000e+04	2.008319e-02	3.382980e-05	1.600000e+00
1.0	5.120000e+02	4.096000e+04	2.008222e-02	3.273627e-05	1.600000e+00
1.0	6.400000e+02	4.096000e+04	2.008224e-02	2.842339e-05	1.600000e+00
1.0	7.580000e+02	4.096000e+04	2.008662e-02	3.384962e-05	1.600000e+00
1.0	8.760000e+02	4.096000e+04	2.008504e-02	4.803015e-05	1.600000e+00
1.0	1.024000e+03	4.096000e+04	2.008193e-02	3.141759e-05	1.600000e+00
1.0	1.280000e+03	4.096000e+04	2.008194e-02	3.074383e-05	1.600000e+00
1.0	1.536000e+03	4.096000e+04	2.006963e-02	3.777585e-05	1.600000e+00
1.0	1.280000e+02	4.096000e+04	2.917850e-02	4.520187e-05	1.700000e+00
1.0	2.560000e+02	4.096000e+04	2.917865e-02	4.701735e-05	1.700000e+00
1.0	3.840000e+02	4.096000e+04	2.916624e-02	4.553978e-05	1.700000e+00
1.0	5.120000e+02	4.096000e+04	2.917883e-02	4.953616e-05	1.700000e+00
1.0	6.400000e+02	4.096000e+04	2.917853e-02	4.184847e-05	1.700000e+00
1.0	7.580000e+02	4.096000e+04	2.916071e-02	4.645614e-05	1.700000e+00
1.0	8.760000e+02	4.096000e+04	2.916353e-02	3.827596e-05	1.700000e+00
1.0	1.024000e+03	4.096000e+04	2.917837e-02	3.920846e-05	1.700000e+00
1.0	1.280000e+03	4.096000e+04	2.917868e-02	3.657409e-05	1.700000e+00
1.0	1.536000e+03	4.096000e+04	2.917145e-02	3.938704e-05	1.700000e+00
1.0	1.280000e+02	4.096000e+04	4.136333e-02	4.932610e-05	1.800000e+00
1.0	2.560000e+02	4.096000e+04	4.136392e-02	4.287255e-05	1.800000e+00
1.0	3.840000e+02	4.096000e+04	4.136879e-02	3.536602e-05	1.800000e+00
1.0	5.120000e+02	4.096000e+04	4.136366e-02	4.272262e-05	1.800000e+00
1.0	6.400000e+02	4.096000e+04	4.136351e-02	3.427711e-05	1.800000e+00
1.0	7.580000e+02	4.096000e+04	4.135773e-02	3.442782e-05	1.800000e+00
1.0	8.760000e+02	4.096000e+04	4.136169e-02	4.885888e-05	1.800000e+00
1.0	1.024000e+03	4.096000e+04	4.136339e-02	4.166333e-05	1.800000e+00
1.0	1.280000e+03	4.096000e+04	4.136318e-02	3.808987e-05	1.800000e+00
1.0	1.536000e+03	4.096000e+04	4.137111e-02	4.215279e-05	1.800000e+00
1.0	1.280000e+02	4.096000e+04	5.765065e-02	7.432653e-05	1.900000e+00
1.0	2.560000e+02	4.096000e+04	5.765096e-02	6.374439e-05	1.900000e+00
1.0	3.840000e+02	4.096000e+04	5.764830e-02	6.850944e-05	1.900000e+00
1.0	5.120000e+02	4.096000e+04	5.765020e-02	6.385838e-05	1.900000e+00
1.0	6.400000e+02	4.096000e+04	5.765117e-02	7.102522e-05	1.900000e+00
1.0	7.580000e+02	4.096000e+04	5.765631e-02	7.118816e-05	1.900000e+00
1.0	8.760000e+02	4.096000e+04	5.765829e-02	5.071095e-05	1.900000e+00
1.0	1.024000e+03	4.096000e+04	5.765033e-02	4.998352e-05	1.900000e+00
1.0	1.280000e+03	4.096000e+04	5.765034e-02	4.444201e-05	1.900000e+00
1.0	1.536000e+03	4.096000e+04	5.763040e-02	3.525735e-05	1.900000e+00
1.0	1.280000e+02	4.096000e+04	7.908628e-02	1.134851e-04	2.000000e+00
1.0	2.560000e+02	4.096000e+04	7.908728e-02	1.102736e-04	2.000000e+00
1.0	3.840000e+02	4.096000e+04	7.907293e-02	1.100616e-04	2.000000e+00
1.0	5.120000e+02	4.096000e+04	7.908639e-02	1.061927e-04	2.000000e+00
1.0	6.400000e+02	4.096000e+04	7.908646e-02	1.046379e-04	2.000000e+00
1.0	7.580000e+02	4.096000e+04	7.906741e-02	8.192632e-05	2.000000e+00
1.0	8.760000e+02	4.096000e+04	7.908502e-02	7.854731e-05	2.000000e+00
1.0	1.024000e+03	4.096000e+04	7.908632e-02	7.644128e-05	2.000000e+00
1.0	1.280000e+03	4.096000e+04	7.908771e-02	1.197407e-04	2.000000e+00
1.0	1.536000e+03	4.096000e+04	7.906875e-02	1.268145e-04	2.000000e+00
1.0	1.280000e+02	4.096000e+04	1.081628e-01	1.746715e-04	2.100000e+00
1.0	2.560000e+02	4.096000e+04	1.081632e-01	1.879382e-04	2.100000e+00
1.0	3.840000e+02	4.096000e+04	1.081761e-01	2.011501e-04	2.100000e+00
1.0	5.120000e+02	4.096000e+04	1.081630e-01	1.987466e-04	2.100000e+00
1.0	6.400000e+02	4.096000e+04	1.081624e-01	2.442470e-04	2.100000e+00
1.0	7.580000e+02	4.096000e+04	1.081725e-01	2.545171e-04	2.100000e+00
1.0	8.760000e+02	4.096000e+04	1.081516e-01	2.016891e-04	2.100000e+00
1.0	1.024000e+03	4.096000e+04	1.081635e-01	1.601305e-04	2.100000e+00
1.0	1.280000e+03	4.096000e+04	1.081624e-01	1.899427e-04	2.100000e+00
1.0	1.536000e+03	4.096000e+04	1.081216e-01	2.189012e-04	2.100000e+00
1.0	1.280000e+02	4.096000e+04	1.508554e-01	3.809978e-04	2.200000e+00
1.0	2.560000e+02	4.096000e+04	1.508556e-01	4.257836e-04	2.200000e+00
1.0	3.840000e+02	4.096000e+04	1.509254e-01	4.646006e-04	2.200000e+00
1.0	5.120000e+02	4.096000e+04	1.508565e-01	4.765712e-04	2.200000e+00
1.0	6.400000e+02	4.096000e+04	1.508548e-01	4.247113e-04	2.200000e+00
1.0	7.580000e+02	4.096000e+04	1.509488e-01	4.775483e-04	2.200000e+00
1.0	8.760000e+02	4.096000e+04	1.509902e-01	4.816765e-04	2.200000e+00
1.0	1.024000e+03	4.096000e+04	1.508570e-01	5.085504e-04	2.200000e+00
1.0	1.280000e+03	4.096000e+04	1.508602e-01	4.445612e-04	2.200000e+00
1.0	1.536000e+03	4.096000e+04	1.509289e-01	4.766983e-04	2.200000e+00
1.0	1.280000e+02	4.096000e+04	2.256593e-01	8.774862e-04	2.300000e+00
1.0	2.560000e+02	4.096000e+04	2.256604e-01	1.137118e-03	2.300000e+00
1.0	3.840000e+02	4.096000e+04	2.256675e-01	1.319040e-03	2.300000e+00
1.0	5.120000e+02	4.096000e+04	2.256492e-01	1.407353e-03	2.300000e+00
1.0	6.400000e+02	4.096000e+04	2.256458e-01	1.438913e-03	2.300000e+00
1.0	7.580000e+02	4.096000e+04	2.257457e-01	1.541481e-03	2.300000e+00
1.0	8.760000e+02	4.096000e+04	2.258237e-01	1.762171e-03	2.300000e+00
1.0	1.024000e+03	4.096000e+04	2.256639e-01	1.612516e-03	2.300000e+00
1.0	1.280000e+03	4.096000e+04	2.256587e-01	1.338956e-03	2.300000e+00
1.0	1.536000e+03	4.096000e+04	2.256081e-01	1.656398e-03	2.300000e+00
1.0	1.280000e+02	4.096000e+04	2.821984e-01	2.831223e-04	2.400000e+00
1.0	2.560000e+02	4.096000e+04	2.822004e-01	2.826631e-04	2.400000e+00
1.0	3.840000e+02	4.096000e+04	2.821441e-01	3.405382e-04	2.400000e+00
1.0	5.120000e+02	4.096000e+04	2.822002e-01	3.227123e-04	2.400000e+00
1.0	6.400000e+02	4.096000e+04	2.821979e-01	2.612297e-04	2.400000e+00
1.0	7.580000e+02	4.096000e+04	2.821639e-01	2.856189e-04	2.400000e+00
1.0	8.760000e+02	4.096000e+04	2.821922e-01	3.461273e-04	2.400000e+00
1.0	1.024000e+03	4.096000e+04	2.821956e-01	2.629100e-04	2.400000e+00
1.0	1.280000e+03	4.096000e+04	2.821977e-01	2.367366e-04	2.400000e+00
1.0	1.536000e+03	4.096000e+04	2.822299e-01	2.856340e-04	2.400000e+00
1.0	1.280000e+02	4.096000e+04	3.231960e-01	1.917029e-04	2.500000e+00
1.0	2.560000e+02	4.096000e+04	3.231928e-01	1.975181e-04	2.500000e+00
1.0	3.840000e+02	4.096000e+04	3.232000e-01	1.985935e-04	2.500000e+00
1.0	5.120000e+02	4.096000e+04	3.231952e-01	2.165084e-04	2.500000e+00
1.0	6.400000e+02	4.096000e+04	3.231941e-01	1.812919e-04	2.500000e+00
1.0	7.580000e+02	4.096000e+04	3.231943e-01	2.313105e-04	2.500000e+00
1.0	8.760000e+02	4.096000e+04	3.231970e-01	2.399625e-04	2.500000e+00
1.0	1.024000e+03	4.096000e+04	3.231916e-01	2.463915e-04	2.500000e+00
1.0	1.280000e+03	4.096000e+04	3.231928e-01	2.258591e-04	2.500000e+00
1.0	1.536000e+03	4.096000e+04	3.232681e-01	2.749112e-04	2.500000e+00
1.0	1.280000e+02	4.096000e+04	3.577292e-01	2.105507e-04	2.600000e+00
1.0	2.560000e+02	4.096000e+04	3.577311e-01	2.055212e-04	2.600000e+00
1.0	3.840000e+02	4.096000e+04	3.577210e-01	2.061059e-04	2.600000e+00
1.0	5.120000e+02	4.096000e+04	3.577300e-01	1.695113e-04	2.600000e+00
1.0	6.400000e+02	4.096000e+04	3.577301e-01	1.278662e-04	2.600000e+00
1.0	7.580000e+02	4.096000e+04	3.577420e-01	1.521933e-04	2.600000e+00
1.0	8.760000e+02	4.096000e+04	3.577734e-01	2.071325e-04	2.600000e+00
1.0	1.024000e+03	4.096000e+04	3.577290e-01	1.390981e-04	2.600000e+00
1.0	1.280000e+03	4.096000e+04	3.577311e-01	1.548998e-04	2.600000e+00
1.0	1.536000e+03	4.096000e+04	3.577317e-01	1.598864e-04	2.600000e+00
1.0	1.280000e+02	4.096000e+04	3.881839e-01	1.500003e-04	2.700000e+00
1.0	2.560000e+02	4.096000e+04	3.881832e-01	1.398723e-04	2.700000e+00
1.0	3.840000e+02	4.096000e+04	3.881843e-01	1.397035e-04	2.700000e+00
1.0	5.120000e+02	4.096000e+04	3.881838e-01	1.206487e-04	2.700000e+00
1.0	6.400000e+02	4.096000e+04	3.881828e-01	1.653274e-04	2.700000e+00
1.0	7.580000e+02	4.096000e+04	3.881723e-01	1.118197e-04	2.700000e+00
1.0	8.760000e+02	4.096000e+04	3.881379e-01	1.048332e-04	2.700000e+00
1.0	1.024000e+03	4.096000e+04	3.881829e-01	1.424818e-04	2.700000e+00
1.0	1.280000e+03	4.096000e+04	3.881835e-01	1.902129e-04	2.700000e+00
1.0	1.536000e+03	4.096000e+04	3.881224e-01	9.113347e-05	2.700000e+00
1.0	1.280000e+02	4.096000e+04	4.149768e-01	1.372430e-04	2.800000e+00
1.0	2.560000e+02	4.096000e+04	4.149758e-01	1.400790e-04	2.800000e+00
1.0	3.840000e+02	4.096000e+04	4.149333e-01	1.256441e-04	2.800000e+00
1.0	5.120000e+02	4.096000e+04	4.149757e-01	1.358280e-04	2.800000e+00
1.0	6.400000e+02	4.096000e+04	4.149760e-01	1.310859e-04	2.800000e+00
1.0	7.580000e+02	4.096000e+04	4.149288e-01	1.495235e-04	2.800000e+00
1.0	8.760000e+02	4.096000e+04	4.149389e-01	1.393315e-04	2.800000e+00
1.0	1.024000e+03	4.096000e+04	4.149764e-01	1.226817e-04	2.800000e+00
1.0	1.280000e+03	4.096000e+04	4.149769e-01	7.562729e-05	2.800000e+00
1.0	1.536000e+03	4.096000e+04	4.149463e-01	1.653703e-04	2.800000e+00
1.0	1.280000e+02	4.096000e+04	4.390998e-01	1.449711e-04	2.900000e+00
1.0	2.560000e+02	4.096000e+04	4.390994e-01	1.214432e-04	2.900000e+00
1.0	3.840000e+02	4.096000e+04	4.391112e-01	1.372907e-04	2.900000e+00
1.0	5.120000e+02	4.096000e+04	4.390995e-01	1.282886e-04	2.900000e+00
1.0	6.400000e+02	4.096000e+04	4.391007e-01	1.398496e-04	2.900000e+00
1.0	7.580000e+02	4.096000e+04	4.391100e-01	1.013633e-04	2.900000e+00
1.0	8.760000e+02	4.096000e+04	4.390968e-01	1.632041e-04	2.900000e+00
1.0	1.024000e+03	4.096000e+04	4.390994e-01	1.013177e-04	2.900000e+00
1.0	1.280000e+03	4.096000e+04	4.390991e-01	1.465506e-04	2.900000e+00
1.0	1.536000e+03	4.096000e+04	4.391363e-01	1.164662e-04	2.900000e+00
1.0	1.280000e+02	4.096000e+04	4.610815e-01	1.213795e-04	3.000000e+00
1.0	2.560000e+02	4.096000e+04	4.610811e-01	1.244099e-04	3.000000e+00
1.0	3.840000e+02	4.096000e+04	4.610963e-01	1.477757e-04	3.000000e+00
1.0	5.120000e+02	4.096000e+04	4.610823e-01	1.157583e-04	3.000000e+00
1.0	6.400000e+02	4.096000e+04	4.610835e-01	1.583210e-04	3.000000e+00
1.0	7.580000e+02	4.096000e+04	4.610874e-01	1.435691e-04	3.000000e+00
1.0	8.760000e+02	4.096000e+04	4.610692e-01	1.320653e-04	3.000000e+00
1.0	1.024000e+03	4.096000e+04	4.610825e-01	1.182095e-04	3.000000e+00
1.0	1.280000e+03	4.096000e+04	4.610827e-01	1.554134e-04	3.000000e+00
1.0	1.536000e+03	4.096000e+04	4.610203e-01	1.356785e-04	3.000000e+00
1.0	1.280000e+02	4.096000e+04	4.813080e-01	1.318704e-04	3.100000e+00
1.0	2.560000e+02	4.096000e+04	4.813084e-01	1.377322e-04	3.100000e+00
1.0	3.840000e+02	4.096000e+04	4.812968e-01	1.414204e-04	3.100000e+00
1.0	5.120000e+02	4.096000e+04	4.813093e-01	1.325536e-04	3.100000e+00
1.0	6.400000e+02	4.096000e+04	4.813084e-01	1.214176e-04	3.100000e+00
1.0	7.580000e+02	4.096000e+04	4.813113e-01	8.966101e-05	3.100000e+00
1.0	8.760000e+02	4.096000e+04	4.813549e-01	1.400820e-04	3.100000e+00
1.0	1.024000e+03	4.096000e+04	4.813074e-01	9.856308e-05	3.100000e+00
1.0	1.280000e+03	4.096000e+04	4.813089e-01	1.156816e-04	3.100000e+00
1.0	1.536000e+03	4.096000e+04	4.813432e-01	4.244236e-05	3.100000e+00
1.0	1.280000e+02	4.096000e+04	4.997762e-01	1.177241e-04	3.200000e+00
1.0	2.560000e+02	4.096000e+04	4.997784e-01	1.185875e-04	3.200000e+00
1.0	3.840000e+02	4.096000e+04	4.997839e-01	1.197724e-04	3.200000e+00
1.0	5.120000e+02	4.096000e+04	4.997775e-01	1.270601e-04	3.200000e+00
1.0	6.400000e+02	4.096000e+04	4.997773e-01	1.234052e-04	3.200000e+00
1.0	7.580000e+02	4.096000e+04	4.998045e-01	1.174022e-04	3.200000e+00
1.0	8.760000e+02	4.096000e+04	4.998284e-01	1.394443e-04	3.200000e+00
1.0	1.024000e+03	4.096000e+04	4.997776e-01	1.377061e-04	3.200000e+00
1.0	1.280000e+03	4.096000e+04	4.997788e-01	1.259615e-04	3.200000e+00
1.0	1.536000e+03	4.096000e+04	4.998194e-01	1.624249e-04	3.200000e+00
1.0	1.280000e+02	4.096000e+04	5.171470e-01	1.106761e-04	3.300000e+00
1.0	2.560000e+02	4.096000e+04	5.171461e-01	1.178362e-04	3.300000e+00
1.0	3.840000e+02	4.096000e+04	5.171363e-01	1.041733e-04	3.300000e+00
1.0	5.120000e+02	4.096000e+04	5.171450e-01	1.107357e-04	3.300000e+00
1.0	6.400000e+02	4.096000e+04	5.171463e-01	8.967928e-05	3.300000e+00
1.0	7.580000e+02	4.096000e+04	5.171577e-01	1.268405e-04	3.300000e+00
1.0	8.760000e+02	4.096000e+04	5.171460e-01	1.334789e-04	3.300000e+00
1.0	1.024000e+03	4.096000e+04	5.171452e-01	1.151288e-04	3.300000e+00
1.0	1.280000e+03	4.096000e+04	5.171455e-01	9.611282e-05	3.300000e+00
1.0	1.536000e+03	4.096000e+04	5.171505e-01	7.115341e-05	3.300000e+00
1.0	1.280000e+02	4.096000e+04	5.329636e-01	1.004927e-04	3.400000e+00
1.0	2.560000e+02	4.096000e+04	5.329639e-01	1.036410e-04	3.400000e+00
1.0	3.840000e+02	4.096000e+04	5.330025e-01	1.184391e-04	3.400000e+00
1.0	5.120000e+02	4.096000e+04	5.329635e-01	1.063186e-04	3.400000e+00
1.0	6.400000e+02	4.096000e+04	5.329626e-01	1.025660e-04	3.400000e+00
1.0	7.580000e+02	4.096000e+04	5.330141e-01	7.718630e-05	3.400000e+00
1.0	8.760000e+02	4.096000e+04	5.330124e-01	9.003514e-05	3.400000e+00
1.0	1.024000e+03	4.096000e+04	5.329635e-01	8.661283e-05	3.400000e+00
1.0	1.280000e+03	4.096000e+04	5.329631e-01	8.059593e-05	3.400000e+00
1.0	1.536000e+03	4.096000e+04	5.330256e-01	3.035223e-05	3.400000e+00
1.0	1.280000e+02	4.096000e+04	5.476764e-01	1.025641e-04	3.500000e+00
1.0	2.560000e+02	4.096000e+04	5.476762e-01	1.022467e-04	3.500000e+00
1.0	3.840000e+02	4.096000e+04	5.476677e-01	1.110710e-04	3.500000e+00
1.0	5.120000e+02	4.096000e+04	5.476765e-01	1.086074e-04	3.500000e+00
1.0	6.400000e+02	4.096000e+04	5.476763e-01	1.025154e-04	3.500000e+00
1.0	7.580000e+02	4.096000e+04	5.476675e-01	7.761844e-05	3.500000e+00
1.0	8.760000e+02	4.096000e+04	5.476872e-01	1.058411e-04	3.500000e+00
1.0	1.024000e+03	4.096000e+04	5.476768e-01	9.568507e-05	3.500000e+00
1.0	1.280000e+03	4.096000e+04	5.476765e-01	1.113072e-04	3.500000e+00
1.0	1.536000e+03	4.096000e+04	5.476746e-01	1.093389e-04	3.500000e+00
1.0	1.280000e+02	4.096000e+04	5.745361e-01	9.690843e-05	3.700000e+00
1.0	2.560000e+02	4.096000e+04	5.745367e-01	1.016432e-04	3.700000e+00
1.0	3.840000e+02	4.096000e+04	5.745470e-01	1.095077e-04	3.700000e+00
1.0	5.120000e+02	4.096000e+04	5.745368e-01	1.233921e-04	3.700000e+00
1.0	6.400000e+02	4.096000e+04	5.745358e-01	1.099584e-04	3.700000e+00
1.0	7.580000e+02	4.096000e+04	5.745422e-01	1.045168e-04	3.700000e+00
1.0	8.760000e+02	4.096000e+04	5.745506e-01	1.213335e-04	3.700000e+00
1.0	1.024000e+03	4.096000e+04	5.745361e-01	1.177450e-04	3.700000e+00
1.0	1.280000e+03	4.096000e+04	5.745363e-01	1.194920e-04	3.700000e+00
1.0	1.536000e+03	4.096000e+04	5.745616e-01	1.553649e-04	3.700000e+00
1.0	1.280000e+02	4.096000e+04	5.984185e-01	9.939606e-05	3.900000e+00
1.0	2.560000e+02	4.096000e+04	5.984180e-01	9.610595e-05	3.900000e+00
1.0	3.840000e+02	4.096000e+04	5.984428e-01	1.154286e-04	3.900000e+00
1.0	5.120000e+02	4.096000e+04	5.984184e-01	9.486153e-05	3.900000e+00
1.0	6.400000e+02	4.096000e+04	5.984181e-01	1.129591e-04	3.900000e+00
1.0	7.580000e+02	4.096000e+04	5.984377e-01	1.066438e-04	3.900000e+00
1.0	8.760000e+02	4.096000e+04	5.984498e-01	1.203765e-04	3.900000e+00
1.0	1.024000e+03	4.096000e+04	5.984187e-01	8.108744e-05	3.900000e+00
1.0	1.280000e+03	4.096000e+04	5.984184e-01	7.502952e-05	3.900000e+00
1.0	1.536000e+03	4.096000e+04	5.984337e-01	8.377549e-05	3.900000e+00
1.0	1.280000e+02	4.096000e+04	6.195962e-01	7.762831e-05	4.100000e+00
1.0	2.560000e+02	4.096000e+04	6.195955e-01	7.966534e-05	4.100000e+00
1.0	3.840000e+02	4.096000e+04	6.195889e-01	8.230680e-05	4.100000e+00
1.0	5.120000e+02	4.096000e+04	6.195956e-01	7.578268e-05	4.100000e+00
1.0	6.400000e+02	4.096000e+04	6.195957e-01	5.769729e-05	4.100000e+00
1.0	7.580000e+02	4.096000e+04	6.195954e-01	8.715298e-05	4.100000e+00
1.0	8.760000e+02	4.096000e+04	6.196012e-01	8.564178e-05	4.100000e+00
1.0	1.024000e+03	4.096000e+04	6.195956e-01	7.438786e-05	4.100000e+00
1.0	1.280000e+03	4.096000e+04	6.195957e-01	5.516763e-05	4.100000e+00
1.0	1.536000e+03	4.096000e+04	6.196034e-01	7.072333e-05	4.100000e+00
1.0	1.280000e+02	4.096000e+04	6.385408e-01	8.596013e-05	4.300000e+00
1.0	2.560000e+02	4.096000e+04	6.385405e-01	8.830607e-05	4.300000e+00
1.0	3.840000e+02	4.096000e+04	6.385518e-01	8.583321e-05	4.300000e+00
1.0	5.120000e+02	4.096000e+04	6.385403e-01	7.582096e-05	4.300000e+00
1.0	6.400000e+02	4.096000e+04	6.385403e-01	8.275086e-05	4.300000e+00
1.0	7.580000e+02	4.096000e+04	6.385471e-01	7.039607e-05	4.300000e+00
1.0	8.760000e+02	4.096000e+04	6.385403e-01	7.129814e-05	4.300000e+00
1.0	1.024000e+03	4.096000e+04	6.385398e-01	7.038108e-05	4.300000e+00
1.0	1.280000e+03	4.096000e+04	6.385400e-01	4.397416e-05	4.300000e+00
1.0	1.536000e+03	4.096000e+04	6.385466e-01	4.423437e-05	4.300000e+00
1.0	1.280000e+02	4.096000e+04	6.556916e-01	9.205274e-05	4.500000e+00
1.0	2.560000e+02	4.096000e+04	6.556905e-01	1.018566e-04	4.500000e+00
1.0	3.840000e+02	4.096000e+04	6.556964e-01	1.081505e-04	4.500000e+00
1.0	5.120000e+02	4.096000e+04	6.556909e-01	1.106676e-04	4.500000e+00
1.0	6.400000e+02	4.096000e+04	6.556918e-01	9.621500e-05	4.500000e+00
1.0	7.580000e+02	4.096000e+04	6.556979e-01	1.070125e-04	4.500000e+00
1.0	8.760000e+02	4.096000e+04	6.556780e-01	8.625898e-05	4.500000e+00
1.0	1.024000e+03	4.096000e+04	6.556909e-01	1.006592e-04	4.500000e+00
1.0	1.280000e+03	4.096000e+04	6.556913e-01	8.406391e-05	4.500000e+00
1.0	1.536000e+03	4.096000e+04	6.556478e-01	9.897126e-05	4.500000e+00
1.0	1.280000e+02	4.096000e+04	6.984029e-01	8.148248e-05	5.100000e+00
1.0	2.560000e+02	4.096000e+04	6.984031e-01	7.406382e-05	5.100000e+00
1.0	3.840000e+02	4.096000e+04	6.984016e-01	7.342395e-05	5.100000e+00
1.0	5.120000e+02	4.096000e+04	6.984028e-01	8.317807e-05	5.100000e+00
1.0	6.400000e+02	4.096000e+04	6.984027e-01	5.930472e-05	5.100000e+00
1.0	7.580000e+02	4.096000e+04	6.983899e-01	6.526055e-05	5.100000e+00
1.0	8.760000e+02	4.096000e+04	6.983919e-01	6.009150e-05	5.100000e+00
1.0	1.024000e+03	4.096000e+04	6.984029e-01	5.508465e-05	5.100000e+00
1.0	1.280000e+03	4.096000e+04	6.984026e-01	6.841627e-05	5.100000e+00
1.0	1.536000e+03	4.096000e+04	6.983767e-01	6.240386e-05	5.100000e+00
1.0	1.280000e+02	4.096000e+04	7.315265e-01	8.079374e-05	5.700000e+00
1.0	2.560000e+02	4.096000e+04	7.315267e-01	9.067295e-05	5.700000e+00
1.0	3.840000e+02	4.096000e+04	7.315106e-01	9.688959e-05	5.700000e+00
1.0	5.120000e+02	4.096000e+04	7.315278e-01	9.576612e-05	5.700000e+00
1.0	6.400000e+02	4.096000e+04	7.315267e-01	1.086867e-04	5.700000e+00
1.0	7.580000e+02	4.096000e+04	7.315029e-01	9.939864e-05	5.700000e+00
1.0	8.760000e+02	4.096000e+04	7.315158e-01	1.044752e-04	5.700000e+00
1.0	1.024000e+03	4.096000e+04	7.315265e-01	1.010848e-04	5.700000e+00
1.0	1.280000e+03	4.096000e+04	7.315277e-01	1.224052e-04	5.700000e+00
1.0	1.536000e+03	4.096000e+04	7.314987e-01	1.252939e-04	5.700000e+00
1.0	1.280000e+02	4.096000e+04	7.579666e-01	7.044583e-05	6.300000e+00
1.0	2.560000e+02	4.096000e+04	7.579664e-01	7.164477e-05	6.300000e+00
1.0	3.840000e+02	4.096000e+04	7.579809e-01	7.950778e-05	6.300000e+00
1.0	5.120000e+02	4.096000e+04	7.579664e-01	8.483521e-05	6.300000e+00
1.0	6.400000e+02	4.096000e+04	7.579672e-01	7.318385e-05	6.300000e+00
1.0	7.580000e+02	4.096000e+04	7.580012e-01	6.835092e-05	6.300000e+00
1.0	8.760000e+02	4.096000e+04	7.580040e-01	7.991024e-05	6.300000e+00
1.0	1.024000e+03	4.096000e+04	7.579663e-01	5.684135e-05	6.300000e+00
1.0	1.280000e+03	4.096000e+04	7.579662e-01	4.891259e-05	6.300000e+00
1.0	1.536000e+03	4.096000e+04	7.579840e-01	7.223015e-05	6.300000e+00
1.0	1.280000e+02	4.096000e+04	7.795837e-01	6.491309e-05	6.900000e+00
1.0	2.560000e+02	4.096000e+04	7.795832e-01	5.856582e-05	6.900000e+00
1.0	3.840000e+02	4.096000e+04	7.795954e-01	5.142457e-05	6.900000e+00
1.0	5.120000e+02	4.096000e+04	7.795832e-01	6.357117e-05	6.900000e+00
1.0	6.400000e+02	4.096000e+04	7.795836e-01	6.413181e-05	6.900000e+00
1.0	7.580000e+02	4.096000e+04	7.795948e-01	4.997998e-05	6.900000e+00
1.0	8.760000e+02	4.096000e+04	7.795864e-01	7.092277e-05	6.900000e+00
1.0	1.024000e+03	4.096000e+04	7.795832e-01	5.820031e-05	6.900000e+00
1.0	1.280000e+03	4.096000e+04	7.795838e-01	4.470817e-05	6.900000e+00
1.0	1.536000e+03	4.096000e+04	7.795798e-01	6.993866e-05	6.900000e+00
1.0	1.280000e+02	4.096000e+04	7.976675e-01	5.738086e-05	7.500000e+00
1.0	2.560000e+02	4.096000e+04	7.976680e-01	6.289452e-05	7.500000e+00
1.0	3.840000e+02	4.096000e+04	7.976678e-01	5.224455e-05	7.500000e+00
1.0	5.120000e+02	4.096000e+04	7.976678e-01	4.932654e-05	7.500000e+00
1.0	6.400000e+02	4.096000e+04	7.976674e-01	5.550152e-05	7.500000e+00
1.0	7.580000e+02	4.096000e+04	7.976823e-01	5.254235e-05	7.500000e+00
1.0	8.760000e+02	4.096000e+04	7.976862e-01	4.804282e-05	7.500000e+00
1.0	1.024000e+03	4.096000e+04	7.976676e-01	4.555346e-05	7.500000e+00
1.0	1.280000e+03	4.096000e+04	7.976675e-01	5.300457e-05	7.500000e+00
1.0	1.536000e+03	4.096000e+04	7.976804e-01	5.369380e-05	7.500000e+00
1.0	1.280000e+02	4.096000e+04	8.129803e-01	5.143463e-05	8.100000e+00
1.0	2.560000e+02	4.096000e+04	8.129794e-01	5.030531e-05	8.100000e+00
1.0	3.840000e+02	4.096000e+04	8.129789e-01	4.827338e-05	8.100000e+00
1.0	5.120000e+02	4.096000e+04	8.129796e-01	5.045032e-05	8.100000e+00
1.0	6.400000e+02	4.096000e+04	8.129796e-01	4.308714e-05	8.100000e+00
1.0	7.580000e+02	4.096000e+04	8.129701e-01	4.786339e-05	8.100000e+00
1.0	8.760000e+02	4.096000e+04	8.129635e-01	4.960633e-05	8.100000e+00
1.0	1.024000e+03	4.096000e+04	8.129797e-01	4.419074e-05	8.100000e+00
1.0	1.280000e+03	4.096000e+04	8.129800e-01	3.322844e-05	8.100000e+00
1.0	1.536000e+03	4.096000e+04	8.129775e-01	4.751384e-05	8.100000e+00
1.0	1.280000e+02	4.096000e+04	8.259998e-01	5.154623e-05	8.700000e+00
1.0	2.560000e+02	4.096000e+04	8.259994e-01	5.586917e-05	8.700000e+00
1.0	3.840000e+02	4.096000e+04	8.259999e-01	5.866058e-05	8.700000e+00
1.0	5.120000e+02	4.096000e+04	8.259998e-01	6.033389e-05	8.700000e+00
1.0	6.400000e+02	4.096000e+04	8.259999e-01	4.723112e-05	8.700000e+00
1.0	7.580000e+02	4.096000e+04	8.259949e-01	6.694090e-05	8.700000e+00
1.0	8.760000e+02	4.096000e+04	8.260037e-01	4.728964e-05	8.700000e+00
1.0	1.024000e+03	4.096000e+04	8.260002e-01	4.552128e-05	8.700000e+00
1.0	1.280000e+03	4.096000e+04	8.259997e-01	3.055892e-05	8.700000e+00
1.0	1.536000e+03	4.096000e+04	8.260089e-01	5.967628e-05	8.700000e+00
1.0	1.280000e+02	4.096000e+04	8.375068e-01	5.675305e-05	9.300000e+00
1.0	2.560000e+02	4.096000e+04	8.375063e-01	6.059760e-05	9.300000e+00
1.0	3.840000e+02	4.096000e+04	8.375055e-01	6.991051e-05	9.300000e+00
1.0	5.120000e+02	4.096000e+04	8.375063e-01	6.166246e-05	9.300000e+00
1.0	6.400000e+02	4.096000e+04	8.375065e-01	6.983278e-05	9.300000e+00
1.0	7.580000e+02	4.096000e+04	8.374935e-01	6.657913e-05	9.300000e+00
1.0	8.760000e+02	4.096000e+04	8.374955e-01	7.069667e-05	9.300000e+00
1.0	1.024000e+03	4.096000e+04	8.375067e-01	7.275197e-05	9.300000e+00
1.0	1.280000e+03	4.096000e+04	8.375069e-01	5.956820e-05	9.300000e+00
1.0	1.536000e+03	4.096000e+04	8.374818e-01	6.652948e-05	9.300000e+00
1.0	1.280000e+02	4.096000e+04	8.474425e-01	5.573682e-05	9.900000e+00
1.0	2.560000e+02	4.096000e+04	8.474424e-01	5.351034e-05	9.900000e+00
1.0	3.840000e+02	4.096000e+04	8.474340e-01	4.269242e-05	9.900000e+00
1.0	5.120000e+02	4.096000e+04	8.474420e-01	5.617593e-05	9.900000e+00
1.0	6.400000e+02	4.096000e+04	8.474424e-01	5.454106e-05	9.900000e+00
1.0	7.580000e+02	4.096000e+04	8.474300e-01	4.197704e-05	9.900000e+00
1.0	8.760000e+02	4.096000e+04	8.474282e-01	5.465815e-05	9.900000e+00
1.0	1.024000e+03	4.096000e+04	8.474423e-01	5.483818e-05	9.900000e+00
1.0	1.280000e+03	4.096000e+04	8.474422e-01	5.917932e-05	9.900000e+00
1.0	1.536000e+03	4.096000e+04	8.474149e-01	4.073742e-05	9.900000e+00
1.0	1.280000e+02	4.096000e+04	8.491553e-01	5.072010e-05	1.001000e+01
1.0	2.560000e+02	4.096000e+04	8.491561e-01	5.422120e-05	1.001000e+01
1.0	3.840000e+02	4.096000e+04	8.491619e-01	5.119342e-05	1.001000e+01
1.0	5.120000e+02	4.096000e+04	8.491554e-01	4.471507e-05	1.001000e+01
1.0	6.400000e+02	4.096000e+04	8.491555e-01	4.165455e-05	1.001000e+01
1.0	7.580000e+02	4.096000e+04	8.491681e-01	4.309598e-05	1.001000e+01
1.0	8.760000e+02	4.096000e+04	8.491679e-01	4.212549e-05	1.001000e+01
1.0	1.024000e+03	4.096000e+04	8.491559e-01	3.633394e-05	1.001000e+01
1.0	1.280000e+03	4.096000e+04	8.491556e-01	4.345868e-05	1.001000e+01
1.0	1.536000e+03	4.096000e+04	8.491689e-01	5.689340e-05	1.001000e+01
1.0	1.280000e+02	4.096000e+04	8.745885e-01	4.415249e-05	1.201000e+01
1.0	2.560000e+02	4.096000e+04	8.745885e-01	4.828395e-05	1.201000e+01
1.0	3.840000e+02	4.096000e+04	8.745871e-01	4.381963e-05	1.201000e+01
1.0	5.120000e+02	4.096000e+04	8.745887e-01	4.096936e-05	1.201000e+01
1.0	6.400000e+02	4.096000e+04	8.745889e-01	4.711314e-05	1.201000e+01
1.0	7.580000e+02	4.096000e+04	8.745852e-01	5.205849e-05	1.201000e+01
1.0	8.760000e+02	4.096000e+04	8.745870e-01	5.809187e-05	1.201000e+01
1.0	1.024000e+03	4.096000e+04	8.745887e-01	3.760211e-05	1.201000e+01
1.0	1.280000e+03	4.096000e+04	8.745889e-01	5.275896e-05	1.201000e+01
1.0	1.536000e+03	4.096000e+04	8.745972e-01	4.563378e-05	1.201000e+01
1.0	1.280000e+02	4.096000e+04	8.925252e-01	4.219839e-05	1.401000e+01
1.0	2.560000e+02	4.096000e+04	8.925251e-01	4.266814e-05	1.401000e+01
1.0	3.840000e+02	4.096000e+04	8.925344e-01	4.464092e-05	1.401000e+01
1.0	5.120000e+02	4.096000e+04	8.925252e-01	3.700893e-05	1.401000e+01
1.0	6.400000e+02	4.096000e+04	8.925252e-01	3.323360e-05	1.401000e+01
1.0	7.580000e+02	4.096000e+04	8.925344e-01	3.301062e-05	1.401000e+01
1.0	8.760000e+02	4.096000e+04	8.925299e-01	3.666553e-05	1.401000e+01
1.0	1.024000e+03	4.096000e+04	8.925252e-01	2.897761e-05	1.401000e+01
1.0	1.280000e+03	4.096000e+04	8.925254e-01	3.387676e-05	1.401000e+01
1.0	1.536000e+03	4.096000e+04	8.925257e-01	2.518039e-05	1.401000e+01
1.0	1.280000e+02	4.096000e+04	9.060409e-01	3.389247e-05	1.601000e+01
1.0	2.560000e+02	4.096000e+04	9.060409e-01	3.558776e-05	1.601000e+01
1.0	3.840000e+02	4.096000e+04	9.060353e-01	3.834709e-05	1.601000e+01
1.0	5.120000e+02	4.096000e+04	9.060409e-01	3.504510e-05	1.601000e+01
1.0	6.400000e+02	4.096000e+04	9.060414e-01	3.081934e-05	1.601000e+01
1.0	7.580000e+02	4.096000e+04	9.060317e-01	2.990759e-05	1.601000e+01
1.0	8.760000e+02	4.096000e+04	9.060270e-01	3.557037e-05	1.601000e+01
1.0	1.024000e+03	4.096000e+04	9.060409e-01	3.102070e-05	1.601000e+01
1.0	1.280000e+03	4.096000e+04	9.060411e-01	2.502975e-05	1.601000e+01
1.0	1.536000e+03	4.096000e+04	9.060382e-01	3.472716e-05	1.601000e+01
1.0	1.280000e+02	4.096000e+04	9.165274e-01	4.034259e-05	1.801000e+01
1.0	2.560000e+02	4.096000e+04	9.165271e-01	4.288735e-05	1.801000e+01
1.0	3.840000e+02	4.096000e+04	9.165121e-01	3.579314e-05	1.801000e+01
1.0	5.120000e+02	4.096000e+04	9.165267e-01	3.715654e-05	1.801000e+01
1.0	6.400000e+02	4.096000e+04	9.165276e-01	3.783631e-05	1.801000e+01
1.0	7.580000e+02	4.096000e+04	9.165181e-01	3.288633e-05	1.801000e+01
1.0	8.760000e+02	4.096000e+04	9.165160e-01	3.122236e-05	1.801000e+01
1.0	1.024000e+03	4.096000e+04	9.165269e-01	4.058739e-05	1.801000e+01
1.0	1.280000e+03	4.096000e+04	9.165275e-01	4.047263e-05	1.801000e+01
1.0	1.536000e+03	4.096000e+04	9.165031e-01	2.446980e-05	1.801000e+01
1.0	1.280000e+02	4.096000e+04	9.248922e-01	3.492826e-05	2.000536e+01
1.0	2.560000e+02	4.096000e+04	9.248924e-01	3.902824e-05	2.000536e+01
1.0	3.840000e+02	4.096000e+04	9.248903e-01	3.311011e-05	2.000536e+01
1.0	5.120000e+02	4.096000e+04	9.248924e-01	3.643404e-05	2.000536e+01
1.0	6.400000e+02	4.096000e+04	9.248924e-01	3.558345e-05	2.000536e+01
1.0	7.580000e+02	4.096000e+04	9.248852e-01	2.919394e-05	2.000536e+01
1.0	8.760000e+02	4.096000e+04	9.248837e-01	3.808072e-05	2.000536e+01
1.0	1.024000e+03	4.096000e+04	9.248927e-01	3.727093e-05	2.000536e+01
1.0	1.280000e+03	4.096000e+04	9.248924e-01	3.988441e-05	2.000536e+01
1.0	1.536000e+03	4.096000e+04	9.248801e-01	2.484731e-05	2.000536e+01
1.0	1.280000e+02	4.096000e+04	9.455203e-01	2.715966e-05	2.754993e+01
1.0	2.560000e+02	4.096000e+04	9.455204e-01	2.483968e-05	2.754993e+01
1.0	3.840000e+02	4.096000e+04	9.455263e-01	2.458241e-05	2.754993e+01
1.0	5.120000e+02	4.096000e+04	9.455205e-01	2.221594e-05	2.754993e+01
1.0	6.400000e+02	4.096000e+04	9.455204e-01	1.824633e-05	2.754993e+01
1.0	7.580000e+02	4.096000e+04	9.455261e-01	2.110563e-05	2.754993e+01
1.0	8.760000e+02	4.096000e+04	9.455220e-01	2.164390e-05	2.754993e+01
1.0	1.024000e+03	4.096000e+04	9.455205e-01	2.496860e-05	2.754993e+01
1.0	1.280000e+03	4.096000e+04	9.455205e-01	1.442433e-05	2.754993e+01
1.0	1.536000e+03	4.096000e+04	9.455200e-01	1.284513e-05	2.754993e+01
1.0	1.280000e+02	4.096000e+04	9.604481e-01	2.659854e-05	3.793977e+01
1.0	2.560000e+02	4.096000e+04	9.604481e-01	2.772402e-05	3.793977e+01
1.0	3.840000e+02	4.096000e+04	9.604523e-01	2.528703e-05	3.793977e+01
1.0	5.120000e+02	4.096000e+04	9.604481e-01	2.822424e-05	3.793977e+01
1.0	6.400000e+02	4.096000e+04	9.604479e-01	2.188841e-05	3.793977e+01
1.0	7.580000e+02	4.096000e+04	9.604534e-01	1.648906e-05	3.793977e+01
1.0	8.760000e+02	4.096000e+04	9.604528e-01	1.970416e-05	3.793977e+01
1.0	1.024000e+03	4.096000e+04	9.604479e-01	1.978461e-05	3.793977e+01
1.0	1.280000e+03	4.096000e+04	9.604481e-01	2.024082e-05	3.793977e+01
1.0	1.536000e+03	4.096000e+04	9.604488e-01	2.104703e-05	3.793977e+01
1.0	1.280000e+02	4.096000e+04	9.712547e-01	2.088151e-05	5.224792e+01
1.0	2.560000e+02	4.096000e+04	9.712547e-01	2.262642e-05	5.224792e+01
1.0	3.840000e+02	4.096000e+04	9.712575e-01	1.845174e-05	5.224792e+01
1.0	5.120000e+02	4.096000e+04	9.712548e-01	2.135240e-05	5.224792e+01
1.0	6.400000e+02	4.096000e+04	9.712547e-01	1.905136e-05	5.224792e+01
1.0	7.580000e+02	4.096000e+04	9.712545e-01	1.855618e-05	5.224792e+01
1.0	8.760000e+02	4.096000e+04	9.712589e-01	1.597798e-05	5.224792e+01
1.0	1.024000e+03	4.096000e+04	9.712547e-01	1.475437e-05	5.224792e+01
1.0	1.280000e+03	4.096000e+04	9.712547e-01	1.400534e-05	5.224792e+01
1.0	1.536000e+03	4.096000e+04	9.712650e-01	1.397625e-05	5.224792e+01
1.0	1.280000e+02	4.096000e+04	9.791370e-01	1.769640e-05	7.195206e+01
1.0	2.560000e+02	4.096000e+04	9.791369e-01	1.863507e-05	7.195206e+01
1.0	3.840000e+02	4.096000e+04	9.791377e-01	1.585160e-05	7.195206e+01
1.0	5.120000e+02	4.096000e+04	9.791370e-01	1.584209e-05	7.195206e+01
1.0	6.400000e+02	4.096000e+04	9.791369e-01	1.226174e-05	7.195206e+01
1.0	7.580000e+02	4.096000e+04	9.791370e-01	1.641937e-05	7.195206e+01
1.0	8.760000e+02	4.096000e+04	9.791387e-01	1.477719e-05	7.195206e+01
1.0	1.024000e+03	4.096000e+04	9.791369e-01	1.499902e-05	7.195206e+01
1.0	1.280000e+03	4.096000e+04	9.791370e-01	4.969867e-06	7.195206e+01
1.0	1.536000e+03	4.096000e+04	9.791341e-01	7.977292e-06	7.195206e+01
1.0	1.280000e+02	4.096000e+04	9.849731e-01	1.582815e-05	9.998298e+01
1.0	2.560000e+02	4.096000e+04	9.849731e-01	1.576394e-05	9.998298e+01
1.0	3.840000e+02	4.096000e+04	9.849753e-01	1.208239e-05	9.998298e+01
1.0	5.120000e+02	4.096000e+04	9.849730e-01	1.261616e-05	9.998298e+01
1.0	6.400000e+02	4.096000e+04	9.849730e-01	1.119391e-05	9.998298e+01
1.0	7.580000e+02	4.096000e+04	9.849742e-01	1.447059e-05	9.998298e+01
1.0	8.760000e+02	4.096000e+04	9.849750e-01	1.131623e-05	9.998298e+01
1.0	1.024000e+03	4.096000e+04	9.849730e-01	9.770327e-06	9.998298e+01
1.0	1.280000e+03	4.096000e+04	9.849730e-01	9.811004e-06	9.998298e+01
1.0	1.536000e+03	4.096000e+04	9.849756e-01	1.375354e-05	9.998298e+01
1.0	1.280000e+02	4.096000e+04	9.905298e-01	1.132200e-05	1.583804e+02
1.0	2.560000e+02	4.096000e+04	9.905299e-01	1.076966e-05	1.583804e+02
1.0	3.840000e+02	4.096000e+04	9.905306e-01	1.206624e-05	1.583804e+02
1.0	5.120000e+02	4.096000e+04	9.905298e-01	1.233383e-05	1.583804e+02
1.0	6.400000e+02	4.096000e+04	9.905299e-01	1.159504e-05	1.583804e+02
1.0	7.580000e+02	4.096000e+04	9.905307e-01	1.298561e-05	1.583804e+02
1.0	8.760000e+02	4.096000e+04	9.905312e-01	1.354584e-05	1.583804e+02
1.0	1.024000e+03	4.096000e+04	9.905299e-01	1.188954e-05	1.583804e+02
1.0	1.280000e+03	4.096000e+04	9.905298e-01	1.304414e-05	1.583804e+02
1.0	1.536000e+03	4.096000e+04	9.905340e-01	1.420623e-05	1.583804e+02
1.0	1.280000e+02	4.096000e+04	9.940242e-01	9.476086e-06	2.508863e+02
1.0	2.560000e+02	4.096000e+04	9.940240e-01	1.003071e-05	2.508863e+02
1.0	3.840000e+02	4.096000e+04	9.940248e-01	1.063201e-05	2.508863e+02
1.0	5.120000e+02	4.096000e+04	9.940241e-01	1.079747e-05	2.508863e+02
1.0	6.400000e+02	4.096000e+04	9.940241e-01	9.135380e-06	2.508863e+02
1.0	7.580000e+02	4.096000e+04	9.940265e-01	1.030675e-05	2.508863e+02
1.0	8.760000e+02	4.096000e+04	9.940272e-01	9.572536e-06	2.508863e+02
1.0	1.024000e+03	4.096000e+04	9.940241e-01	1.330372e-05	2.508863e+02
1.0	1.280000e+03	4.096000e+04	9.940241e-01	1.026499e-05	2.508863e+02
1.0	1.536000e+03	4.096000e+04	9.940328e-01	9.012070e-06	2.508863e+02
1.0	1.280000e+02	4.096000e+04	9.962084e-01	6.644023e-06	3.974225e+02
1.0	2.560000e+02	4.096000e+04	9.962083e-01	5.870873e-06	3.974225e+02
1.0	3.840000e+02	4.096000e+04	9.962093e-01	5.534175e-06	3.974225e+02
1.0	5.120000e+02	4.096000e+04	9.962084e-01	4.981005e-06	3.974225e+02
1.0	6.400000e+02	4.096000e+04	9.962084e-01	5.726534e-06	3.974225e+02
1.0	7.580000e+02	4.096000e+04	9.962079e-01	6.133559e-06	3.974225e+02
1.0	8.760000e+02	4.096000e+04	9.962075e-01	5.349550e-06	3.974225e+02
1.0	1.024000e+03	4.096000e+04	9.962084e-01	4.599783e-06	3.974225e+02
1.0	1.280000e+03	4.096000e+04	9.962084e-01	6.650491e-06	3.974225e+02
1.0	1.536000e+03	4.096000e+04	9.962089e-01	6.664732e-06	3.974225e+02
1.0	1.280000e+02	4.096000e+04	9.976096e-01	5.384291e-06	6.295467e+02
1.0	2.560000e+02	4.096000e+04	9.976095e-01	6.218809e-06	6.295467e+02
1.0	3.840000e+02	4.096000e+04	9.976113e-01	5.941953e-06	6.295467e+02
1.0	5.120000e+02	4.096000e+04	9.976095e-01	7.161392e-06	6.295467e+02
1.0	6.400000e+02	4.096000e+04	9.976095e-01	6.153528e-06	6.295467e+02
1.0	7.580000e+02	4.096000e+04	9.976108e-01	5.329380e-06	6.295467e+02
1.0	8.760000e+02	4.096000e+04	9.976103e-01	7.237890e-06	6.295467e+02
1.0	1.024000e+03	4.096000e+04	9.976095e-01	4.919183e-06	6.295467e+02
1.0	1.280000e+03	4.096000e+04	9.976095e-01	5.523104e-06	6.295467e+02
1.0	1.536000e+03	4.096000e+04	9.976090e-01	6.852463e-06	6.295467e+02
1.0	1.280000e+02	4.096000e+04	9.985036e-01	4.811360e-06	9.992450e+02
1.0	2.560000e+02	4.096000e+04	9.985036e-01	5.344252e-06	9.992450e+02
1.0	3.840000e+02	4.096000e+04	9.985031e-01	5.863561e-06	9.992450e+02
1.0	5.120000e+02	4.096000e+04	9.985036e-01	5.148998e-06	9.992450e+02
1.0	6.400000e+02	4.096000e+04	9.985036e-01	5.170373e-06	9.992450e+02
1.0	7.580000e+02	4.096000e+04	9.985029e-01	6.162541e-06	9.992450e+02
1.0	8.760000e+02	4.096000e+04	9.985044e-01	6.767668e-06	9.992450e+02
1.0	1.024000e+03	4.096000e+04	9.985036e-01	6.075155e-06	9.992450e+02
1.0	1.280000e+03	4.096000e+04	9.985036e-01	5.870972e-06	9.992450e+02
1.0	1.536000e+03	4.096000e+04	9.985033e-01	5.281683e-06	9.992450e+02
1.0	1.280000e+02	4.096000e+04	9.990507e-01	3.018106e-06	1.582878e+03
1.0	2.560000e+02	4.096000e+04	9.990507e-01	2.861581e-06	1.582878e+03
1.0	3.840000e+02	4.096000e+04	9.990505e-01	2.875099e-06	1.582878e+03
1.0	5.120000e+02	4.096000e+04	9.990507e-01	2.683672e-06	1.582878e+03
1.0	6.400000e+02	4.096000e+04	9.990507e-01	3.277350e-06	1.582878e+03
1.0	7.580000e+02	4.096000e+04	9.990501e-01	3.203110e-06	1.582878e+03
1.0	8.760000e+02	4.096000e+04	9.990511e-01	2.112576e-06	1.582878e+03
1.0	1.024000e+03	4.096000e+04	9.990507e-01	2.039216e-06	1.582878e+03
1.0	1.280000e+03	4.096000e+04	9.990507e-01	2.654172e-06	1.582878e+03
1.0	1.536000e+03	4.096000e+04	9.990511e-01	2.637424e-06	1.582878e+03
1.0	1.280000e+02	4.096000e+04	9.994022e-01	2.318469e-06	2.507396e+03
1.0	2.560000e+02	4.096000e+04	9.994022e-01	2.492709e-06	2.507396e+03
1.0	3.840000e+02	4.096000e+04	9.994022e-01	2.365424e-06	2.507396e+03
1.0	5.120000e+02	4.096000e+04	9.994022e-01	2.659288e-06	2.507396e+03
1.0	6.400000e+02	4.096000e+04	9.994022e-01	2.538796e-06	2.507396e+03
1.0	7.580000e+02	4.096000e+04	9.994020e-01	2.658116e-06	2.507396e+03
1.0	8.760000e+02	4.096000e+04	9.994021e-01	2.572810e-06	2.507396e+03
1.0	1.024000e+03	4.096000e+04	9.994022e-01	2.828861e-06	2.507396e+03
1.0	1.280000e+03	4.096000e+04	9.994022e-01	2.311242e-06	2.507396e+03
1.0	1.536000e+03	4.096000e+04	9.994005e-01	2.097708e-06	2.507396e+03
1.0	1.280000e+02	4.096000e+04	9.996197e-01	1.731599e-06	3.971901e+03
1.0	2.560000e+02	4.096000e+04	9.996197e-01	1.571145e-06	3.971901e+03
1.0	3.840000e+02	4.096000e+04	9.996197e-01	1.704639e-06	3.971901e+03
1.0	5.120000e+02	4.096000e+04	9.996197e-01	1.528579e-06	3.971901e+03
1.0	6.400000e+02	4.096000e+04	9.996197e-01	1.134332e-06	3.971901e+03
1.0	7.580000e+02	4.096000e+04	9.996200e-01	1.275414e-06	3.971901e+03
1.0	8.760000e+02	4.096000e+04	9.996196e-01	1.234537e-06	3.971901e+03
1.0	1.024000e+03	4.096000e+04	9.996197e-01	1.542264e-06	3.971901e+03
1.0	1.280000e+03	4.096000e+04	9.996197e-01	1.153083e-06	3.971901e+03
1.0	1.536000e+03	4.096000e+04	9.996196e-01	1.064191e-06	3.971901e+03
1.0	1.280000e+02	4.096000e+04	9.997628e-01	1.562410e-06	6.291784e+03
1.0	2.560000e+02	4.096000e+04	9.997628e-01	1.674115e-06	6.291784e+03
1.0	3.840000e+02	4.096000e+04	9.997628e-01	1.718362e-06	6.291784e+03
1.0	5.120000e+02	4.096000e+04	9.997628e-01	1.837961e-06	6.291784e+03
1.0	6.400000e+02	4.096000e+04	9.997628e-01	1.396895e-06	6.291784e+03
1.0	7.580000e+02	4.096000e+04	9.997628e-01	1.637370e-06	6.291784e+03
1.0	8.760000e+02	4.096000e+04	9.997626e-01	1.669949e-06	6.291784e+03
1.0	1.024000e+03	4.096000e+04	9.997628e-01	1.718003e-06	6.291784e+03
1.0	1.280000e+03	4.096000e+04	9.997628e-01	1.773242e-06	6.291784e+03
1.0	1.536000e+03	4.096000e+04	9.997629e-01	2.094936e-06	6.291784e+03
