1.0	1.280000e+02	4.096000e+04	1.000000e+00	0.000000e+00	2.000000e-02
1.0	2.560000e+02	4.096000e+04	1.000000e+00	0.000000e+00	2.000000e-02
1.0	3.840000e+02	4.096000e+04	1.000000e+00	0.000000e+00	2.000000e-02
1.0	5.120000e+02	4.096000e+04	1.000000e+00	0.000000e+00	2.000000e-02
1.0	6.400000e+02	4.096000e+04	1.000000e+00	0.000000e+00	2.000000e-02
1.0	7.580000e+02	4.096000e+04	1.000000e+00	0.000000e+00	2.000000e-02
1.0	8.760000e+02	4.096000e+04	1.000000e+00	0.000000e+00	2.000000e-02
1.0	1.024000e+03	4.096000e+04	1.000000e+00	0.000000e+00	2.000000e-02
1.0	1.280000e+03	4.096000e+04	1.000000e+00	0.000000e+00	2.000000e-02
1.0	1.536000e+03	4.096000e+04	1.000000e+00	0.000000e+00	2.000000e-02
1.0	1.280000e+02	4.096000e+04	1.000000e+00	0.000000e+00	2.200000e-01
1.0	2.560000e+02	4.096000e+04	1.000000e+00	0.000000e+00	2.200000e-01
1.0	3.840000e+02	4.096000e+04	1.000000e+00	0.000000e+00	2.200000e-01
1.0	5.120000e+02	4.096000e+04	1.000000e+00	0.000000e+00	2.200000e-01
1.0	6.400000e+02	4.096000e+04	1.000000e+00	0.000000e+00	2.200000e-01
1.0	7.580000e+02	4.096000e+04	1.000000e+00	0.000000e+00	2.200000e-01
1.0	8.760000e+02	4.096000e+04	1.000000e+00	0.000000e+00	2.200000e-01
1.0	1.024000e+03	4.096000e+04	1.000000e+00	0.000000e+00	2.200000e-01
1.0	1.280000e+03	4.096000e+04	1.000000e+00	0.000000e+00	2.200000e-01
1.0	1.536000e+03	4.096000e+04	1.000000e+00	0.000000e+00	2.200000e-01
1.0	1.280000e+02	4.096000e+04	1.000000e+00	0.000000e+00	4.200000e-01
1.0	2.560000e+02	4.096000e+04	1.000000e+00	0.000000e+00	4.200000e-01
1.0	3.840000e+02	4.096000e+04	1.000000e+00	0.000000e+00	4.200000e-01
1.0	5.120000e+02	4.096000e+04	1.000000e+00	0.000000e+00	4.200000e-01
1.0	6.400000e+02	4.096000e+04	1.000000e+00	0.000000e+00	4.200000e-01
1.0	7.580000e+02	4.096000e+04	1.000000e+00	0.000000e+00	4.200000e-01
1.0	8.760000e+02	4.096000e+04	1.000000e+00	0.000000e+00	4.200000e-01
1.0	1.024000e+03	4.096000e+04	1.000000e+00	0.000000e+00	4.200000e-01
1.0	1.280000e+03	4.096000e+04	1.000000e+00	0.000000e+00	4.200000e-01
1.0	1.536000e+03	4.096000e+04	1.000000e+00	0.000000e+00	4.200000e-01
1.0	1.280000e+02	4.096000e+04	9.999949e-01	2.735275e-07	6.200000e-01
1.0	2.560000e+02	4.096000e+04	9.999949e-01	2.594111e-07	6.200000e-01
1.0	3.840000e+02	4.096000e+04	9.999949e-01	2.199966e-07	6.200000e-01
1.0	5.120000e+02	4.096000e+04	9.999949e-01	2.175136e-07	6.200000e-01
1.0	6.400000e+02	4.096000e+04	9.999949e-01	1.956256e-07	6.200000e-01
1.0	7.580000e+02	4.096000e+04	9.999949e-01	1.811288e-07	6.200000e-01
1.0	8.760000e+02	4.096000e+04	9.999949e-01	1.906122e-07	6.200000e-01
1.0	1.024000e+03	4.096000e+04	9.999949e-01	1.870082e-07	6.200000e-01
1.0	1.280000e+03	4.096000e+04	9.999949e-01	1.479283e-07	6.200000e-01
1.0	1.536000e+03	4.096000e+04	9.999949e-01	2.422522e-07	6.200000e-01
1.0	1.280000e+02	4.096000e+04	9.998810e-01	1.556904e-06	8.200000e-01
1.0	2.560000e+02	4.096000e+04	9.998810e-01	1.651642e-06	8.200000e-01
1.0	3.840000e+02	4.096000e+04	9.998809e-01	1.491447e-06	8.200000e-01
1.0	5.120000e+02	4.096000e+04	9.998809e-01	1.478920e-06	8.200000e-01
1.0	6.400000e+02	4.096000e+04	9.998809e-01	1.465179e-06	8.200000e-01
1.0	7.580000e+02	4.096000e+04	9.998807e-01	1.369636e-06	8.200000e-01
1.0	8.760000e+02	4.096000e+04	9.998807e-01	1.270529e-06	8.200000e-01
1.0	1.024000e+03	4.096000e+04	9.998810e-01	1.394246e-06	8.200000e-01
1.0	1.280000e+03	4.096000e+04	9.998809e-01	1.356079e-06	8.200000e-01
1.0	1.536000e+03	4.096000e+04	9.998804e-01	1.476876e-06	8.200000e-01
1.0	1.280000e+02	4.096000e+04	9.992803e-01	4.397195e-06	1.000000e+00
1.0	2.560000e+02	4.096000e+04	9.992803e-01	4.563438e-06	1.000000e+00
1.0	3.840000e+02	4.096000e+04	9.992815e-01	4.445881e-06	1.000000e+00
1.0	5.120000e+02	4.096000e+04	9.992803e-01	3.596239e-06	1.000000e+00
1.0	6.400000e+02	4.096000e+04	9.992803e-01	3.988094e-06	1.000000e+00
1.0	7.580000e+02	4.096000e+04	9.992818e-01	4.057092e-06	1.000000e+00
1.0	8.760000e+02	4.096000e+04	9.992800e-01	3.823000e-06	1.000000e+00
1.0	1.024000e+03	4.096000e+04	9.992803e-01	3.970880e-06	1.000000e+00
1.0	1.280000e+03	4.096000e+04	9.992803e-01	4.287517e-06	1.000000e+00
1.0	1.536000e+03	4.096000e+04	9.992814e-01	4.027582e-06	1.000000e+00
1.0	1.280000e+02	4.096000e+04	9.984487e-01	5.417373e-06	1.100000e+00
1.0	2.560000e+02	4.096000e+04	9.984487e-01	6.091568e-06	1.100000e+00
1.0	3.840000e+02	4.096000e+04	9.984487e-01	6.502013e-06	1.100000e+00
1.0	5.120000e+02	4.096000e+04	9.984487e-01	5.927092e-06	1.100000e+00
1.0	6.400000e+02	4.096000e+04	9.984487e-01	4.778153e-06	1.100000e+00
1.0	7.580000e+02	4.096000e+04	9.984484e-01	7.684784e-06	1.100000e+00
1.0	8.760000e+02	4.096000e+04	9.984478e-01	5.958801e-06	1.100000e+00
1.0	1.024000e+03	4.096000e+04	9.984488e-01	6.927858e-06	1.100000e+00
1.0	1.280000e+03	4.096000e+04	9.984487e-01	5.583172e-06	1.100000e+00
1.0	1.536000e+03	4.096000e+04	9.984457e-01	4.601112e-06	1.100000e+00
1.0	1.280000e+02	4.096000e+04	9.970379e-01	9.245794e-06	1.200000e+00
1.0	2.560000e+02	4.096000e+04	9.970379e-01	8.756662e-06	1.200000e+00
1.0	3.840000e+02	4.096000e+04	9.970375e-01	8.516270e-06	1.200000e+00
1.0	5.120000e+02	4.096000e+04	9.970379e-01	8.417566e-06	1.200000e+00
1.0	6.400000e+02	4.096000e+04	9.970380e-01	9.589708e-06	1.200000e+00
1.0	7.580000e+02	4.096000e+04	9.970376e-01	9.486879e-06	1.200000e+00
1.0	8.760000e+02	4.096000e+04	9.970389e-01	8.352040e-06	1.200000e+00
1.0	1.024000e+03	4.096000e+04	9.970379e-01	6.747630e-06	1.200000e+00
1.0	1.280000e+03	4.096000e+04	9.970380e-01	9.732683e-06	1.200000e+00
1.0	1.536000e+03	4.096000e+04	9.970359e-01	1.045644e-05	1.200000e+00
1.0	1.280000e+02	4.096000e+04	9.947823e-01	1.273654e-05	1.300000e+00
1.0	2.560000e+02	4.096000e+04	9.947823e-01	1.096328e-05	1.300000e+00
1.0	3.840000e+02	4.096000e+04	9.947789e-01	1.179878e-05	1.300000e+00
1.0	5.120000e+02	4.096000e+04	9.947822e-01	9.662932e-06	1.300000e+00
1.0	6.400000e+02	4.096000e+04	9.947823e-01	1.158006e-05	1.300000e+00
1.0	7.580000e+02	4.096000e+04	9.947782e-01	1.081489e-05	1.300000e+00
1.0	8.760000e+02	4.096000e+04	9.947828e-01	9.980193e-06	1.300000e+00
1.0	1.024000e+03	4.096000e+04	9.947822e-01	9.479406e-06	1.300000e+00
1.0	1.280000e+03	4.096000e+04	9.947822e-01	1.055735e-05	1.300000e+00
1.0	1.536000e+03	4.096000e+04	9.947841e-01	8.998185e-06	1.300000e+00
1.0	1.280000e+02	4.096000e+04	9.913558e-01	1.705658e-05	1.400000e+00
1.0	2.560000e+02	4.096000e+04	9.913555e-01	1.654987e-05	1.400000e+00
1.0	3.840000e+02	4.096000e+04	9.913588e-01	1.746728e-05	1.400000e+00
1.0	5.120000e+02	4.096000e+04	9.913558e-01	1.475530e-05	1.400000e+00
1.0	6.400000e+02	4.096000e+04	9.913557e-01	1.627126e-05	1.400000e+00
1.0	7.580000e+02	4.096000e+04	9.913614e-01	1.342742e-05	1.400000e+00
1.0	8.760000e+02	4.096000e+04	9.913628e-01	1.877938e-05	1.400000e+00
1.0	1.024000e+03	4.096000e+04	9.913558e-01	1.581160e-05	1.400000e+00
1.0	1.280000e+03	4.096000e+04	9.913557e-01	1.362741e-05	1.400000e+00
1.0	1.536000e+03	4.096000e+04	9.913619e-01	1.657484e-05	1.400000e+00
1.0	1.280000e+02	4.096000e+04	9.865257e-01	2.296389e-05	1.500000e+00
1.0	2.560000e+02	4.096000e+04	9.865257e-01	2.189286e-05	1.500000e+00
1.0	3.840000e+02	4.096000e+04	9.865285e-01	2.348518e-05	1.500000e+00
1.0	5.120000e+02	4.096000e+04	9.865256e-01	2.105279e-05	1.500000e+00
1.0	6.400000e+02	4.096000e+04	9.865257e-01	2.003322e-05	1.500000e+00
1.0	7.580000e+02	4.096000e+04	9.865315e-01	2.565630e-05	1.500000e+00
1.0	8.760000e+02	4.096000e+04	9.865309e-01	2.746947e-05	1.500000e+00
1.0	1.024000e+03	4.096000e+04	9.865256e-01	1.798580e-05	1.500000e+00
1.0	1.280000e+03	4.096000e+04	9.865257e-01	1.299005e-05	1.500000e+00
1.0	1.536000e+03	4.096000e+04	9.865292e-01	1.970419e-05	1.500000e+00
1.0	1.280000e+02	4.096000e+04	9.796236e-01	3.228422e-05	1.600000e+00
1.0	2.560000e+02	4.096000e+04	9.796234e-01	3.692007e-05	1.600000e+00
1.0	3.840000e+02	4.096000e+04	9.796217e-01	3.700785e-05	1.600000e+00
1.0	5.120000e+02	4.096000e+04	9.796238e-01	3.419685e-05	1.600000e+00
1.0	6.400000e+02	4.096000e+04	9.796238e-01	3.065096e-05	1.600000e+00
1.0	7.580000e+02	4.096000e+04	9.796180e-01	3.649175e-05	1.600000e+00
1.0	8.760000e+02	4.096000e+04	9.796201e-01	5.300775e-05	1.600000e+00
1.0	1.024000e+03	4.096000e+04	9.796235e-01	3.142058e-05	1.600000e+00
1.0	1.280000e+03	4.096000e+04	9.796239e-01	3.025226e-05	1.600000e+00
1.0	1.536000e+03	4.096000e+04	9.796363e-01	3.806573e-05	1.600000e+00
1.0	1.280000e+02	4.096000e+04	9.700781e-01	5.147899e-05	1.700000e+00
1.0	2.560000e+02	4.096000e+04	9.700778e-01	5.442674e-05	1.700000e+00
1.0	3.840000e+02	4.096000e+04	9.700893e-01	5.369604e-05	1.700000e+00
1.0	5.120000e+02	4.096000e+04	9.700771e-01	5.752465e-05	1.700000e+00
1.0	6.400000e+02	4.096000e+04	9.700785e-01	4.846240e-05	1.700000e+00
1.0	7.580000e+02	4.096000e+04	9.700961e-01	5.583395e-05	1.700000e+00
1.0	8.760000e+02	4.096000e+04	9.700934e-01	4.708938e-05	1.700000e+00
1.0	1.024000e+03	4.096000e+04	9.700778e-01	4.146594e-05	1.700000e+00
1.0	1.280000e+03	4.096000e+04	9.700780e-01	4.286422e-05	1.700000e+00
1.0	1.536000e+03	4.096000e+04	9.700839e-01	4.301109e-05	1.700000e+00
1.0	1.280000e+02	4.096000e+04	9.568016e-01	7.353166e-05	1.800000e+00
1.0	2.560000e+02	4.096000e+04	9.568006e-01	6.446524e-05	1.800000e+00
1.0	3.840000e+02	4.096000e+04	9.567951e-01	5.800457e-05	1.800000e+00
1.0	5.120000e+02	4.096000e+04	9.568014e-01	6.313317e-05	1.800000e+00
1.0	6.400000e+02	4.096000e+04	9.568005e-01	5.946789e-05	1.800000e+00
1.0	7.580000e+02	4.096000e+04	9.568118e-01	4.884515e-05	1.800000e+00
1.0	8.760000e+02	4.096000e+04	9.568021e-01	6.941695e-05	1.800000e+00
1.0	1.024000e+03	4.096000e+04	9.568015e-01	5.957191e-05	1.800000e+00
1.0	1.280000e+03	4.096000e+04	9.568009e-01	5.799845e-05	1.800000e+00
1.0	1.536000e+03	4.096000e+04	9.567983e-01	5.906091e-05	1.800000e+00
1.0	1.280000e+02	4.096000e+04	9.381631e-01	1.131255e-04	1.900000e+00
1.0	2.560000e+02	4.096000e+04	9.381628e-01	9.227718e-05	1.900000e+00
1.0	3.840000e+02	4.096000e+04	9.381714e-01	8.279001e-05	1.900000e+00
1.0	5.120000e+02	4.096000e+04	9.381627e-01	9.124461e-05	1.900000e+00
1.0	6.400000e+02	4.096000e+04	9.381625e-01	8.688174e-05	1.900000e+00
1.0	7.580000e+02	4.096000e+04	9.381573e-01	8.981993e-05	1.900000e+00
1.0	8.760000e+02	4.096000e+04	9.381600e-01	6.006510e-05	1.900000e+00
1.0	1.024000e+03	4.096000e+04	9.381632e-01	7.118149e-05	1.900000e+00
1.0	1.280000e+03	4.096000e+04	9.381629e-01	4.864866e-05	1.900000e+00
1.0	1.536000e+03	4.096000e+04	9.381835e-01	4.847656e-05	1.900000e+00
1.0	1.280000e+02	4.096000e+04	9.113193e-01	2.168954e-04	2.000000e+00
1.0	2.560000e+02	4.096000e+04	9.113223e-01	2.075462e-04	2.000000e+00
1.0	3.840000e+02	4.096000e+04	9.113478e-01	2.148478e-04	2.000000e+00
1.0	5.120000e+02	4.096000e+04	9.113221e-01	1.945705e-04	2.000000e+00
1.0	6.400000e+02	4.096000e+04	9.113210e-01	1.965467e-04	2.000000e+00
1.0	7.580000e+02	4.096000e+04	9.113609e-01	1.853781e-04	2.000000e+00
1.0	8.760000e+02	4.096000e+04	9.113447e-01	1.636982e-04	2.000000e+00
1.0	1.024000e+03	4.096000e+04	9.113208e-01	1.652488e-04	2.000000e+00
1.0	1.280000e+03	4.096000e+04	9.113224e-01	2.552514e-04	2.000000e+00
1.0	1.536000e+03	4.096000e+04	9.113624e-01	2.879103e-04	2.000000e+00
1.0	1.280000e+02	4.096000e+04	8.691546e-01	4.487573e-04	2.100000e+00
1.0	2.560000e+02	4.096000e+04	8.691565e-01	4.853223e-04	2.100000e+00
1.0	3.840000e+02	4.096000e+04	8.691565e-01	5.244283e-04	2.100000e+00
1.0	5.120000e+02	4.096000e+04	8.691554e-01	5.251224e-04	2.100000e+00
1.0	6.400000e+02	4.096000e+04	8.691553e-01	6.291547e-04	2.100000e+00
1.0	7.580000e+02	4.096000e+04	8.691491e-01	6.480976e-04	2.100000e+00
1.0	8.760000e+02	4.096000e+04	8.692072e-01	5.951616e-04	2.100000e+00
1.0	1.024000e+03	4.096000e+04	8.691587e-01	4.629884e-04	2.100000e+00
1.0	1.280000e+03	4.096000e+04	8.691556e-01	5.588722e-04	2.100000e+00
1.0	1.536000e+03	4.096000e+04	8.693305e-01	6.216645e-04	2.100000e+00
1.0	1.280000e+02	4.096000e+04	7.826468e-01	2.568584e-03	2.200000e+00
1.0	2.560000e+02	4.096000e+04	7.826034e-01	3.053636e-03	2.200000e+00
1.0	3.840000e+02	4.096000e+04	7.822420e-01	3.496736e-03	2.200000e+00
1.0	5.120000e+02	4.096000e+04	7.826401e-01	3.181106e-03	2.200000e+00
1.0	6.400000e+02	4.096000e+04	7.825945e-01	3.114784e-03	2.200000e+00
1.0	7.580000e+02	4.096000e+04	7.820559e-01	3.715063e-03	2.200000e+00
1.0	8.760000e+02	4.096000e+04	7.817874e-01	3.363062e-03	2.200000e+00
1.0	1.024000e+03	4.096000e+04	7.826380e-01	3.561520e-03	2.200000e+00
1.0	1.280000e+03	4.096000e+04	7.826318e-01	3.168464e-03	2.200000e+00
1.0	1.536000e+03	4.096000e+04	7.819885e-01	3.086457e-03	2.200000e+00
1.0	1.280000e+02	4.096000e+04	3.071974e-01	1.804928e-02	2.300000e+00
1.0	2.560000e+02	4.096000e+04	3.073697e-01	2.372134e-02	2.300000e+00
1.0	3.840000e+02	4.096000e+04	3.089723e-01	2.714424e-02	2.300000e+00
1.0	5.120000e+02	4.096000e+04	3.070612e-01	2.853844e-02	2.300000e+00
1.0	6.400000e+02	4.096000e+04	3.073520e-01	3.022772e-02	2.300000e+00
1.0	7.580000e+02	4.096000e+04	3.071087e-01	3.262937e-02	2.300000e+00
1.0	8.760000e+02	4.096000e+04	3.039681e-01	3.529158e-02	2.300000e+00
1.0	1.024000e+03	4.096000e+04	3.072866e-01	3.234665e-02	2.300000e+00
1.0	1.280000e+03	4.096000e+04	3.071144e-01	3.015066e-02	2.300000e+00
1.0	1.536000e+03	4.096000e+04	3.088126e-01	3.898299e-02	2.300000e+00
1.0	1.280000e+02	4.096000e+04	9.812756e-02	5.414184e-03	2.400000e+00
1.0	2.560000e+02	4.096000e+04	9.811306e-02	6.135770e-03	2.400000e+00
1.0	3.840000e+02	4.096000e+04	9.887447e-02	6.841721e-03	2.400000e+00
1.0	5.120000e+02	4.096000e+04	9.806388e-02	5.889238e-03	2.400000e+00
1.0	6.400000e+02	4.096000e+04	9.809446e-02	5.905676e-03	2.400000e+00
1.0	7.580000e+02	4.096000e+04	9.806852e-02	7.875296e-03	2.400000e+00
1.0	8.760000e+02	4.096000e+04	9.783741e-02	7.236739e-03	2.400000e+00
1.0	1.024000e+03	4.096000e+04	9.811902e-02	4.458739e-03	2.400000e+00
1.0	1.280000e+03	4.096000e+04	9.807881e-02	3.519992e-03	2.400000e+00
1.0	1.536000e+03	4.096000e+04	9.770733e-02	6.407858e-03	2.400000e+00
1.0	1.280000e+02	4.096000e+04	6.054019e-02	2.043099e-03	2.500000e+00
1.0	2.560000e+02	4.096000e+04	6.055821e-02	2.208351e-03	2.500000e+00
1.0	3.840000e+02	4.096000e+04	6.114839e-02	2.308827e-03	2.500000e+00
1.0	5.120000e+02	4.096000e+04	6.054630e-02	1.971549e-03	2.500000e+00
1.0	6.400000e+02	4.096000e+04	6.055851e-02	1.888974e-03	2.500000e+00
1.0	7.580000e+02	4.096000e+04	6.103257e-02	1.822881e-03	2.500000e+00
1.0	8.760000e+02	4.096000e+04	6.088959e-02	2.297338e-03	2.500000e+00
1.0	1.024000e+03	4.096000e+04	6.053665e-02	2.323981e-03	2.500000e+00
1.0	1.280000e+03	4.096000e+04	6.058127e-02	2.400984e-03	2.500000e+00
1.0	1.536000e+03	4.096000e+04	6.110228e-02	2.611754e-03	2.500000e+00
1.0	1.280000e+02	4.096000e+04	4.935488e-02	1.422326e-03	2.600000e+00
1.0	2.560000e+02	4.096000e+04	4.934719e-02	1.373058e-03	2.600000e+00
1.0	3.840000e+02	4.096000e+04	4.956230e-02	1.607528e-03	2.600000e+00
1.0	5.120000e+02	4.096000e+04	4.934658e-02	1.279325e-03	2.600000e+00
1.0	6.400000e+02	4.096000e+04	4.936101e-02	1.314441e-03	2.600000e+00
1.0	7.580000e+02	4.096000e+04	4.920656e-02	1.305498e-03	2.600000e+00
1.0	8.760000e+02	4.096000e+04	4.893342e-02	1.326168e-03	2.600000e+00
1.0	1.024000e+03	4.096000e+04	4.935091e-02	1.352110e-03	2.600000e+00
1.0	1.280000e+03	4.096000e+04	4.935613e-02	1.243718e-03	2.600000e+00
1.0	1.536000e+03	4.096000e+04	4.882764e-02	8.048760e-04	2.600000e+00
1.0	1.280000e+02	4.096000e+04	3.871747e-02	7.970768e-04	2.700000e+00
1.0	2.560000e+02	4.096000e+04	3.871788e-02	8.897411e-04	2.700000e+00
1.0	3.840000e+02	4.096000e+04	3.865367e-02	8.075765e-04	2.700000e+00
1.0	5.120000e+02	4.096000e+04	3.870483e-02	8.795654e-04	2.700000e+00
1.0	6.400000e+02	4.096000e+04	3.871973e-02	7.889458e-04	2.700000e+00
1.0	7.580000e+02	4.096000e+04	3.867542e-02	8.838475e-04	2.700000e+00
1.0	8.760000e+02	4.096000e+04	3.868224e-02	1.103052e-03	2.700000e+00
1.0	1.024000e+03	4.096000e+04	3.871908e-02	9.484421e-04	2.700000e+00
1.0	1.280000e+03	4.096000e+04	3.871384e-02	9.188650e-04	2.700000e+00
1.0	1.536000e+03	4.096000e+04	3.852465e-02	1.174349e-03	2.700000e+00
1.0	1.280000e+02	4.096000e+04	3.320443e-02	6.198871e-04	2.800000e+00
1.0	2.560000e+02	4.096000e+04	3.320123e-02	5.935888e-04	2.800000e+00
1.0	3.840000e+02	4.096000e+04	3.324781e-02	6.216893e-04	2.800000e+00
1.0	5.120000e+02	4.096000e+04	3.320293e-02	4.978040e-04	2.800000e+00
1.0	6.400000e+02	4.096000e+04	3.320102e-02	6.295513e-04	2.800000e+00
1.0	7.580000e+02	4.096000e+04	3.323687e-02	5.278241e-04	2.800000e+00
1.0	8.760000e+02	4.096000e+04	3.314218e-02	4.256228e-04	2.800000e+00
1.0	1.024000e+03	4.096000e+04	3.320332e-02	5.119629e-04	2.800000e+00
1.0	1.280000e+03	4.096000e+04	3.320079e-02	3.934290e-04	2.800000e+00
1.0	1.536000e+03	4.096000e+04	3.315231e-02	5.033044e-04	2.800000e+00
1.0	1.280000e+02	4.096000e+04	2.960546e-02	4.306190e-04	2.900000e+00
1.0	2.560000e+02	4.096000e+04	2.961050e-02	4.313798e-04	2.900000e+00
1.0	3.840000e+02	4.096000e+04	2.966967e-02	4.263928e-04	2.900000e+00
1.0	5.120000e+02	4.096000e+04	2.960772e-02	3.922629e-04	2.900000e+00
1.0	6.400000e+02	4.096000e+04	2.960778e-02	4.585916e-04	2.900000e+00
1.0	7.580000e+02	4.096000e+04	2.962257e-02	4.962226e-04	2.900000e+00
1.0	8.760000e+02	4.096000e+04	2.955923e-02	4.292250e-04	2.900000e+00
1.0	1.024000e+03	4.096000e+04	2.960981e-02	4.799854e-04	2.900000e+00
1.0	1.280000e+03	4.096000e+04	2.960793e-02	5.365956e-04	2.900000e+00
1.0	1.536000e+03	4.096000e+04	2.942027e-02	2.466969e-04	2.900000e+00
1.0	1.280000e+02	4.096000e+04	2.729951e-02	3.805969e-04	3.000000e+00
1.0	2.560000e+02	4.096000e+04	2.729982e-02	3.952655e-04	3.000000e+00
1.0	3.840000e+02	4.096000e+04	2.722228e-02	4.601647e-04	3.000000e+00
1.0	5.120000e+02	4.096000e+04	2.730536e-02	3.840341e-04	3.000000e+00
1.0	6.400000e+02	4.096000e+04	2.729889e-02	3.175112e-04	3.000000e+00
1.0	7.580000e+02	4.096000e+04	2.727138e-02	4.221590e-04	3.000000e+00
1.0	8.760000e+02	4.096000e+04	2.721687e-02	3.658297e-04	3.000000e+00
1.0	1.024000e+03	4.096000e+04	2.729773e-02	4.488266e-04	3.000000e+00
1.0	1.280000e+03	4.096000e+04	2.729921e-02	2.710132e-04	3.000000e+00
1.0	1.536000e+03	4.096000e+04	2.724321e-02	4.979911e-04	3.000000e+00
1.0	1.280000e+02	4.096000e+04	2.578199e-02	3.207148e-04	3.100000e+00
1.0	2.560000e+02	4.096000e+04	2.578123e-02	2.995657e-04	3.100000e+00
1.0	3.840000e+02	4.096000e+04	2.578675e-02	3.653207e-04	3.100000e+00
1.0	5.120000e+02	4.096000e+04	2.577890e-02	2.872409e-04	3.100000e+00
1.0	6.400000e+02	4.096000e+04	2.577993e-02	3.484650e-04	3.100000e+00
1.0	7.580000e+02	4.096000e+04	2.584034e-02	3.178447e-04	3.100000e+00
1.0	8.760000e+02	4.096000e+04	2.576301e-02	4.487280e-04	3.100000e+00
1.0	1.024000e+03	4.096000e+04	2.578167e-02	3.100326e-04	3.100000e+00
1.0	1.280000e+03	4.096000e+04	2.578198e-02	1.955194e-04	3.100000e+00
1.0	1.536000e+03	4.096000e+04	2.578912e-02	3.539320e-04	3.100000e+00
1.0	1.280000e+02	4.096000e+04	2.357618e-02	2.270737e-04	3.200000e+00
1.0	2.560000e+02	4.096000e+04	2.357686e-02	2.211947e-04	3.200000e+00
1.0	3.840000e+02	4.096000e+04	2.356982e-02	2.426830e-04	3.200000e+00
1.0	5.120000e+02	4.096000e+04	2.357799e-02	2.204723e-04	3.200000e+00
1.0	6.400000e+02	4.096000e+04	2.357645e-02	2.231289e-04	3.200000e+00
1.0	7.580000e+02	4.096000e+04	2.352499e-02	2.094283e-04	3.200000e+00
1.0	8.760000e+02	4.096000e+04	2.350765e-02	2.512854e-04	3.200000e+00
1.0	1.024000e+03	4.096000e+04	2.357783e-02	1.695733e-04	3.200000e+00
1.0	1.280000e+03	4.096000e+04	2.357665e-02	1.403727e-04	3.200000e+00
1.0	1.536000e+03	4.096000e+04	2.354387e-02	1.892989e-04	3.200000e+00
1.0	1.280000e+02	4.096000e+04	2.165186e-02	2.244368e-04	3.300000e+00
1.0	2.560000e+02	4.096000e+04	2.164891e-02	2.149738e-04	3.300000e+00
1.0	3.840000e+02	4.096000e+04	2.163592e-02	2.140784e-04	3.300000e+00
1.0	5.120000e+02	4.096000e+04	2.164945e-02	2.186079e-04	3.300000e+00
1.0	6.400000e+02	4.096000e+04	2.164748e-02	2.180691e-04	3.300000e+00
1.0	7.580000e+02	4.096000e+04	2.165117e-02	2.407972e-04	3.300000e+00
1.0	8.760000e+02	4.096000e+04	2.167048e-02	2.500733e-04	3.300000e+00
1.0	1.024000e+03	4.096000e+04	2.165253e-02	2.316239e-04	3.300000e+00
1.0	1.280000e+03	4.096000e+04	2.164939e-02	2.179002e-04	3.300000e+00
1.0	1.536000e+03	4.096000e+04	2.167391e-02	1.816057e-04	3.300000e+00
1.0	1.280000e+02	4.096000e+04	2.068197e-02	2.027807e-04	3.400000e+00
1.0	2.560000e+02	4.096000e+04	2.068165e-02	1.925854e-04	3.400000e+00
1.0	3.840000e+02	4.096000e+04	2.070584e-02	2.045370e-04	3.400000e+00
1.0	5.120000e+02	4.096000e+04	2.068303e-02	1.839145e-04	3.400000e+00
1.0	6.400000e+02	4.096000e+04	2.068042e-02	1.929202e-04	3.400000e+00
1.0	7.580000e+02	4.096000e+04	2.067972e-02	2.317045e-04	3.400000e+00
1.0	8.760000e+02	4.096000e+04	2.071871e-02	1.782954e-04	3.400000e+00
1.0	1.024000e+03	4.096000e+04	2.068018e-02	1.492890e-04	3.400000e+00
1.0	1.280000e+03	4.096000e+04	2.068297e-02	1.192243e-04	3.400000e+00
1.0	1.536000e+03	4.096000e+04	2.076072e-02	8.741714e-05	3.400000e+00
1.0	1.280000e+02	4.096000e+04	1.957740e-02	1.886075e-04	3.500000e+00
1.0	2.560000e+02	4.096000e+04	1.957505e-02	1.873129e-04	3.500000e+00
1.0	3.840000e+02	4.096000e+04	1.957957e-02	2.149023e-04	3.500000e+00
1.0	5.120000e+02	4.096000e+04	1.957754e-02	2.040356e-04	3.500000e+00
1.0	6.400000e+02	4.096000e+04	1.957490e-02	2.341333e-04	3.500000e+00
1.0	7.580000e+02	4.096000e+04	1.960253e-02	2.227881e-04	3.500000e+00
1.0	8.760000e+02	4.096000e+04	1.957691e-02	2.566506e-04	3.500000e+00
1.0	1.024000e+03	4.096000e+04	1.957830e-02	2.400272e-04	3.500000e+00
1.0	1.280000e+03	4.096000e+04	1.957609e-02	2.673635e-04	3.500000e+00
1.0	1.536000e+03	4.096000e+04	1.952644e-02	2.745337e-04	3.500000e+00
1.0	1.280000e+02	4.096000e+04	1.808119e-02	1.699044e-04	3.700000e+00
1.0	2.560000e+02	4.096000e+04	1.808121e-02	1.583996e-04	3.700000e+00
1.0	3.840000e+02	4.096000e+04	1.806856e-02	1.624657e-04	3.700000e+00
1.0	5.120000e+02	4.096000e+04	1.808143e-02	1.151669e-04	3.700000e+00
1.0	6.400000e+02	4.096000e+04	1.808013e-02	1.437923e-04	3.700000e+00
1.0	7.580000e+02	4.096000e+04	1.804640e-02	1.362148e-04	3.700000e+00
1.0	8.760000e+02	4.096000e+04	1.805640e-02	1.440197e-04	3.700000e+00
1.0	1.024000e+03	4.096000e+04	1.808071e-02	1.330164e-04	3.700000e+00
1.0	1.280000e+03	4.096000e+04	1.808015e-02	1.480529e-04	3.700000e+00
1.0	1.536000e+03	4.096000e+04	1.804912e-02	1.761450e-04	3.700000e+00
1.0	1.280000e+02	4.096000e+04	1.692582e-02	1.743667e-04	3.900000e+00
1.0	2.560000e+02	4.096000e+04	1.692620e-02	1.811347e-04	3.900000e+00
1.0	3.840000e+02	4.096000e+04	1.691149e-02	1.655272e-04	3.900000e+00
1.0	5.120000e+02	4.096000e+04	1.692682e-02	1.574527e-04	3.900000e+00
1.0	6.400000e+02	4.096000e+04	1.692552e-02	1.520244e-04	3.900000e+00
1.0	7.580000e+02	4.096000e+04	1.691905e-02	1.328127e-04	3.900000e+00
1.0	8.760000e+02	4.096000e+04	1.690925e-02	1.551443e-04	3.900000e+00
1.0	1.024000e+03	4.096000e+04	1.692642e-02	1.452509e-04	3.900000e+00
1.0	1.280000e+03	4.096000e+04	1.692655e-02	1.435408e-04	3.900000e+00
1.0	1.536000e+03	4.096000e+04	1.689319e-02	1.570386e-04	3.900000e+00
1.0	1.280000e+02	4.096000e+04	1.587517e-02	1.628372e-04	4.100000e+00
1.0	2.560000e+02	4.096000e+04	1.587548e-02	1.546661e-04	4.100000e+00
1.0	3.840000e+02	4.096000e+04	1.589117e-02	1.792629e-04	4.100000e+00
1.0	5.120000e+02	4.096000e+04	1.587684e-02	1.655693e-04	4.100000e+00
1.0	6.400000e+02	4.096000e+04	1.587651e-02	1.572034e-04	4.100000e+00
1.0	7.580000e+02	4.096000e+04	1.586868e-02	1.809426e-04	4.100000e+00
1.0	8.760000e+02	4.096000e+04	1.588643e-02	1.584607e-04	4.100000e+00
1.0	1.024000e+03	4.096000e+04	1.587641e-02	1.259398e-04	4.100000e+00
1.0	1.280000e+03	4.096000e+04	1.587808e-02	1.969625e-04	4.100000e+00
1.0	1.536000e+03	4.096000e+04	1.591050e-02	2.399890e-04	4.100000e+00
1.0	1.280000e+02	4.096000e+04	1.542823e-02	1.430408e-04	4.300000e+00
1.0	2.560000e+02	4.096000e+04	1.542800e-02	1.397716e-04	4.300000e+00
1.0	3.840000e+02	4.096000e+04	1.542458e-02	1.534962e-04	4.300000e+00
1.0	5.120000e+02	4.096000e+04	1.542981e-02	1.698304e-04	4.300000e+00
1.0	6.400000e+02	4.096000e+04	1.543010e-02	1.471463e-04	4.300000e+00
1.0	7.580000e+02	4.096000e+04	1.542322e-02	1.721756e-04	4.300000e+00
1.0	8.760000e+02	4.096000e+04	1.542280e-02	1.317966e-04	4.300000e+00
1.0	1.024000e+03	4.096000e+04	1.542794e-02	1.777334e-04	4.300000e+00
1.0	1.280000e+03	4.096000e+04	1.542945e-02	1.178074e-04	4.300000e+00
1.0	1.536000e+03	4.096000e+04	1.539943e-02	1.836668e-04	4.300000e+00
1.0	1.280000e+02	4.096000e+04	1.474422e-02	1.275956e-04	4.500000e+00
1.0	2.560000e+02	4.096000e+04	1.474427e-02	1.294449e-04	4.500000e+00
1.0	3.840000e+02	4.096000e+04	1.473922e-02	1.053827e-04	4.500000e+00
1.0	5.120000e+02	4.096000e+04	1.474443e-02	8.221020e-05	4.500000e+00
1.0	6.400000e+02	4.096000e+04	1.474485e-02	1.040967e-04	4.500000e+00
1.0	7.580000e+02	4.096000e+04	1.474686e-02	1.138138e-04	4.500000e+00
1.0	8.760000e+02	4.096000e+04	1.475395e-02	7.372608e-05	4.500000e+00
1.0	1.024000e+03	4.096000e+04	1.474502e-02	8.494766e-05	4.500000e+00
1.0	1.280000e+03	4.096000e+04	1.474463e-02	1.009500e-04	4.500000e+00
1.0	1.536000e+03	4.096000e+04	1.475522e-02	1.082704e-04	4.500000e+00
1.0	1.280000e+02	4.096000e+04	1.351184e-02	1.205955e-04	5.100000e+00
1.0	2.560000e+02	4.096000e+04	1.351110e-02	1.180883e-04	5.100000e+00
1.0	3.840000e+02	4.096000e+04	1.352584e-02	1.311907e-04	5.100000e+00
1.0	5.120000e+02	4.096000e+04	1.351148e-02	1.073095e-04	5.100000e+00
1.0	6.400000e+02	4.096000e+04	1.351173e-02	1.229558e-04	5.100000e+00
1.0	7.580000e+02	4.096000e+04	1.352311e-02	1.423307e-04	5.100000e+00
1.0	8.760000e+02	4.096000e+04	1.354871e-02	1.221629e-04	5.100000e+00
1.0	1.024000e+03	4.096000e+04	1.351027e-02	9.933558e-05	5.100000e+00
1.0	1.280000e+03	4.096000e+04	1.351134e-02	1.583468e-04	5.100000e+00
1.0	1.536000e+03	4.096000e+04	1.354946e-02	1.321219e-04	5.100000e+00
1.0	1.280000e+02	4.096000e+04	1.223372e-02	1.151144e-04	5.700000e+00
1.0	2.560000e+02	4.096000e+04	1.223463e-02	1.149481e-04	5.700000e+00
1.0	3.840000e+02	4.096000e+04	1.220652e-02	1.223211e-04	5.700000e+00
1.0	5.120000e+02	4.096000e+04	1.223441e-02	1.196350e-04	5.700000e+00
1.0	6.400000e+02	4.096000e+04	1.223455e-02	1.173332e-04	5.700000e+00
1.0	7.580000e+02	4.096000e+04	1.220688e-02	1.193739e-04	5.700000e+00
1.0	8.760000e+02	4.096000e+04	1.219507e-02	1.068496e-04	5.700000e+00
1.0	1.024000e+03	4.096000e+04	1.223445e-02	1.255177e-04	5.700000e+00
1.0	1.280000e+03	4.096000e+04	1.223467e-02	1.118781e-04	5.700000e+00
1.0	1.536000e+03	4.096000e+04	1.217263e-02	8.559416e-05	5.700000e+00
1.0	1.280000e+02	4.096000e+04	1.187859e-02	1.031807e-04	6.300000e+00
1.0	2.560000e+02	4.096000e+04	1.187902e-02	9.428616e-05	6.300000e+00
1.0	3.840000e+02	4.096000e+04	1.189596e-02	1.096676e-04	6.300000e+00
1.0	5.120000e+02	4.096000e+04	1.187975e-02	1.065625e-04	6.300000e+00
1.0	6.400000e+02	4.096000e+04	1.187905e-02	9.606955e-05	6.300000e+00
1.0	7.580000e+02	4.096000e+04	1.189722e-02	1.174956e-04	6.300000e+00
1.0	8.760000e+02	4.096000e+04	1.189199e-02	1.085769e-04	6.300000e+00
1.0	1.024000e+03	4.096000e+04	1.187901e-02	9.453958e-05	6.300000e+00
1.0	1.280000e+03	4.096000e+04	1.187932e-02	1.084969e-04	6.300000e+00
1.0	1.536000e+03	4.096000e+04	1.189499e-02	1.116700e-04	6.300000e+00
1.0	1.280000e+02	4.096000e+04	1.139631e-02	9.967501e-05	6.900000e+00
1.0	2.560000e+02	4.096000e+04	1.139591e-02	9.369453e-05	6.900000e+00
1.0	3.840000e+02	4.096000e+04	1.142899e-02	9.768482e-05	6.900000e+00
1.0	5.120000e+02	4.096000e+04	1.139594e-02	8.766658e-05	6.900000e+00
1.0	6.400000e+02	4.096000e+04	1.139644e-02	9.475819e-05	6.900000e+00
1.0	7.580000e+02	4.096000e+04	1.144120e-02	7.415951e-05	6.900000e+00
1.0	8.760000e+02	4.096000e+04	1.141670e-02	9.448701e-05	6.900000e+00
1.0	1.024000e+03	4.096000e+04	1.139620e-02	8.944940e-05	6.900000e+00
1.0	1.280000e+03	4.096000e+04	1.139510e-02	9.058512e-05	6.900000e+00
1.0	1.536000e+03	4.096000e+04	1.143469e-02	7.939454e-05	6.900000e+00
1.0	1.280000e+02	4.096000e+04	1.096515e-02	1.032040e-04	7.500000e+00
1.0	2.560000e+02	4.096000e+04	1.096621e-02	1.096868e-04	7.500000e+00
1.0	3.840000e+02	4.096000e+04	1.098715e-02	1.051380e-04	7.500000e+00
1.0	5.120000e+02	4.096000e+04	1.096542e-02	1.070160e-04	7.500000e+00
1.0	6.400000e+02	4.096000e+04	1.096662e-02	1.331874e-04	7.500000e+00
1.0	7.580000e+02	4.096000e+04	1.101412e-02	8.784795e-05	7.500000e+00
1.0	8.760000e+02	4.096000e+04	1.101928e-02	1.303061e-04	7.500000e+00
1.0	1.024000e+03	4.096000e+04	1.096563e-02	1.122341e-04	7.500000e+00
1.0	1.280000e+03	4.096000e+04	1.096761e-02	1.051484e-04	7.500000e+00
1.0	1.536000e+03	4.096000e+04	1.103132e-02	9.326064e-05	7.500000e+00
1.0	1.280000e+02	4.096000e+04	1.054773e-02	9.291200e-05	8.100000e+00
1.0	2.560000e+02	4.096000e+04	1.054735e-02	8.992179e-05	8.100000e+00
1.0	3.840000e+02	4.096000e+04	1.057060e-02	7.829511e-05	8.100000e+00
1.0	5.120000e+02	4.096000e+04	1.054807e-02	6.821772e-05	8.100000e+00
1.0	6.400000e+02	4.096000e+04	1.054676e-02	8.615013e-05	8.100000e+00
1.0	7.580000e+02	4.096000e+04	1.057167e-02	6.650306e-05	8.100000e+00
1.0	8.760000e+02	4.096000e+04	1.060035e-02	8.232303e-05	8.100000e+00
1.0	1.024000e+03	4.096000e+04	1.054797e-02	4.886939e-05	8.100000e+00
1.0	1.280000e+03	4.096000e+04	1.054814e-02	4.777622e-05	8.100000e+00
1.0	1.536000e+03	4.096000e+04	1.058336e-02	2.100403e-05	8.100000e+00
1.0	1.280000e+02	4.096000e+04	1.020849e-02	8.997526e-05	8.700000e+00
1.0	2.560000e+02	4.096000e+04	1.020750e-02	1.012404e-04	8.700000e+00
1.0	3.840000e+02	4.096000e+04	1.020934e-02	1.055710e-04	8.700000e+00
1.0	5.120000e+02	4.096000e+04	1.020781e-02	1.067590e-04	8.700000e+00
1.0	6.400000e+02	4.096000e+04	1.020768e-02	1.236521e-04	8.700000e+00
1.0	7.580000e+02	4.096000e+04	1.022316e-02	1.195470e-04	8.700000e+00
1.0	8.760000e+02	4.096000e+04	1.025580e-02	7.379336e-05	8.700000e+00
1.0	1.024000e+03	4.096000e+04	1.020757e-02	9.935627e-05	8.700000e+00
1.0	1.280000e+03	4.096000e+04	1.020859e-02	1.159877e-04	8.700000e+00
1.0	1.536000e+03	4.096000e+04	1.023754e-02	1.381829e-04	8.700000e+00
1.0	1.280000e+02	4.096000e+04	1.024654e-02	1.172202e-04	9.300000e+00
1.0	2.560000e+02	4.096000e+04	1.024677e-02	1.141618e-04	9.300000e+00
1.0	3.840000e+02	4.096000e+04	1.025262e-02	1.298353e-04	9.300000e+00
1.0	5.120000e+02	4.096000e+04	1.024638e-02	1.123130e-04	9.300000e+00
1.0	6.400000e+02	4.096000e+04	1.024688e-02	1.327643e-04	9.300000e+00
1.0	7.580000e+02	4.096000e+04	1.026884e-02	1.214209e-04	9.300000e+00
1.0	8.760000e+02	4.096000e+04	1.030711e-02	1.304162e-04	9.300000e+00
1.0	1.024000e+03	4.096000e+04	1.024624e-02	1.301778e-04	9.300000e+00
1.0	1.280000e+03	4.096000e+04	1.024591e-02	1.296328e-04	9.300000e+00
1.0	1.536000e+03	4.096000e+04	1.031661e-02	1.255850e-04	9.300000e+00
1.0	1.280000e+02	4.096000e+04	9.953573e-03	9.057618e-05	9.900000e+00
1.0	2.560000e+02	4.096000e+04	9.954192e-03	9.838332e-05	9.900000e+00
1.0	3.840000e+02	4.096000e+04	9.953403e-03	8.706546e-05	9.900000e+00
1.0	5.120000e+02	4.096000e+04	9.954321e-03	9.575842e-05	9.900000e+00
1.0	6.400000e+02	4.096000e+04	9.954328e-03	7.903611e-05	9.900000e+00
1.0	7.580000e+02	4.096000e+04	9.969382e-03	9.216152e-05	9.900000e+00
1.0	8.760000e+02	4.096000e+04	9.967253e-03	3.420682e-05	9.900000e+00
1.0	1.024000e+03	4.096000e+04	9.953870e-03	6.420779e-05	9.900000e+00
1.0	1.280000e+03	4.096000e+04	9.954000e-03	4.769131e-05	9.900000e+00
1.0	1.536000e+03	4.096000e+04	1.000329e-02	7.186515e-05	9.900000e+00
1.0	1.280000e+02	4.096000e+04	1.004788e-02	1.077106e-04	1.001000e+01
1.0	2.560000e+02	4.096000e+04	1.004847e-02	9.227311e-05	1.001000e+01
1.0	3.840000e+02	4.096000e+04	1.005615e-02	1.025913e-04	1.001000e+01
1.0	5.120000e+02	4.096000e+04	1.004859e-02	8.694533e-05	1.001000e+01
1.0	6.400000e+02	4.096000e+04	1.004854e-02	8.167226e-05	1.001000e+01
1.0	7.580000e+02	4.096000e+04	1.007786e-02	9.798519e-05	1.001000e+01
1.0	8.760000e+02	4.096000e+04	1.004028e-02	1.069210e-04	1.001000e+01
1.0	1.024000e+03	4.096000e+04	1.004874e-02	9.062141e-05	1.001000e+01
1.0	1.280000e+03	4.096000e+04	1.004848e-02	7.738583e-05	1.001000e+01
1.0	1.536000e+03	4.096000e+04	1.005067e-02	1.145516e-04	1.001000e+01
1.0	1.280000e+02	4.096000e+04	9.581720e-03	1.122693e-04	1.201000e+01
1.0	2.560000e+02	4.096000e+04	9.581634e-03	1.275950e-04	1.201000e+01
1.0	3.840000e+02	4.096000e+04	9.560956e-03	1.217438e-04	1.201000e+01
1.0	5.120000e+02	4.096000e+04	9.580832e-03	1.196140e-04	1.201000e+01
1.0	6.400000e+02	4.096000e+04	9.582016e-03	1.130851e-04	1.201000e+01
1.0	7.580000e+02	4.096000e+04	9.540805e-03	1.322023e-04	1.201000e+01
1.0	8.760000e+02	4.096000e+04	9.549382e-03	8.660632e-05	1.201000e+01
1.0	1.024000e+03	4.096000e+04	9.581274e-03	1.188533e-04	1.201000e+01
1.0	1.280000e+03	4.096000e+04	9.582842e-03	9.609900e-05	1.201000e+01
1.0	1.536000e+03	4.096000e+04	9.493579e-03	6.429619e-05	1.201000e+01
1.0	1.280000e+02	4.096000e+04	9.286148e-03	1.291761e-04	1.401000e+01
1.0	2.560000e+02	4.096000e+04	9.286781e-03	1.334284e-04	1.401000e+01
1.0	3.840000e+02	4.096000e+04	9.278540e-03	1.303882e-04	1.401000e+01
1.0	5.120000e+02	4.096000e+04	9.286487e-03	1.215316e-04	1.401000e+01
1.0	6.400000e+02	4.096000e+04	9.285820e-03	1.493611e-04	1.401000e+01
1.0	7.580000e+02	4.096000e+04	9.276381e-03	1.198706e-04	1.401000e+01
1.0	8.760000e+02	4.096000e+04	9.260990e-03	1.119251e-04	1.401000e+01
1.0	1.024000e+03	4.096000e+04	9.286374e-03	1.175550e-04	1.401000e+01
1.0	1.280000e+03	4.096000e+04	9.286865e-03	1.568436e-04	1.401000e+01
1.0	1.536000e+03	4.096000e+04	9.270217e-03	1.285209e-04	1.401000e+01
1.0	1.280000e+02	4.096000e+04	9.293415e-03	1.340506e-04	1.601000e+01
1.0	2.560000e+02	4.096000e+04	9.294094e-03	1.447724e-04	1.601000e+01
1.0	3.840000e+02	4.096000e+04	9.321983e-03	1.322302e-04	1.601000e+01
1.0	5.120000e+02	4.096000e+04	9.294255e-03	1.383461e-04	1.601000e+01
1.0	6.400000e+02	4.096000e+04	9.292190e-03	1.400756e-04	1.601000e+01
1.0	7.580000e+02	4.096000e+04	9.316508e-03	1.427551e-04	1.601000e+01
1.0	8.760000e+02	4.096000e+04	9.321946e-03	1.407298e-04	1.601000e+01
1.0	1.024000e+03	4.096000e+04	9.293912e-03	1.666550e-04	1.601000e+01
1.0	1.280000e+03	4.096000e+04	9.293457e-03	1.734536e-04	1.601000e+01
1.0	1.536000e+03	4.096000e+04	9.323747e-03	1.934439e-04	1.601000e+01
1.0	1.280000e+02	4.096000e+04	8.979348e-03	1.332027e-04	1.801000e+01
1.0	2.560000e+02	4.096000e+04	8.980665e-03	1.101472e-04	1.801000e+01
1.0	3.840000e+02	4.096000e+04	8.965079e-03	1.263317e-04	1.801000e+01
1.0	5.120000e+02	4.096000e+04	8.978808e-03	1.068300e-04	1.801000e+01
1.0	6.400000e+02	4.096000e+04	8.979184e-03	1.205383e-04	1.801000e+01
1.0	7.580000e+02	4.096000e+04	8.985863e-03	9.607233e-05	1.801000e+01
1.0	8.760000e+02	4.096000e+04	8.990469e-03	8.988536e-05	1.801000e+01
1.0	1.024000e+03	4.096000e+04	8.979193e-03	1.033906e-04	1.801000e+01
1.0	1.280000e+03	4.096000e+04	8.980638e-03	1.197521e-04	1.801000e+01
1.0	1.536000e+03	4.096000e+04	8.997601e-03	1.290309e-04	1.801000e+01
1.0	1.280000e+02	4.096000e+04	8.928048e-03	1.163912e-04	2.000536e+01
1.0	2.560000e+02	4.096000e+04	8.926245e-03	1.203118e-04	2.000536e+01
1.0	3.840000e+02	4.096000e+04	8.893272e-03	1.050930e-04	2.000536e+01
1.0	5.120000e+02	4.096000e+04	8.926962e-03	1.118515e-04	2.000536e+01
1.0	6.400000e+02	4.096000e+04	8.927035e-03	9.806142e-05	2.000536e+01
1.0	7.580000e+02	4.096000e+04	8.892470e-03	9.015474e-05	2.000536e+01
1.0	8.760000e+02	4.096000e+04	8.884392e-03	1.114957e-04	2.000536e+01
1.0	1.024000e+03	4.096000e+04	8.925899e-03	1.089533e-04	2.000536e+01
1.0	1.280000e+03	4.096000e+04	8.926741e-03	7.155360e-05	2.000536e+01
1.0	1.536000e+03	4.096000e+04	8.850951e-03	1.085323e-04	2.000536e+01
1.0	1.280000e+02	4.096000e+04	8.600928e-03	1.509774e-04	2.754993e+01
1.0	2.560000e+02	4.096000e+04	8.602684e-03	1.399295e-04	2.754993e+01
1.0	3.840000e+02	4.096000e+04	8.570121e-03	1.217170e-04	2.754993e+01
1.0	5.120000e+02	4.096000e+04	8.603468e-03	1.303595e-04	2.754993e+01
1.0	6.400000e+02	4.096000e+04	8.602137e-03	1.174568e-04	2.754993e+01
1.0	7.580000e+02	4.096000e+04	8.597875e-03	1.477665e-04	2.754993e+01
1.0	8.760000e+02	4.096000e+04	8.581246e-03	1.190714e-04	2.754993e+01
1.0	1.024000e+03	4.096000e+04	8.603085e-03	1.133740e-04	2.754993e+01
1.0	1.280000e+03	4.096000e+04	8.601583e-03	9.106979e-05	2.754993e+01
1.0	1.536000e+03	4.096000e+04	8.625478e-03	1.601914e-04	2.754993e+01
1.0	1.280000e+02	4.096000e+04	8.299534e-03	1.720822e-04	3.793977e+01
1.0	2.560000e+02	4.096000e+04	8.302618e-03	1.987225e-04	3.793977e+01
1.0	3.840000e+02	4.096000e+04	8.341519e-03	1.881207e-04	3.793977e+01
1.0	5.120000e+02	4.096000e+04	8.301156e-03	1.783034e-04	3.793977e+01
1.0	6.400000e+02	4.096000e+04	8.300194e-03	1.958977e-04	3.793977e+01
1.0	7.580000e+02	4.096000e+04	8.370893e-03	1.826490e-04	3.793977e+01
1.0	8.760000e+02	4.096000e+04	8.374213e-03	1.900576e-04	3.793977e+01
1.0	1.024000e+03	4.096000e+04	8.303397e-03	1.910375e-04	3.793977e+01
1.0	1.280000e+03	4.096000e+04	8.299814e-03	1.203810e-04	3.793977e+01
1.0	1.536000e+03	4.096000e+04	8.305692e-03	1.879984e-04	3.793977e+01
1.0	1.280000e+02	4.096000e+04	8.036019e-03	1.850785e-04	5.224792e+01
1.0	2.560000e+02	4.096000e+04	8.036219e-03	1.879765e-04	5.224792e+01
1.0	3.840000e+02	4.096000e+04	7.995532e-03	2.077188e-04	5.224792e+01
1.0	5.120000e+02	4.096000e+04	8.036079e-03	1.765522e-04	5.224792e+01
1.0	6.400000e+02	4.096000e+04	8.036251e-03	1.432474e-04	5.224792e+01
1.0	7.580000e+02	4.096000e+04	8.008095e-03	1.460475e-04	5.224792e+01
1.0	8.760000e+02	4.096000e+04	8.015554e-03	1.670565e-04	5.224792e+01
1.0	1.024000e+03	4.096000e+04	8.036417e-03	1.891736e-04	5.224792e+01
1.0	1.280000e+03	4.096000e+04	8.036306e-03	1.459525e-04	5.224792e+01
1.0	1.536000e+03	4.096000e+04	7.975934e-03	1.781055e-04	5.224792e+01
1.0	1.280000e+02	4.096000e+04	7.898581e-03	2.065985e-04	7.195206e+01
1.0	2.560000e+02	4.096000e+04	7.897490e-03	1.998844e-04	7.195206e+01
1.0	3.840000e+02	4.096000e+04	7.903803e-03	1.823184e-04	7.195206e+01
1.0	5.120000e+02	4.096000e+04	7.898320e-03	1.527075e-04	7.195206e+01
1.0	6.400000e+02	4.096000e+04	7.897749e-03	1.643036e-04	7.195206e+01
1.0	7.580000e+02	4.096000e+04	7.886352e-03	1.601850e-04	7.195206e+01
1.0	8.760000e+02	4.096000e+04	7.879865e-03	1.726053e-04	7.195206e+01
1.0	1.024000e+03	4.096000e+04	7.896753e-03	1.825841e-04	7.195206e+01
1.0	1.280000e+03	4.096000e+04	7.896558e-03	1.733099e-04	7.195206e+01
1.0	1.536000e+03	4.096000e+04	7.819332e-03	2.301968e-04	7.195206e+01
1.0	1.280000e+02	4.096000e+04	7.643923e-03	2.096183e-04	9.998298e+01
1.0	2.560000e+02	4.096000e+04	7.646257e-03	2.030662e-04	9.998298e+01
1.0	3.840000e+02	4.096000e+04	7.648325e-03	1.704352e-04	9.998298e+01
1.0	5.120000e+02	4.096000e+04	7.645177e-03	1.672826e-04	9.998298e+01
1.0	6.400000e+02	4.096000e+04	7.643551e-03	2.058940e-04	9.998298e+01
1.0	7.580000e+02	4.096000e+04	7.646341e-03	2.059333e-04	9.998298e+01
1.0	8.760000e+02	4.096000e+04	7.606311e-03	1.608626e-04	9.998298e+01
1.0	1.024000e+03	4.096000e+04	7.645289e-03	1.484327e-04	9.998298e+01
1.0	1.280000e+03	4.096000e+04	7.644626e-03	1.283707e-04	9.998298e+01
1.0	1.536000e+03	4.096000e+04	7.576301e-03	8.149942e-05	9.998298e+01
1.0	1.280000e+02	4.096000e+04	8.335902e-03	3.224439e-04	1.583804e+02
1.0	2.560000e+02	4.096000e+04	8.337686e-03	3.579310e-04	1.583804e+02
1.0	3.840000e+02	4.096000e+04	8.263610e-03	3.825857e-04	1.583804e+02
1.0	5.120000e+02	4.096000e+04	8.338754e-03	3.946069e-04	1.583804e+02
1.0	6.400000e+02	4.096000e+04	8.334969e-03	3.082524e-04	1.583804e+02
1.0	7.580000e+02	4.096000e+04	8.296133e-03	3.974936e-04	1.583804e+02
1.0	8.760000e+02	4.096000e+04	8.370020e-03	3.715993e-04	1.583804e+02
1.0	1.024000e+03	4.096000e+04	8.334934e-03	4.122210e-04	1.583804e+02
1.0	1.280000e+03	4.096000e+04	8.337002e-03	3.323791e-04	1.583804e+02
1.0	1.536000e+03	4.096000e+04	8.462576e-03	5.428408e-04	1.583804e+02
1.0	1.280000e+02	4.096000e+04	8.319044e-03	3.614505e-04	2.508863e+02
1.0	2.560000e+02	4.096000e+04	8.318907e-03	3.964091e-04	2.508863e+02
1.0	3.840000e+02	4.096000e+04	8.317792e-03	4.313739e-04	2.508863e+02
1.0	5.120000e+02	4.096000e+04	8.313013e-03	4.294901e-04	2.508863e+02
1.0	6.400000e+02	4.096000e+04	8.318205e-03	3.815704e-04	2.508863e+02
1.0	7.580000e+02	4.096000e+04	8.282938e-03	4.900621e-04	2.508863e+02
1.0	8.760000e+02	4.096000e+04	8.294464e-03	4.262374e-04	2.508863e+02
1.0	1.024000e+03	4.096000e+04	8.317479e-03	3.550622e-04	2.508863e+02
1.0	1.280000e+03	4.096000e+04	8.316128e-03	2.924906e-04	2.508863e+02
1.0	1.536000e+03	4.096000e+04	8.341369e-03	4.466145e-04	2.508863e+02
1.0	1.280000e+02	4.096000e+04	7.933527e-03	4.379551e-04	3.974225e+02
1.0	2.560000e+02	4.096000e+04	7.932228e-03	4.643563e-04	3.974225e+02
1.0	3.840000e+02	4.096000e+04	8.025186e-03	4.862734e-04	3.974225e+02
1.0	5.120000e+02	4.096000e+04	7.931097e-03	4.298905e-04	3.974225e+02
1.0	6.400000e+02	4.096000e+04	7.931421e-03	4.651929e-04	3.974225e+02
1.0	7.580000e+02	4.096000e+04	8.048637e-03	4.605393e-04	3.974225e+02
1.0	8.760000e+02	4.096000e+04	8.038777e-03	4.104107e-04	3.974225e+02
1.0	1.024000e+03	4.096000e+04	7.932777e-03	4.299940e-04	3.974225e+02
1.0	1.280000e+03	4.096000e+04	7.932858e-03	5.074308e-04	3.974225e+02
1.0	1.536000e+03	4.096000e+04	8.016538e-03	6.046978e-04	3.974225e+02
1.0	1.280000e+02	4.096000e+04	8.952479e-03	5.779271e-04	6.295467e+02
1.0	2.560000e+02	4.096000e+04	8.955024e-03	6.526992e-04	6.295467e+02
1.0	3.840000e+02	4.096000e+04	8.983040e-03	7.608108e-04	6.295467e+02
1.0	5.120000e+02	4.096000e+04	8.957318e-03	7.963420e-04	6.295467e+02
1.0	6.400000e+02	4.096000e+04	8.953881e-03	8.849570e-04	6.295467e+02
1.0	7.580000e+02	4.096000e+04	9.018804e-03	9.840466e-04	6.295467e+02
1.0	8.760000e+02	4.096000e+04	9.051646e-03	1.035491e-03	6.295467e+02
1.0	1.024000e+03	4.096000e+04	8.966297e-03	9.021780e-04	6.295467e+02
1.0	1.280000e+03	4.096000e+04	8.957715e-03	9.379140e-04	6.295467e+02
1.0	1.536000e+03	4.096000e+04	9.278472e-03	1.120275e-03	6.295467e+02
1.0	1.280000e+02	4.096000e+04	8.091131e-03	6.102681e-04	9.992450e+02
1.0	2.560000e+02	4.096000e+04	8.082366e-03	6.985910e-04	9.992450e+02
1.0	3.840000e+02	4.096000e+04	8.106655e-03	6.727316e-04	9.992450e+02
1.0	5.120000e+02	4.096000e+04	8.087232e-03	8.075319e-04	9.992450e+02
1.0	6.400000e+02	4.096000e+04	8.079234e-03	7.355622e-04	9.992450e+02
1.0	7.580000e+02	4.096000e+04	8.150945e-03	6.204360e-04	9.992450e+02
1.0	8.760000e+02	4.096000e+04	8.270750e-03	5.980798e-04	9.992450e+02
1.0	1.024000e+03	4.096000e+04	8.085270e-03	8.903908e-04	9.992450e+02
1.0	1.280000e+03	4.096000e+04	8.089275e-03	4.788147e-04	9.992450e+02
1.0	1.536000e+03	4.096000e+04	8.260394e-03	6.412280e-04	9.992450e+02
1.0	1.280000e+02	4.096000e+04	8.098994e-03	5.337035e-04	1.582878e+03
1.0	2.560000e+02	4.096000e+04	8.094303e-03	7.165127e-04	1.582878e+03
1.0	3.840000e+02	4.096000e+04	7.956366e-03	6.736711e-04	1.582878e+03
1.0	5.120000e+02	4.096000e+04	8.091896e-03	7.700787e-04	1.582878e+03
1.0	6.400000e+02	4.096000e+04	8.096077e-03	6.669698e-04	1.582878e+03
1.0	7.580000e+02	4.096000e+04	7.931566e-03	7.606174e-04	1.582878e+03
1.0	8.760000e+02	4.096000e+04	7.867618e-03	7.194071e-04	1.582878e+03
1.0	1.024000e+03	4.096000e+04	8.100386e-03	6.775985e-04	1.582878e+03
1.0	1.280000e+03	4.096000e+04	8.091144e-03	7.158424e-04	1.582878e+03
1.0	1.536000e+03	4.096000e+04	7.904797e-03	7.879702e-04	1.582878e+03
1.0	1.280000e+02	4.096000e+04	1.121495e-02	6.958050e-04	2.507396e+03
1.0	2.560000e+02	4.096000e+04	1.121866e-02	8.761167e-04	2.507396e+03
1.0	3.840000e+02	4.096000e+04	1.108860e-02	9.612724e-04	2.507396e+03
1.0	5.120000e+02	4.096000e+04	1.121428e-02	8.400377e-04	2.507396e+03
1.0	6.400000e+02	4.096000e+04	1.121975e-02	8.625895e-04	2.507396e+03
1.0	7.580000e+02	4.096000e+04	1.097500e-02	1.000529e-03	2.507396e+03
1.0	8.760000e+02	4.096000e+04	1.088070e-02	9.669562e-04	2.507396e+03
1.0	1.024000e+03	4.096000e+04	1.122138e-02	7.771161e-04	2.507396e+03
1.0	1.280000e+03	4.096000e+04	1.121655e-02	7.419709e-04	2.507396e+03
1.0	1.536000e+03	4.096000e+04	1.115232e-02	6.471611e-04	2.507396e+03
1.0	1.280000e+02	4.096000e+04	9.518553e-03	6.578194e-04	3.971901e+03
1.0	2.560000e+02	4.096000e+04	9.521020e-03	8.678689e-04	3.971901e+03
1.0	3.840000e+02	4.096000e+04	9.687124e-03	1.040635e-03	3.971901e+03
1.0	5.120000e+02	4.096000e+04	9.517519e-03	1.130516e-03	3.971901e+03
1.0	6.400000e+02	4.096000e+04	9.509996e-03	1.138647e-03	3.971901e+03
1.0	7.580000e+02	4.096000e+04	9.756886e-03	1.123004e-03	3.971901e+03
1.0	8.760000e+02	4.096000e+04	9.838310e-03	1.368528e-03	3.971901e+03
1.0	1.024000e+03	4.096000e+04	9.515719e-03	1.354344e-03	3.971901e+03
1.0	1.280000e+03	4.096000e+04	9.501948e-03	1.221901e-03	3.971901e+03
1.0	1.536000e+03	4.096000e+04	1.012591e-02	1.210020e-03	3.971901e+03
1.0	1.280000e+02	4.096000e+04	1.157109e-02	1.042956e-03	6.291784e+03
1.0	2.560000e+02	4.096000e+04	1.157849e-02	1.450868e-03	6.291784e+03
1.0	3.840000e+02	4.096000e+04	1.176528e-02	1.783250e-03	6.291784e+03
1.0	5.120000e+02	4.096000e+04	1.157867e-02	1.967050e-03	6.291784e+03
1.0	6.400000e+02	4.096000e+04	1.156337e-02	2.149799e-03	6.291784e+03
1.0	7.580000e+02	4.096000e+04	1.181267e-02	2.357074e-03	6.291784e+03
1.0	8.760000e+02	4.096000e+04	1.178098e-02	2.640647e-03	6.291784e+03
1.0	1.024000e+03	4.096000e+04	1.157245e-02	2.475448e-03	6.291784e+03
1.0	1.280000e+03	4.096000e+04	1.157020e-02	2.511116e-03	6.291784e+03
1.0	1.536000e+03	4.096000e+04	1.119779e-02	3.392166e-03	6.291784e+03
