1.0	1.280000e+02	4.096000e+04	-2.000000e+04	0.000000e+00	2.000000e-02
1.0	2.560000e+02	4.096000e+04	-2.000000e+04	0.000000e+00	2.000000e-02
1.0	3.840000e+02	4.096000e+04	-2.000000e+04	0.000000e+00	2.000000e-02
1.0	5.120000e+02	4.096000e+04	-2.000000e+04	0.000000e+00	2.000000e-02
1.0	6.400000e+02	4.096000e+04	-2.000000e+04	0.000000e+00	2.000000e-02
1.0	7.580000e+02	4.096000e+04	-2.000000e+04	0.000000e+00	2.000000e-02
1.0	8.760000e+02	4.096000e+04	-2.000000e+04	0.000000e+00	2.000000e-02
1.0	1.024000e+03	4.096000e+04	-2.000000e+04	0.000000e+00	2.000000e-02
1.0	1.280000e+03	4.096000e+04	-2.000000e+04	0.000000e+00	2.000000e-02
1.0	1.536000e+03	4.096000e+04	-2.000000e+04	0.000000e+00	2.000000e-02
1.0	1.280000e+02	4.096000e+04	-2.000000e+04	0.000000e+00	2.200000e-01
1.0	2.560000e+02	4.096000e+04	-2.000000e+04	0.000000e+00	2.200000e-01
1.0	3.840000e+02	4.096000e+04	-2.000000e+04	0.000000e+00	2.200000e-01
1.0	5.120000e+02	4.096000e+04	-2.000000e+04	0.000000e+00	2.200000e-01
1.0	6.400000e+02	4.096000e+04	-2.000000e+04	0.000000e+00	2.200000e-01
1.0	7.580000e+02	4.096000e+04	-2.000000e+04	0.000000e+00	2.200000e-01
1.0	8.760000e+02	4.096000e+04	-2.000000e+04	0.000000e+00	2.200000e-01
1.0	1.024000e+03	4.096000e+04	-2.000000e+04	0.000000e+00	2.200000e-01
1.0	1.280000e+03	4.096000e+04	-2.000000e+04	0.000000e+00	2.200000e-01
1.0	1.536000e+03	4.096000e+04	-2.000000e+04	0.000000e+00	2.200000e-01
1.0	1.280000e+02	4.096000e+04	-2.000000e+04	0.000000e+00	4.200000e-01
1.0	2.560000e+02	4.096000e+04	-2.000000e+04	0.000000e+00	4.200000e-01
1.0	3.840000e+02	4.096000e+04	-2.000000e+04	0.000000e+00	4.200000e-01
1.0	5.120000e+02	4.096000e+04	-2.000000e+04	0.000000e+00	4.200000e-01
1.0	6.400000e+02	4.096000e+04	-2.000000e+04	0.000000e+00	4.200000e-01
1.0	7.580000e+02	4.096000e+04	-2.000000e+04	0.000000e+00	4.200000e-01
1.0	8.760000e+02	4.096000e+04	-2.000000e+04	0.000000e+00	4.200000e-01
1.0	1.024000e+03	4.096000e+04	-2.000000e+04	0.000000e+00	4.200000e-01
1.0	1.280000e+03	4.096000e+04	-2.000000e+04	0.000000e+00	4.200000e-01
1.0	1.536000e+03	4.096000e+04	-2.000000e+04	0.000000e+00	4.200000e-01
1.0	1.280000e+02	4.096000e+04	-1.999980e+04	1.079089e-02	6.200000e-01
1.0	2.560000e+02	4.096000e+04	-1.999980e+04	1.045874e-02	6.200000e-01
1.0	3.840000e+02	4.096000e+04	-1.999979e+04	8.839953e-03	6.200000e-01
1.0	5.120000e+02	4.096000e+04	-1.999980e+04	8.710429e-03	6.200000e-01
1.0	6.400000e+02	4.096000e+04	-1.999980e+04	7.818290e-03	6.200000e-01
1.0	7.580000e+02	4.096000e+04	-1.999980e+04	7.194941e-03	6.200000e-01
1.0	8.760000e+02	4.096000e+04	-1.999980e+04	7.640996e-03	6.200000e-01
1.0	1.024000e+03	4.096000e+04	-1.999980e+04	7.481088e-03	6.200000e-01
1.0	1.280000e+03	4.096000e+04	-1.999980e+04	5.891183e-03	6.200000e-01
1.0	1.536000e+03	4.096000e+04	-1.999980e+04	9.687803e-03	6.200000e-01
1.0	1.280000e+02	4.096000e+04	-1.999528e+04	6.001685e-02	8.200000e-01
1.0	2.560000e+02	4.096000e+04	-1.999528e+04	6.265446e-02	8.200000e-01
1.0	3.840000e+02	4.096000e+04	-1.999528e+04	5.735398e-02	8.200000e-01
1.0	5.120000e+02	4.096000e+04	-1.999528e+04	5.619944e-02	8.200000e-01
1.0	6.400000e+02	4.096000e+04	-1.999528e+04	5.684107e-02	8.200000e-01
1.0	7.580000e+02	4.096000e+04	-1.999527e+04	5.311111e-02	8.200000e-01
1.0	8.760000e+02	4.096000e+04	-1.999527e+04	5.000182e-02	8.200000e-01
1.0	1.024000e+03	4.096000e+04	-1.999528e+04	5.406205e-02	8.200000e-01
1.0	1.280000e+03	4.096000e+04	-1.999528e+04	5.215241e-02	8.200000e-01
1.0	1.536000e+03	4.096000e+04	-1.999526e+04	5.616904e-02	8.200000e-01
1.0	1.280000e+02	4.096000e+04	-1.997179e+04	1.702452e-01	1.000000e+00
1.0	2.560000e+02	4.096000e+04	-1.997179e+04	1.753040e-01	1.000000e+00
1.0	3.840000e+02	4.096000e+04	-1.997183e+04	1.681461e-01	1.000000e+00
1.0	5.120000e+02	4.096000e+04	-1.997179e+04	1.392909e-01	1.000000e+00
1.0	6.400000e+02	4.096000e+04	-1.997179e+04	1.535846e-01	1.000000e+00
1.0	7.580000e+02	4.096000e+04	-1.997185e+04	1.551425e-01	1.000000e+00
1.0	8.760000e+02	4.096000e+04	-1.997178e+04	1.474471e-01	1.000000e+00
1.0	1.024000e+03	4.096000e+04	-1.997179e+04	1.496132e-01	1.000000e+00
1.0	1.280000e+03	4.096000e+04	-1.997179e+04	1.622047e-01	1.000000e+00
1.0	1.536000e+03	4.096000e+04	-1.997183e+04	1.483950e-01	1.000000e+00
1.0	1.280000e+02	4.096000e+04	-1.993977e+04	2.080228e-01	1.100000e+00
1.0	2.560000e+02	4.096000e+04	-1.993977e+04	2.359243e-01	1.100000e+00
1.0	3.840000e+02	4.096000e+04	-1.993977e+04	2.486804e-01	1.100000e+00
1.0	5.120000e+02	4.096000e+04	-1.993977e+04	2.302072e-01	1.100000e+00
1.0	6.400000e+02	4.096000e+04	-1.993977e+04	1.846216e-01	1.100000e+00
1.0	7.580000e+02	4.096000e+04	-1.993976e+04	2.914351e-01	1.100000e+00
1.0	8.760000e+02	4.096000e+04	-1.993974e+04	2.378591e-01	1.100000e+00
1.0	1.024000e+03	4.096000e+04	-1.993977e+04	2.652825e-01	1.100000e+00
1.0	1.280000e+03	4.096000e+04	-1.993977e+04	2.096557e-01	1.100000e+00
1.0	1.536000e+03	4.096000e+04	-1.993966e+04	1.702434e-01	1.100000e+00
1.0	1.280000e+02	4.096000e+04	-1.988645e+04	3.380147e-01	1.200000e+00
1.0	2.560000e+02	4.096000e+04	-1.988645e+04	3.237904e-01	1.200000e+00
1.0	3.840000e+02	4.096000e+04	-1.988644e+04	3.236835e-01	1.200000e+00
1.0	5.120000e+02	4.096000e+04	-1.988645e+04	3.125053e-01	1.200000e+00
1.0	6.400000e+02	4.096000e+04	-1.988645e+04	3.524975e-01	1.200000e+00
1.0	7.580000e+02	4.096000e+04	-1.988645e+04	3.501025e-01	1.200000e+00
1.0	8.760000e+02	4.096000e+04	-1.988649e+04	3.211529e-01	1.200000e+00
1.0	1.024000e+03	4.096000e+04	-1.988645e+04	2.408426e-01	1.200000e+00
1.0	1.280000e+03	4.096000e+04	-1.988645e+04	3.593851e-01	1.200000e+00
1.0	1.536000e+03	4.096000e+04	-1.988637e+04	3.834671e-01	1.200000e+00
1.0	1.280000e+02	4.096000e+04	-1.980291e+04	4.589783e-01	1.300000e+00
1.0	2.560000e+02	4.096000e+04	-1.980291e+04	3.913021e-01	1.300000e+00
1.0	3.840000e+02	4.096000e+04	-1.980279e+04	4.156679e-01	1.300000e+00
1.0	5.120000e+02	4.096000e+04	-1.980290e+04	3.602828e-01	1.300000e+00
1.0	6.400000e+02	4.096000e+04	-1.980291e+04	4.309458e-01	1.300000e+00
1.0	7.580000e+02	4.096000e+04	-1.980276e+04	3.850307e-01	1.300000e+00
1.0	8.760000e+02	4.096000e+04	-1.980291e+04	3.552835e-01	1.300000e+00
1.0	1.024000e+03	4.096000e+04	-1.980291e+04	3.617253e-01	1.300000e+00
1.0	1.280000e+03	4.096000e+04	-1.980291e+04	3.814419e-01	1.300000e+00
1.0	1.536000e+03	4.096000e+04	-1.980293e+04	3.096410e-01	1.300000e+00
1.0	1.280000e+02	4.096000e+04	-1.967978e+04	5.937620e-01	1.400000e+00
1.0	2.560000e+02	4.096000e+04	-1.967978e+04	6.027640e-01	1.400000e+00
1.0	3.840000e+02	4.096000e+04	-1.967991e+04	6.350305e-01	1.400000e+00
1.0	5.120000e+02	4.096000e+04	-1.967978e+04	5.434717e-01	1.400000e+00
1.0	6.400000e+02	4.096000e+04	-1.967979e+04	5.967490e-01	1.400000e+00
1.0	7.580000e+02	4.096000e+04	-1.967999e+04	4.772510e-01	1.400000e+00
1.0	8.760000e+02	4.096000e+04	-1.968006e+04	6.340952e-01	1.400000e+00
1.0	1.024000e+03	4.096000e+04	-1.967978e+04	6.147173e-01	1.400000e+00
1.0	1.280000e+03	4.096000e+04	-1.967978e+04	5.117397e-01	1.400000e+00
1.0	1.536000e+03	4.096000e+04	-1.968005e+04	6.444651e-01	1.400000e+00
1.0	1.280000e+02	4.096000e+04	-1.951224e+04	7.585562e-01	1.500000e+00
1.0	2.560000e+02	4.096000e+04	-1.951224e+04	7.294753e-01	1.500000e+00
1.0	3.840000e+02	4.096000e+04	-1.951231e+04	7.681023e-01	1.500000e+00
1.0	5.120000e+02	4.096000e+04	-1.951224e+04	6.855593e-01	1.500000e+00
1.0	6.400000e+02	4.096000e+04	-1.951225e+04	6.567223e-01	1.500000e+00
1.0	7.580000e+02	4.096000e+04	-1.951239e+04	8.068542e-01	1.500000e+00
1.0	8.760000e+02	4.096000e+04	-1.951235e+04	9.499531e-01	1.500000e+00
1.0	1.024000e+03	4.096000e+04	-1.951224e+04	5.575426e-01	1.500000e+00
1.0	1.280000e+03	4.096000e+04	-1.951224e+04	3.082913e-01	1.500000e+00
1.0	1.536000e+03	4.096000e+04	-1.951220e+04	6.156978e-01	1.500000e+00
1.0	1.280000e+02	4.096000e+04	-1.928220e+04	1.014425e+00	1.600000e+00
1.0	2.560000e+02	4.096000e+04	-1.928219e+04	1.158595e+00	1.600000e+00
1.0	3.840000e+02	4.096000e+04	-1.928220e+04	1.184561e+00	1.600000e+00
1.0	5.120000e+02	4.096000e+04	-1.928220e+04	1.191375e+00	1.600000e+00
1.0	6.400000e+02	4.096000e+04	-1.928220e+04	1.021791e+00	1.600000e+00
1.0	7.580000e+02	4.096000e+04	-1.928204e+04	1.247315e+00	1.600000e+00
1.0	8.760000e+02	4.096000e+04	-1.928210e+04	1.711826e+00	1.600000e+00
1.0	1.024000e+03	4.096000e+04	-1.928219e+04	1.207579e+00	1.600000e+00
1.0	1.280000e+03	4.096000e+04	-1.928221e+04	1.116481e+00	1.600000e+00
1.0	1.536000e+03	4.096000e+04	-1.928262e+04	1.395153e+00	1.600000e+00
1.0	1.280000e+02	4.096000e+04	-1.898136e+04	1.443055e+00	1.700000e+00
1.0	2.560000e+02	4.096000e+04	-1.898136e+04	1.530637e+00	1.700000e+00
1.0	3.840000e+02	4.096000e+04	-1.898167e+04	1.517017e+00	1.700000e+00
1.0	5.120000e+02	4.096000e+04	-1.898135e+04	1.585345e+00	1.700000e+00
1.0	6.400000e+02	4.096000e+04	-1.898136e+04	1.365700e+00	1.700000e+00
1.0	7.580000e+02	4.096000e+04	-1.898181e+04	1.556605e+00	1.700000e+00
1.0	8.760000e+02	4.096000e+04	-1.898172e+04	1.227540e+00	1.700000e+00
1.0	1.024000e+03	4.096000e+04	-1.898136e+04	1.303027e+00	1.700000e+00
1.0	1.280000e+03	4.096000e+04	-1.898136e+04	1.160623e+00	1.700000e+00
1.0	1.536000e+03	4.096000e+04	-1.898154e+04	1.395508e+00	1.700000e+00
1.0	1.280000e+02	4.096000e+04	-1.859230e+04	1.504091e+00	1.800000e+00
1.0	2.560000e+02	4.096000e+04	-1.859230e+04	1.265141e+00	1.800000e+00
1.0	3.840000e+02	4.096000e+04	-1.859217e+04	1.063520e+00	1.800000e+00
1.0	5.120000e+02	4.096000e+04	-1.859231e+04	1.240524e+00	1.800000e+00
1.0	6.400000e+02	4.096000e+04	-1.859230e+04	9.454414e-01	1.800000e+00
1.0	7.580000e+02	4.096000e+04	-1.859246e+04	9.577787e-01	1.800000e+00
1.0	8.760000e+02	4.096000e+04	-1.859244e+04	1.401602e+00	1.800000e+00
1.0	1.024000e+03	4.096000e+04	-1.859230e+04	1.188839e+00	1.800000e+00
1.0	1.280000e+03	4.096000e+04	-1.859230e+04	1.078760e+00	1.800000e+00
1.0	1.536000e+03	4.096000e+04	-1.859213e+04	1.207613e+00	1.800000e+00
1.0	1.280000e+02	4.096000e+04	-1.809134e+04	2.140861e+00	1.900000e+00
1.0	2.560000e+02	4.096000e+04	-1.809134e+04	1.877764e+00	1.900000e+00
1.0	3.840000e+02	4.096000e+04	-1.809147e+04	2.006116e+00	1.900000e+00
1.0	5.120000e+02	4.096000e+04	-1.809134e+04	1.888674e+00	1.900000e+00
1.0	6.400000e+02	4.096000e+04	-1.809133e+04	2.174007e+00	1.900000e+00
1.0	7.580000e+02	4.096000e+04	-1.809124e+04	2.029353e+00	1.900000e+00
1.0	8.760000e+02	4.096000e+04	-1.809116e+04	1.574813e+00	1.900000e+00
1.0	1.024000e+03	4.096000e+04	-1.809134e+04	1.509066e+00	1.900000e+00
1.0	1.280000e+03	4.096000e+04	-1.809133e+04	1.309757e+00	1.900000e+00
1.0	1.536000e+03	4.096000e+04	-1.809208e+04	9.021768e-01	1.900000e+00
1.0	1.280000e+02	4.096000e+04	-1.745588e+04	3.148933e+00	2.000000e+00
1.0	2.560000e+02	4.096000e+04	-1.745587e+04	2.986412e+00	2.000000e+00
1.0	3.840000e+02	4.096000e+04	-1.745629e+04	3.075876e+00	2.000000e+00
1.0	5.120000e+02	4.096000e+04	-1.745586e+04	2.909715e+00	2.000000e+00
1.0	6.400000e+02	4.096000e+04	-1.745588e+04	2.900455e+00	2.000000e+00
1.0	7.580000e+02	4.096000e+04	-1.745647e+04	2.249903e+00	2.000000e+00
1.0	8.760000e+02	4.096000e+04	-1.745601e+04	2.176571e+00	2.000000e+00
1.0	1.024000e+03	4.096000e+04	-1.745587e+04	2.195730e+00	2.000000e+00
1.0	1.280000e+03	4.096000e+04	-1.745588e+04	3.402330e+00	2.000000e+00
1.0	1.536000e+03	4.096000e+04	-1.745643e+04	3.558014e+00	2.000000e+00
1.0	1.280000e+02	4.096000e+04	-1.662694e+04	4.803684e+00	2.100000e+00
1.0	2.560000e+02	4.096000e+04	-1.662699e+04	5.168414e+00	2.100000e+00
1.0	3.840000e+02	4.096000e+04	-1.662667e+04	5.495267e+00	2.100000e+00
1.0	5.120000e+02	4.096000e+04	-1.662697e+04	5.463551e+00	2.100000e+00
1.0	6.400000e+02	4.096000e+04	-1.662697e+04	6.661556e+00	2.100000e+00
1.0	7.580000e+02	4.096000e+04	-1.662679e+04	7.023756e+00	2.100000e+00
1.0	8.760000e+02	4.096000e+04	-1.662748e+04	5.750103e+00	2.100000e+00
1.0	1.024000e+03	4.096000e+04	-1.662699e+04	4.561244e+00	2.100000e+00
1.0	1.280000e+03	4.096000e+04	-1.662697e+04	5.401071e+00	2.100000e+00
1.0	1.536000e+03	4.096000e+04	-1.662819e+04	6.147168e+00	2.100000e+00
1.0	1.280000e+02	4.096000e+04	-1.545169e+04	1.044330e+01	2.200000e+00
1.0	2.560000e+02	4.096000e+04	-1.545167e+04	1.157042e+01	2.200000e+00
1.0	3.840000e+02	4.096000e+04	-1.544980e+04	1.273094e+01	2.200000e+00
1.0	5.120000e+02	4.096000e+04	-1.545159e+04	1.286280e+01	2.200000e+00
1.0	6.400000e+02	4.096000e+04	-1.545160e+04	1.175182e+01	2.200000e+00
1.0	7.580000e+02	4.096000e+04	-1.544920e+04	1.301246e+01	2.200000e+00
1.0	8.760000e+02	4.096000e+04	-1.544813e+04	1.326353e+01	2.200000e+00
1.0	1.024000e+03	4.096000e+04	-1.545168e+04	1.367342e+01	2.200000e+00
1.0	1.280000e+03	4.096000e+04	-1.545159e+04	1.220934e+01	2.200000e+00
1.0	1.536000e+03	4.096000e+04	-1.544980e+04	1.312709e+01	2.200000e+00
1.0	1.280000e+02	4.096000e+04	-1.345217e+04	2.358300e+01	2.300000e+00
1.0	2.560000e+02	4.096000e+04	-1.345219e+04	3.082772e+01	2.300000e+00
1.0	3.840000e+02	4.096000e+04	-1.345180e+04	3.571851e+01	2.300000e+00
1.0	5.120000e+02	4.096000e+04	-1.345193e+04	3.802927e+01	2.300000e+00
1.0	6.400000e+02	4.096000e+04	-1.345224e+04	3.889025e+01	2.300000e+00
1.0	7.580000e+02	4.096000e+04	-1.344983e+04	4.123827e+01	2.300000e+00
1.0	8.760000e+02	4.096000e+04	-1.344739e+04	4.752834e+01	2.300000e+00
1.0	1.024000e+03	4.096000e+04	-1.345232e+04	4.340051e+01	2.300000e+00
1.0	1.280000e+03	4.096000e+04	-1.345201e+04	3.657196e+01	2.300000e+00
1.0	1.536000e+03	4.096000e+04	-1.345309e+04	4.465865e+01	2.300000e+00
1.0	1.280000e+02	4.096000e+04	-1.202717e+04	7.244743e+00	2.400000e+00
1.0	2.560000e+02	4.096000e+04	-1.202719e+04	7.201891e+00	2.400000e+00
1.0	3.840000e+02	4.096000e+04	-1.202838e+04	8.699787e+00	2.400000e+00
1.0	5.120000e+02	4.096000e+04	-1.202711e+04	8.165755e+00	2.400000e+00
1.0	6.400000e+02	4.096000e+04	-1.202710e+04	6.341715e+00	2.400000e+00
1.0	7.580000e+02	4.096000e+04	-1.202808e+04	7.000333e+00	2.400000e+00
1.0	8.760000e+02	4.096000e+04	-1.202730e+04	8.742314e+00	2.400000e+00
1.0	1.024000e+03	4.096000e+04	-1.202712e+04	6.137587e+00	2.400000e+00
1.0	1.280000e+03	4.096000e+04	-1.202716e+04	5.300224e+00	2.400000e+00
1.0	1.536000e+03	4.096000e+04	-1.202621e+04	6.466730e+00	2.400000e+00
1.0	1.280000e+02	4.096000e+04	-1.106191e+04	4.798034e+00	2.500000e+00
1.0	2.560000e+02	4.096000e+04	-1.106190e+04	5.017053e+00	2.500000e+00
1.0	3.840000e+02	4.096000e+04	-1.106176e+04	5.041083e+00	2.500000e+00
1.0	5.120000e+02	4.096000e+04	-1.106187e+04	5.457438e+00	2.500000e+00
1.0	6.400000e+02	4.096000e+04	-1.106189e+04	4.653906e+00	2.500000e+00
1.0	7.580000e+02	4.096000e+04	-1.106189e+04	6.061194e+00	2.500000e+00
1.0	8.760000e+02	4.096000e+04	-1.106170e+04	6.223523e+00	2.500000e+00
1.0	1.024000e+03	4.096000e+04	-1.106191e+04	6.290330e+00	2.500000e+00
1.0	1.280000e+03	4.096000e+04	-1.106186e+04	5.801208e+00	2.500000e+00
1.0	1.536000e+03	4.096000e+04	-1.105980e+04	7.111618e+00	2.500000e+00
1.0	1.280000e+02	4.096000e+04	-1.028673e+04	5.003090e+00	2.600000e+00
1.0	2.560000e+02	4.096000e+04	-1.028672e+04	4.823981e+00	2.600000e+00
1.0	3.840000e+02	4.096000e+04	-1.028683e+04	4.579854e+00	2.600000e+00
1.0	5.120000e+02	4.096000e+04	-1.028671e+04	4.122094e+00	2.600000e+00
1.0	6.400000e+02	4.096000e+04	-1.028669e+04	3.321659e+00	2.600000e+00
1.0	7.580000e+02	4.096000e+04	-1.028638e+04	3.727841e+00	2.600000e+00
1.0	8.760000e+02	4.096000e+04	-1.028570e+04	4.975579e+00	2.600000e+00
1.0	1.024000e+03	4.096000e+04	-1.028669e+04	3.286284e+00	2.600000e+00
1.0	1.280000e+03	4.096000e+04	-1.028670e+04	4.184583e+00	2.600000e+00
1.0	1.536000e+03	4.096000e+04	-1.028620e+04	3.859745e+00	2.600000e+00
1.0	1.280000e+02	4.096000e+04	-9.634108e+03	3.461801e+00	2.700000e+00
1.0	2.560000e+02	4.096000e+04	-9.634142e+03	3.269377e+00	2.700000e+00
1.0	3.840000e+02	4.096000e+04	-9.634112e+03	3.085873e+00	2.700000e+00
1.0	5.120000e+02	4.096000e+04	-9.634150e+03	2.594089e+00	2.700000e+00
1.0	6.400000e+02	4.096000e+04	-9.634136e+03	3.549394e+00	2.700000e+00
1.0	7.580000e+02	4.096000e+04	-9.634209e+03	2.307566e+00	2.700000e+00
1.0	8.760000e+02	4.096000e+04	-9.634984e+03	2.011955e+00	2.700000e+00
1.0	1.024000e+03	4.096000e+04	-9.634156e+03	2.920428e+00	2.700000e+00
1.0	1.280000e+03	4.096000e+04	-9.634197e+03	4.176536e+00	2.700000e+00
1.0	1.536000e+03	4.096000e+04	-9.635498e+03	1.583878e+00	2.700000e+00
1.0	1.280000e+02	4.096000e+04	-9.080110e+03	3.120812e+00	2.800000e+00
1.0	2.560000e+02	4.096000e+04	-9.080097e+03	3.398059e+00	2.800000e+00
1.0	3.840000e+02	4.096000e+04	-9.080987e+03	3.156741e+00	2.800000e+00
1.0	5.120000e+02	4.096000e+04	-9.080108e+03	3.456289e+00	2.800000e+00
1.0	6.400000e+02	4.096000e+04	-9.080136e+03	3.018958e+00	2.800000e+00
1.0	7.580000e+02	4.096000e+04	-9.081040e+03	3.769336e+00	2.800000e+00
1.0	8.760000e+02	4.096000e+04	-9.080884e+03	3.329647e+00	2.800000e+00
1.0	1.024000e+03	4.096000e+04	-9.080141e+03	2.949990e+00	2.800000e+00
1.0	1.280000e+03	4.096000e+04	-9.080107e+03	1.607873e+00	2.800000e+00
1.0	1.536000e+03	4.096000e+04	-9.080544e+03	3.965255e+00	2.800000e+00
1.0	1.280000e+02	4.096000e+04	-8.598168e+03	3.133716e+00	2.900000e+00
1.0	2.560000e+02	4.096000e+04	-8.598200e+03	2.746685e+00	2.900000e+00
1.0	3.840000e+02	4.096000e+04	-8.597934e+03	2.852793e+00	2.900000e+00
1.0	5.120000e+02	4.096000e+04	-8.598155e+03	2.675374e+00	2.900000e+00
1.0	6.400000e+02	4.096000e+04	-8.598184e+03	2.817103e+00	2.900000e+00
1.0	7.580000e+02	4.096000e+04	-8.597953e+03	2.214285e+00	2.900000e+00
1.0	8.760000e+02	4.096000e+04	-8.598178e+03	3.450515e+00	2.900000e+00
1.0	1.024000e+03	4.096000e+04	-8.598181e+03	2.022176e+00	2.900000e+00
1.0	1.280000e+03	4.096000e+04	-8.598188e+03	3.155412e+00	2.900000e+00
1.0	1.536000e+03	4.096000e+04	-8.597336e+03	2.101337e+00	2.900000e+00
1.0	1.280000e+02	4.096000e+04	-8.174757e+03	2.556733e+00	3.000000e+00
1.0	2.560000e+02	4.096000e+04	-8.174756e+03	2.664792e+00	3.000000e+00
1.0	3.840000e+02	4.096000e+04	-8.174572e+03	3.150489e+00	3.000000e+00
1.0	5.120000e+02	4.096000e+04	-8.174772e+03	2.675669e+00	3.000000e+00
1.0	6.400000e+02	4.096000e+04	-8.174757e+03	3.574764e+00	3.000000e+00
1.0	7.580000e+02	4.096000e+04	-8.174829e+03	3.173738e+00	3.000000e+00
1.0	8.760000e+02	4.096000e+04	-8.175248e+03	2.819012e+00	3.000000e+00
1.0	1.024000e+03	4.096000e+04	-8.174771e+03	2.709183e+00	3.000000e+00
1.0	1.280000e+03	4.096000e+04	-8.174752e+03	3.443220e+00	3.000000e+00
1.0	1.536000e+03	4.096000e+04	-8.176408e+03	2.936976e+00	3.000000e+00
1.0	1.280000e+02	4.096000e+04	-7.791751e+03	2.768724e+00	3.100000e+00
1.0	2.560000e+02	4.096000e+04	-7.791756e+03	2.797800e+00	3.100000e+00
1.0	3.840000e+02	4.096000e+04	-7.791922e+03	2.694058e+00	3.100000e+00
1.0	5.120000e+02	4.096000e+04	-7.791754e+03	2.487594e+00	3.100000e+00
1.0	6.400000e+02	4.096000e+04	-7.791745e+03	2.325728e+00	3.100000e+00
1.0	7.580000e+02	4.096000e+04	-7.791603e+03	1.884631e+00	3.100000e+00
1.0	8.760000e+02	4.096000e+04	-7.790605e+03	2.590182e+00	3.100000e+00
1.0	1.024000e+03	4.096000e+04	-7.791759e+03	1.705815e+00	3.100000e+00
1.0	1.280000e+03	4.096000e+04	-7.791757e+03	2.258010e+00	3.100000e+00
1.0	1.536000e+03	4.096000e+04	-7.790694e+03	9.316226e-01	3.100000e+00
1.0	1.280000e+02	4.096000e+04	-7.453194e+03	2.455187e+00	3.200000e+00
1.0	2.560000e+02	4.096000e+04	-7.453188e+03	2.492416e+00	3.200000e+00
1.0	3.840000e+02	4.096000e+04	-7.453040e+03	2.459581e+00	3.200000e+00
1.0	5.120000e+02	4.096000e+04	-7.453181e+03	2.458308e+00	3.200000e+00
1.0	6.400000e+02	4.096000e+04	-7.453203e+03	2.539895e+00	3.200000e+00
1.0	7.580000e+02	4.096000e+04	-7.452728e+03	2.395445e+00	3.200000e+00
1.0	8.760000e+02	4.096000e+04	-7.452177e+03	2.861564e+00	3.200000e+00
1.0	1.024000e+03	4.096000e+04	-7.453158e+03	2.715439e+00	3.200000e+00
1.0	1.280000e+03	4.096000e+04	-7.453166e+03	2.451864e+00	3.200000e+00
1.0	1.536000e+03	4.096000e+04	-7.452281e+03	3.142004e+00	3.200000e+00
1.0	1.280000e+02	4.096000e+04	-7.138211e+03	2.269423e+00	3.300000e+00
1.0	2.560000e+02	4.096000e+04	-7.138213e+03	2.333218e+00	3.300000e+00
1.0	3.840000e+02	4.096000e+04	-7.138579e+03	2.061280e+00	3.300000e+00
1.0	5.120000e+02	4.096000e+04	-7.138228e+03	2.092127e+00	3.300000e+00
1.0	6.400000e+02	4.096000e+04	-7.138204e+03	1.890101e+00	3.300000e+00
1.0	7.580000e+02	4.096000e+04	-7.138361e+03	2.444666e+00	3.300000e+00
1.0	8.760000e+02	4.096000e+04	-7.138652e+03	2.530063e+00	3.300000e+00
1.0	1.024000e+03	4.096000e+04	-7.138213e+03	2.312657e+00	3.300000e+00
1.0	1.280000e+03	4.096000e+04	-7.138194e+03	1.599293e+00	3.300000e+00
1.0	1.536000e+03	4.096000e+04	-7.138389e+03	1.181400e+00	3.300000e+00
1.0	1.280000e+02	4.096000e+04	-6.860306e+03	2.109361e+00	3.400000e+00
1.0	2.560000e+02	4.096000e+04	-6.860304e+03	2.281912e+00	3.400000e+00
1.0	3.840000e+02	4.096000e+04	-6.859581e+03	2.393362e+00	3.400000e+00
1.0	5.120000e+02	4.096000e+04	-6.860288e+03	2.178481e+00	3.400000e+00
1.0	6.400000e+02	4.096000e+04	-6.860281e+03	2.325271e+00	3.400000e+00
1.0	7.580000e+02	4.096000e+04	-6.859428e+03	1.828437e+00	3.400000e+00
1.0	8.760000e+02	4.096000e+04	-6.859361e+03	1.763960e+00	3.400000e+00
1.0	1.024000e+03	4.096000e+04	-6.860292e+03	1.814129e+00	3.400000e+00
1.0	1.280000e+03	4.096000e+04	-6.860291e+03	2.155947e+00	3.400000e+00
1.0	1.536000e+03	4.096000e+04	-6.859016e+03	1.441731e+00	3.400000e+00
1.0	1.280000e+02	4.096000e+04	-6.602988e+03	2.067500e+00	3.500000e+00
1.0	2.560000e+02	4.096000e+04	-6.602984e+03	2.124266e+00	3.500000e+00
1.0	3.840000e+02	4.096000e+04	-6.603000e+03	2.307967e+00	3.500000e+00
1.0	5.120000e+02	4.096000e+04	-6.603008e+03	2.309340e+00	3.500000e+00
1.0	6.400000e+02	4.096000e+04	-6.603004e+03	2.234196e+00	3.500000e+00
1.0	7.580000e+02	4.096000e+04	-6.603163e+03	1.544293e+00	3.500000e+00
1.0	8.760000e+02	4.096000e+04	-6.602631e+03	2.039478e+00	3.500000e+00
1.0	1.024000e+03	4.096000e+04	-6.603002e+03	2.123877e+00	3.500000e+00
1.0	1.280000e+03	4.096000e+04	-6.602993e+03	2.074114e+00	3.500000e+00
1.0	1.536000e+03	4.096000e+04	-6.602939e+03	2.178333e+00	3.500000e+00
1.0	1.280000e+02	4.096000e+04	-6.146279e+03	1.945148e+00	3.700000e+00
1.0	2.560000e+02	4.096000e+04	-6.146269e+03	1.966010e+00	3.700000e+00
1.0	3.840000e+02	4.096000e+04	-6.146080e+03	1.897541e+00	3.700000e+00
1.0	5.120000e+02	4.096000e+04	-6.146261e+03	2.112556e+00	3.700000e+00
1.0	6.400000e+02	4.096000e+04	-6.146279e+03	1.732824e+00	3.700000e+00
1.0	7.580000e+02	4.096000e+04	-6.146295e+03	1.461531e+00	3.700000e+00
1.0	8.760000e+02	4.096000e+04	-6.145996e+03	1.787718e+00	3.700000e+00
1.0	1.024000e+03	4.096000e+04	-6.146266e+03	1.996201e+00	3.700000e+00
1.0	1.280000e+03	4.096000e+04	-6.146267e+03	1.867587e+00	3.700000e+00
1.0	1.536000e+03	4.096000e+04	-6.146151e+03	2.558193e+00	3.700000e+00
1.0	1.280000e+02	4.096000e+04	-5.749521e+03	1.920381e+00	3.900000e+00
1.0	2.560000e+02	4.096000e+04	-5.749512e+03	1.749282e+00	3.900000e+00
1.0	3.840000e+02	4.096000e+04	-5.749164e+03	1.946534e+00	3.900000e+00
1.0	5.120000e+02	4.096000e+04	-5.749540e+03	1.741550e+00	3.900000e+00
1.0	6.400000e+02	4.096000e+04	-5.749518e+03	1.869434e+00	3.900000e+00
1.0	7.580000e+02	4.096000e+04	-5.749305e+03	1.679981e+00	3.900000e+00
1.0	8.760000e+02	4.096000e+04	-5.749067e+03	2.014944e+00	3.900000e+00
1.0	1.024000e+03	4.096000e+04	-5.749535e+03	1.427953e+00	3.900000e+00
1.0	1.280000e+03	4.096000e+04	-5.749534e+03	1.519831e+00	3.900000e+00
1.0	1.536000e+03	4.096000e+04	-5.749223e+03	1.389833e+00	3.900000e+00
1.0	1.280000e+02	4.096000e+04	-5.407869e+03	1.625465e+00	4.100000e+00
1.0	2.560000e+02	4.096000e+04	-5.407884e+03	1.538006e+00	4.100000e+00
1.0	3.840000e+02	4.096000e+04	-5.407938e+03	1.546325e+00	4.100000e+00
1.0	5.120000e+02	4.096000e+04	-5.407871e+03	1.498081e+00	4.100000e+00
1.0	6.400000e+02	4.096000e+04	-5.407874e+03	1.444616e+00	4.100000e+00
1.0	7.580000e+02	4.096000e+04	-5.407939e+03	1.723783e+00	4.100000e+00
1.0	8.760000e+02	4.096000e+04	-5.407607e+03	1.533509e+00	4.100000e+00
1.0	1.024000e+03	4.096000e+04	-5.407873e+03	1.379905e+00	4.100000e+00
1.0	1.280000e+03	4.096000e+04	-5.407869e+03	1.338696e+00	4.100000e+00
1.0	1.536000e+03	4.096000e+04	-5.407685e+03	1.652501e+00	4.100000e+00
1.0	1.280000e+02	4.096000e+04	-5.106074e+03	1.755275e+00	4.300000e+00
1.0	2.560000e+02	4.096000e+04	-5.106080e+03	1.733321e+00	4.300000e+00
1.0	3.840000e+02	4.096000e+04	-5.105826e+03	1.627636e+00	4.300000e+00
1.0	5.120000e+02	4.096000e+04	-5.106086e+03	1.602423e+00	4.300000e+00
1.0	6.400000e+02	4.096000e+04	-5.106075e+03	1.768024e+00	4.300000e+00
1.0	7.580000e+02	4.096000e+04	-5.105822e+03	1.288564e+00	4.300000e+00
1.0	8.760000e+02	4.096000e+04	-5.105767e+03	1.221078e+00	4.300000e+00
1.0	1.024000e+03	4.096000e+04	-5.106076e+03	1.030309e+00	4.300000e+00
1.0	1.280000e+03	4.096000e+04	-5.106074e+03	1.016635e+00	4.300000e+00
1.0	1.536000e+03	4.096000e+04	-5.105410e+03	7.523664e-01	4.300000e+00
1.0	1.280000e+02	4.096000e+04	-4.837631e+03	1.817759e+00	4.500000e+00
1.0	2.560000e+02	4.096000e+04	-4.837622e+03	2.001711e+00	4.500000e+00
1.0	3.840000e+02	4.096000e+04	-4.837228e+03	2.328419e+00	4.500000e+00
1.0	5.120000e+02	4.096000e+04	-4.837621e+03	2.354415e+00	4.500000e+00
1.0	6.400000e+02	4.096000e+04	-4.837622e+03	2.314819e+00	4.500000e+00
1.0	7.580000e+02	4.096000e+04	-4.837077e+03	2.421607e+00	4.500000e+00
1.0	8.760000e+02	4.096000e+04	-4.837293e+03	1.893337e+00	4.500000e+00
1.0	1.024000e+03	4.096000e+04	-4.837620e+03	1.894345e+00	4.500000e+00
1.0	1.280000e+03	4.096000e+04	-4.837614e+03	1.682819e+00	4.500000e+00
1.0	1.536000e+03	4.096000e+04	-4.838057e+03	2.090881e+00	4.500000e+00
1.0	1.280000e+02	4.096000e+04	-4.186729e+03	1.668902e+00	5.100000e+00
1.0	2.560000e+02	4.096000e+04	-4.186733e+03	1.387539e+00	5.100000e+00
1.0	3.840000e+02	4.096000e+04	-4.186876e+03	1.414715e+00	5.100000e+00
1.0	5.120000e+02	4.096000e+04	-4.186721e+03	1.595038e+00	5.100000e+00
1.0	6.400000e+02	4.096000e+04	-4.186720e+03	1.215653e+00	5.100000e+00
1.0	7.580000e+02	4.096000e+04	-4.186978e+03	1.294855e+00	5.100000e+00
1.0	8.760000e+02	4.096000e+04	-4.187071e+03	1.203940e+00	5.100000e+00
1.0	1.024000e+03	4.096000e+04	-4.186726e+03	1.357044e+00	5.100000e+00
1.0	1.280000e+03	4.096000e+04	-4.186712e+03	1.431782e+00	5.100000e+00
1.0	1.536000e+03	4.096000e+04	-4.187476e+03	9.696693e-01	5.100000e+00
1.0	1.280000e+02	4.096000e+04	-3.696020e+03	1.512827e+00	5.700000e+00
1.0	2.560000e+02	4.096000e+04	-3.696015e+03	1.441200e+00	5.700000e+00
1.0	3.840000e+02	4.096000e+04	-3.696522e+03	1.426446e+00	5.700000e+00
1.0	5.120000e+02	4.096000e+04	-3.696020e+03	1.646902e+00	5.700000e+00
1.0	6.400000e+02	4.096000e+04	-3.696021e+03	1.595671e+00	5.700000e+00
1.0	7.580000e+02	4.096000e+04	-3.696429e+03	1.382006e+00	5.700000e+00
1.0	8.760000e+02	4.096000e+04	-3.696400e+03	1.579833e+00	5.700000e+00
1.0	1.024000e+03	4.096000e+04	-3.696019e+03	1.379390e+00	5.700000e+00
1.0	1.280000e+03	4.096000e+04	-3.696021e+03	1.813908e+00	5.700000e+00
1.0	1.536000e+03	4.096000e+04	-3.696689e+03	1.417612e+00	5.700000e+00
1.0	1.280000e+02	4.096000e+04	-3.311053e+03	1.547006e+00	6.300000e+00
1.0	2.560000e+02	4.096000e+04	-3.311054e+03	1.588663e+00	6.300000e+00
1.0	3.840000e+02	4.096000e+04	-3.311091e+03	1.588115e+00	6.300000e+00
1.0	5.120000e+02	4.096000e+04	-3.311045e+03	1.652931e+00	6.300000e+00
1.0	6.400000e+02	4.096000e+04	-3.311051e+03	1.247326e+00	6.300000e+00
1.0	7.580000e+02	4.096000e+04	-3.310818e+03	1.208054e+00	6.300000e+00
1.0	8.760000e+02	4.096000e+04	-3.310614e+03	1.585256e+00	6.300000e+00
1.0	1.024000e+03	4.096000e+04	-3.311048e+03	1.313815e+00	6.300000e+00
1.0	1.280000e+03	4.096000e+04	-3.311041e+03	1.230343e+00	6.300000e+00
1.0	1.536000e+03	4.096000e+04	-3.310681e+03	1.572580e+00	6.300000e+00
1.0	1.280000e+02	4.096000e+04	-3.002614e+03	1.654120e+00	6.900000e+00
1.0	2.560000e+02	4.096000e+04	-3.002621e+03	1.585513e+00	6.900000e+00
1.0	3.840000e+02	4.096000e+04	-3.002396e+03	1.537047e+00	6.900000e+00
1.0	5.120000e+02	4.096000e+04	-3.002619e+03	1.541717e+00	6.900000e+00
1.0	6.400000e+02	4.096000e+04	-3.002617e+03	1.910237e+00	6.900000e+00
1.0	7.580000e+02	4.096000e+04	-3.002504e+03	1.661770e+00	6.900000e+00
1.0	8.760000e+02	4.096000e+04	-3.002604e+03	2.109507e+00	6.900000e+00
1.0	1.024000e+03	4.096000e+04	-3.002629e+03	1.627029e+00	6.900000e+00
1.0	1.280000e+03	4.096000e+04	-3.002616e+03	1.786995e+00	6.900000e+00
1.0	1.536000e+03	4.096000e+04	-3.002632e+03	1.955272e+00	6.900000e+00
1.0	1.280000e+02	4.096000e+04	-2.747609e+03	1.477397e+00	7.500000e+00
1.0	2.560000e+02	4.096000e+04	-2.747607e+03	1.489936e+00	7.500000e+00
1.0	3.840000e+02	4.096000e+04	-2.747765e+03	1.455006e+00	7.500000e+00
1.0	5.120000e+02	4.096000e+04	-2.747606e+03	1.261879e+00	7.500000e+00
1.0	6.400000e+02	4.096000e+04	-2.747598e+03	1.654966e+00	7.500000e+00
1.0	7.580000e+02	4.096000e+04	-2.747696e+03	1.336690e+00	7.500000e+00
1.0	8.760000e+02	4.096000e+04	-2.747784e+03	1.566175e+00	7.500000e+00
1.0	1.024000e+03	4.096000e+04	-2.747613e+03	1.390661e+00	7.500000e+00
1.0	1.280000e+03	4.096000e+04	-2.747597e+03	1.324220e+00	7.500000e+00
1.0	1.536000e+03	4.096000e+04	-2.747906e+03	1.698702e+00	7.500000e+00
1.0	1.280000e+02	4.096000e+04	-2.532923e+03	1.522390e+00	8.100000e+00
1.0	2.560000e+02	4.096000e+04	-2.532921e+03	1.387765e+00	8.100000e+00
1.0	3.840000e+02	4.096000e+04	-2.533015e+03	1.423841e+00	8.100000e+00
1.0	5.120000e+02	4.096000e+04	-2.532945e+03	1.325087e+00	8.100000e+00
1.0	6.400000e+02	4.096000e+04	-2.532944e+03	1.440409e+00	8.100000e+00
1.0	7.580000e+02	4.096000e+04	-2.533117e+03	1.230024e+00	8.100000e+00
1.0	8.760000e+02	4.096000e+04	-2.533613e+03	1.625019e+00	8.100000e+00
1.0	1.024000e+03	4.096000e+04	-2.532927e+03	1.367234e+00	8.100000e+00
1.0	1.280000e+03	4.096000e+04	-2.532937e+03	1.715119e+00	8.100000e+00
1.0	1.536000e+03	4.096000e+04	-2.533040e+03	1.631689e+00	8.100000e+00
1.0	1.280000e+02	4.096000e+04	-2.354286e+03	1.528679e+00	8.700000e+00
1.0	2.560000e+02	4.096000e+04	-2.354297e+03	1.468951e+00	8.700000e+00
1.0	3.840000e+02	4.096000e+04	-2.354263e+03	1.713240e+00	8.700000e+00
1.0	5.120000e+02	4.096000e+04	-2.354293e+03	1.586925e+00	8.700000e+00
1.0	6.400000e+02	4.096000e+04	-2.354278e+03	1.631060e+00	8.700000e+00
1.0	7.580000e+02	4.096000e+04	-2.354249e+03	1.569793e+00	8.700000e+00
1.0	8.760000e+02	4.096000e+04	-2.354234e+03	8.944231e-01	8.700000e+00
1.0	1.024000e+03	4.096000e+04	-2.354291e+03	1.111429e+00	8.700000e+00
1.0	1.280000e+03	4.096000e+04	-2.354299e+03	8.124985e-01	8.700000e+00
1.0	1.536000e+03	4.096000e+04	-2.353820e+03	1.839579e+00	8.700000e+00
1.0	1.280000e+02	4.096000e+04	-2.191069e+03	1.351562e+00	9.300000e+00
1.0	2.560000e+02	4.096000e+04	-2.191056e+03	1.288912e+00	9.300000e+00
1.0	3.840000e+02	4.096000e+04	-2.190918e+03	1.458110e+00	9.300000e+00
1.0	5.120000e+02	4.096000e+04	-2.191058e+03	1.284893e+00	9.300000e+00
1.0	6.400000e+02	4.096000e+04	-2.191075e+03	1.306449e+00	9.300000e+00
1.0	7.580000e+02	4.096000e+04	-2.191129e+03	1.555982e+00	9.300000e+00
1.0	8.760000e+02	4.096000e+04	-2.191412e+03	1.639548e+00	9.300000e+00
1.0	1.024000e+03	4.096000e+04	-2.191062e+03	1.525935e+00	9.300000e+00
1.0	1.280000e+03	4.096000e+04	-2.191062e+03	1.315009e+00	9.300000e+00
1.0	1.536000e+03	4.096000e+04	-2.191666e+03	1.587171e+00	9.300000e+00
1.0	1.280000e+02	4.096000e+04	-2.053741e+03	1.582836e+00	9.900000e+00
1.0	2.560000e+02	4.096000e+04	-2.053743e+03	1.666109e+00	9.900000e+00
1.0	3.840000e+02	4.096000e+04	-2.054082e+03	1.349552e+00	9.900000e+00
1.0	5.120000e+02	4.096000e+04	-2.053730e+03	1.657962e+00	9.900000e+00
1.0	6.400000e+02	4.096000e+04	-2.053743e+03	1.692889e+00	9.900000e+00
1.0	7.580000e+02	4.096000e+04	-2.053964e+03	1.750343e+00	9.900000e+00
1.0	8.760000e+02	4.096000e+04	-2.054374e+03	1.565547e+00	9.900000e+00
1.0	1.024000e+03	4.096000e+04	-2.053735e+03	1.818969e+00	9.900000e+00
1.0	1.280000e+03	4.096000e+04	-2.053739e+03	1.334007e+00	9.900000e+00
1.0	1.536000e+03	4.096000e+04	-2.054508e+03	1.924958e+00	9.900000e+00
1.0	1.280000e+02	4.096000e+04	-2.031717e+03	1.623901e+00	1.001000e+01
1.0	2.560000e+02	4.096000e+04	-2.031706e+03	1.635309e+00	1.001000e+01
1.0	3.840000e+02	4.096000e+04	-2.031747e+03	1.577555e+00	1.001000e+01
1.0	5.120000e+02	4.096000e+04	-2.031704e+03	1.512170e+00	1.001000e+01
1.0	6.400000e+02	4.096000e+04	-2.031706e+03	1.362582e+00	1.001000e+01
1.0	7.580000e+02	4.096000e+04	-2.031635e+03	1.423907e+00	1.001000e+01
1.0	8.760000e+02	4.096000e+04	-2.031812e+03	1.286587e+00	1.001000e+01
1.0	1.024000e+03	4.096000e+04	-2.031712e+03	1.207944e+00	1.001000e+01
1.0	1.280000e+03	4.096000e+04	-2.031697e+03	1.513170e+00	1.001000e+01
1.0	1.536000e+03	4.096000e+04	-2.032206e+03	1.097548e+00	1.001000e+01
1.0	1.280000e+02	4.096000e+04	-1.684507e+03	1.503462e+00	1.201000e+01
1.0	2.560000e+02	4.096000e+04	-1.684492e+03	1.622977e+00	1.201000e+01
1.0	3.840000e+02	4.096000e+04	-1.684399e+03	1.709120e+00	1.201000e+01
1.0	5.120000e+02	4.096000e+04	-1.684498e+03	1.646320e+00	1.201000e+01
1.0	6.400000e+02	4.096000e+04	-1.684503e+03	1.483869e+00	1.201000e+01
1.0	7.580000e+02	4.096000e+04	-1.684232e+03	1.920816e+00	1.201000e+01
1.0	8.760000e+02	4.096000e+04	-1.683990e+03	1.620775e+00	1.201000e+01
1.0	1.024000e+03	4.096000e+04	-1.684498e+03	1.734806e+00	1.201000e+01
1.0	1.280000e+03	4.096000e+04	-1.684505e+03	1.406271e+00	1.201000e+01
1.0	1.536000e+03	4.096000e+04	-1.683473e+03	1.294355e+00	1.201000e+01
1.0	1.280000e+02	4.096000e+04	-1.440978e+03	1.932740e+00	1.401000e+01
1.0	2.560000e+02	4.096000e+04	-1.440966e+03	1.711183e+00	1.401000e+01
1.0	3.840000e+02	4.096000e+04	-1.440687e+03	1.622800e+00	1.401000e+01
1.0	5.120000e+02	4.096000e+04	-1.440987e+03	1.792526e+00	1.401000e+01
1.0	6.400000e+02	4.096000e+04	-1.440973e+03	2.052088e+00	1.401000e+01
1.0	7.580000e+02	4.096000e+04	-1.440767e+03	2.111229e+00	1.401000e+01
1.0	8.760000e+02	4.096000e+04	-1.440865e+03	1.921992e+00	1.401000e+01
1.0	1.024000e+03	4.096000e+04	-1.440964e+03	2.031106e+00	1.401000e+01
1.0	1.280000e+03	4.096000e+04	-1.440959e+03	2.121591e+00	1.401000e+01
1.0	1.536000e+03	4.096000e+04	-1.440365e+03	1.974961e+00	1.401000e+01
1.0	1.280000e+02	4.096000e+04	-1.256348e+03	1.834647e+00	1.601000e+01
1.0	2.560000e+02	4.096000e+04	-1.256349e+03	1.838962e+00	1.601000e+01
1.0	3.840000e+02	4.096000e+04	-1.256794e+03	1.816995e+00	1.601000e+01
1.0	5.120000e+02	4.096000e+04	-1.256358e+03	1.813552e+00	1.601000e+01
1.0	6.400000e+02	4.096000e+04	-1.256348e+03	1.866096e+00	1.601000e+01
1.0	7.580000e+02	4.096000e+04	-1.257196e+03	9.768979e-01	1.601000e+01
1.0	8.760000e+02	4.096000e+04	-1.257498e+03	1.153696e+00	1.601000e+01
1.0	1.024000e+03	4.096000e+04	-1.256353e+03	1.559027e+00	1.601000e+01
1.0	1.280000e+03	4.096000e+04	-1.256351e+03	1.839690e+00	1.601000e+01
1.0	1.536000e+03	4.096000e+04	-1.257209e+03	1.052404e+00	1.601000e+01
1.0	1.280000e+02	4.096000e+04	-1.116498e+03	1.997589e+00	1.801000e+01
1.0	2.560000e+02	4.096000e+04	-1.116517e+03	1.760198e+00	1.801000e+01
1.0	3.840000e+02	4.096000e+04	-1.116535e+03	1.788059e+00	1.801000e+01
1.0	5.120000e+02	4.096000e+04	-1.116493e+03	1.661506e+00	1.801000e+01
1.0	6.400000e+02	4.096000e+04	-1.116506e+03	2.151535e+00	1.801000e+01
1.0	7.580000e+02	4.096000e+04	-1.116879e+03	1.578811e+00	1.801000e+01
1.0	8.760000e+02	4.096000e+04	-1.116383e+03	2.055729e+00	1.801000e+01
1.0	1.024000e+03	4.096000e+04	-1.116491e+03	1.463936e+00	1.801000e+01
1.0	1.280000e+03	4.096000e+04	-1.116498e+03	2.011820e+00	1.801000e+01
1.0	1.536000e+03	4.096000e+04	-1.117543e+03	1.376098e+00	1.801000e+01
1.0	1.280000e+02	4.096000e+04	-1.004129e+03	2.177555e+00	2.000536e+01
1.0	2.560000e+02	4.096000e+04	-1.004102e+03	2.346690e+00	2.000536e+01
1.0	3.840000e+02	4.096000e+04	-1.003586e+03	2.207350e+00	2.000536e+01
1.0	5.120000e+02	4.096000e+04	-1.004114e+03	2.270992e+00	2.000536e+01
1.0	6.400000e+02	4.096000e+04	-1.004114e+03	2.494897e+00	2.000536e+01
1.0	7.580000e+02	4.096000e+04	-1.003599e+03	2.585823e+00	2.000536e+01
1.0	8.760000e+02	4.096000e+04	-1.003808e+03	2.481292e+00	2.000536e+01
1.0	1.024000e+03	4.096000e+04	-1.004116e+03	2.305883e+00	2.000536e+01
1.0	1.280000e+03	4.096000e+04	-1.004100e+03	2.608724e+00	2.000536e+01
1.0	1.536000e+03	4.096000e+04	-1.003159e+03	2.186927e+00	2.000536e+01
1.0	1.280000e+02	4.096000e+04	-7.290209e+02	2.441553e+00	2.754993e+01
1.0	2.560000e+02	4.096000e+04	-7.290186e+02	2.335074e+00	2.754993e+01
1.0	3.840000e+02	4.096000e+04	-7.288974e+02	2.495835e+00	2.754993e+01
1.0	5.120000e+02	4.096000e+04	-7.290127e+02	2.552262e+00	2.754993e+01
1.0	6.400000e+02	4.096000e+04	-7.290126e+02	1.998635e+00	2.754993e+01
1.0	7.580000e+02	4.096000e+04	-7.289085e+02	1.775034e+00	2.754993e+01
1.0	8.760000e+02	4.096000e+04	-7.291931e+02	1.710744e+00	2.754993e+01
1.0	1.024000e+03	4.096000e+04	-7.289864e+02	2.132222e+00	2.754993e+01
1.0	1.280000e+03	4.096000e+04	-7.290079e+02	2.222329e+00	2.754993e+01
1.0	1.536000e+03	4.096000e+04	-7.293779e+02	1.687721e+00	2.754993e+01
1.0	1.280000e+02	4.096000e+04	-5.221437e+02	2.610323e+00	3.793977e+01
1.0	2.560000e+02	4.096000e+04	-5.221409e+02	2.871080e+00	3.793977e+01
1.0	3.840000e+02	4.096000e+04	-5.218957e+02	3.081789e+00	3.793977e+01
1.0	5.120000e+02	4.096000e+04	-5.221819e+02	2.611639e+00	3.793977e+01
1.0	6.400000e+02	4.096000e+04	-5.221720e+02	2.861466e+00	3.793977e+01
1.0	7.580000e+02	4.096000e+04	-5.217824e+02	3.528483e+00	3.793977e+01
1.0	8.760000e+02	4.096000e+04	-5.213097e+02	3.258569e+00	3.793977e+01
1.0	1.024000e+03	4.096000e+04	-5.221789e+02	1.942909e+00	3.793977e+01
1.0	1.280000e+03	4.096000e+04	-5.221753e+02	2.648651e+00	3.793977e+01
1.0	1.536000e+03	4.096000e+04	-5.220986e+02	2.626624e+00	3.793977e+01
1.0	1.280000e+02	4.096000e+04	-3.889441e+02	3.534180e+00	5.224792e+01
1.0	2.560000e+02	4.096000e+04	-3.889638e+02	3.139610e+00	5.224792e+01
1.0	3.840000e+02	4.096000e+04	-3.894531e+02	3.152077e+00	5.224792e+01
1.0	5.120000e+02	4.096000e+04	-3.889641e+02	2.880759e+00	5.224792e+01
1.0	6.400000e+02	4.096000e+04	-3.889962e+02	2.649556e+00	5.224792e+01
1.0	7.580000e+02	4.096000e+04	-3.895968e+02	2.422682e+00	5.224792e+01
1.0	8.760000e+02	4.096000e+04	-3.902657e+02	1.666554e+00	5.224792e+01
1.0	1.024000e+03	4.096000e+04	-3.889848e+02	2.169966e+00	5.224792e+01
1.0	1.280000e+03	4.096000e+04	-3.889558e+02	1.736308e+00	5.224792e+01
1.0	1.536000e+03	4.096000e+04	-3.906263e+02	2.055520e+00	5.224792e+01
1.0	1.280000e+02	4.096000e+04	-2.782548e+02	3.693321e+00	7.195206e+01
1.0	2.560000e+02	4.096000e+04	-2.782543e+02	4.024312e+00	7.195206e+01
1.0	3.840000e+02	4.096000e+04	-2.776147e+02	4.057618e+00	7.195206e+01
1.0	5.120000e+02	4.096000e+04	-2.783019e+02	3.473203e+00	7.195206e+01
1.0	6.400000e+02	4.096000e+04	-2.782564e+02	2.967670e+00	7.195206e+01
1.0	7.580000e+02	4.096000e+04	-2.776720e+02	3.757158e+00	7.195206e+01
1.0	8.760000e+02	4.096000e+04	-2.777189e+02	3.930565e+00	7.195206e+01
1.0	1.024000e+03	4.096000e+04	-2.782745e+02	3.950118e+00	7.195206e+01
1.0	1.280000e+03	4.096000e+04	-2.782695e+02	1.997369e+00	7.195206e+01
1.0	1.536000e+03	4.096000e+04	-2.788792e+02	2.924694e+00	7.195206e+01
1.0	1.280000e+02	4.096000e+04	-2.082659e+02	4.392798e+00	9.998298e+01
1.0	2.560000e+02	4.096000e+04	-2.083102e+02	4.007716e+00	9.998298e+01
1.0	3.840000e+02	4.096000e+04	-2.086482e+02	4.043347e+00	9.998298e+01
1.0	5.120000e+02	4.096000e+04	-2.083291e+02	3.675798e+00	9.998298e+01
1.0	6.400000e+02	4.096000e+04	-2.083088e+02	3.472632e+00	9.998298e+01
1.0	7.580000e+02	4.096000e+04	-2.090093e+02	3.999926e+00	9.998298e+01
1.0	8.760000e+02	4.096000e+04	-2.090094e+02	1.819352e+00	9.998298e+01
1.0	1.024000e+03	4.096000e+04	-2.083215e+02	2.270004e+00	9.998298e+01
1.0	1.280000e+03	4.096000e+04	-2.083064e+02	2.989167e+00	9.998298e+01
1.0	1.536000e+03	4.096000e+04	-2.096043e+02	3.960914e+00	9.998298e+01
1.0	1.280000e+02	4.096000e+04	-1.267253e+02	5.877630e+00	1.583804e+02
1.0	2.560000e+02	4.096000e+04	-1.267221e+02	6.480851e+00	1.583804e+02
1.0	3.840000e+02	4.096000e+04	-1.272925e+02	5.596944e+00	1.583804e+02
1.0	5.120000e+02	4.096000e+04	-1.267391e+02	7.110698e+00	1.583804e+02
1.0	6.400000e+02	4.096000e+04	-1.266961e+02	5.579545e+00	1.583804e+02
1.0	7.580000e+02	4.096000e+04	-1.265729e+02	5.739483e+00	1.583804e+02
1.0	8.760000e+02	4.096000e+04	-1.269233e+02	4.861824e+00	1.583804e+02
1.0	1.024000e+03	4.096000e+04	-1.267408e+02	6.304529e+00	1.583804e+02
1.0	1.280000e+03	4.096000e+04	-1.267269e+02	6.734286e+00	1.583804e+02
1.0	1.536000e+03	4.096000e+04	-1.285085e+02	4.860446e+00	1.583804e+02
1.0	1.280000e+02	4.096000e+04	-7.788885e+01	7.251658e+00	2.508863e+02
1.0	2.560000e+02	4.096000e+04	-7.789921e+01	7.788807e+00	2.508863e+02
1.0	3.840000e+02	4.096000e+04	-7.883376e+01	8.182194e+00	2.508863e+02
1.0	5.120000e+02	4.096000e+04	-7.781792e+01	6.257551e+00	2.508863e+02
1.0	6.400000e+02	4.096000e+04	-7.785515e+01	7.376844e+00	2.508863e+02
1.0	7.580000e+02	4.096000e+04	-7.726686e+01	7.358946e+00	2.508863e+02
1.0	8.760000e+02	4.096000e+04	-7.648760e+01	6.771593e+00	2.508863e+02
1.0	1.024000e+03	4.096000e+04	-7.787967e+01	4.906826e+00	2.508863e+02
1.0	1.280000e+03	4.096000e+04	-7.783297e+01	7.786408e+00	2.508863e+02
1.0	1.536000e+03	4.096000e+04	-7.490776e+01	6.308120e+00	2.508863e+02
1.0	1.280000e+02	4.096000e+04	-4.052018e+01	8.535740e+00	3.974225e+02
1.0	2.560000e+02	4.096000e+04	-4.050518e+01	8.561938e+00	3.974225e+02
1.0	3.840000e+02	4.096000e+04	-4.084379e+01	8.749012e+00	3.974225e+02
1.0	5.120000e+02	4.096000e+04	-4.044906e+01	8.275701e+00	3.974225e+02
1.0	6.400000e+02	4.096000e+04	-4.047593e+01	8.686908e+00	3.974225e+02
1.0	7.580000e+02	4.096000e+04	-4.385499e+01	9.897634e+00	3.974225e+02
1.0	8.760000e+02	4.096000e+04	-4.387802e+01	7.727157e+00	3.974225e+02
1.0	1.024000e+03	4.096000e+04	-4.042827e+01	8.942490e+00	3.974225e+02
1.0	1.280000e+03	4.096000e+04	-4.050691e+01	8.756999e+00	3.974225e+02
1.0	1.536000e+03	4.096000e+04	-4.494997e+01	9.381319e+00	3.974225e+02
1.0	1.280000e+02	4.096000e+04	-1.685162e+01	1.056616e+01	6.295467e+02
1.0	2.560000e+02	4.096000e+04	-1.687025e+01	1.215456e+01	6.295467e+02
1.0	3.840000e+02	4.096000e+04	-1.915435e+01	1.284449e+01	6.295467e+02
1.0	5.120000e+02	4.096000e+04	-1.688905e+01	1.187880e+01	6.295467e+02
1.0	6.400000e+02	4.096000e+04	-1.687748e+01	9.661079e+00	6.295467e+02
1.0	7.580000e+02	4.096000e+04	-1.872603e+01	1.215910e+01	6.295467e+02
1.0	8.760000e+02	4.096000e+04	-1.775874e+01	1.190833e+01	6.295467e+02
1.0	1.024000e+03	4.096000e+04	-1.692555e+01	1.267823e+01	6.295467e+02
1.0	1.280000e+03	4.096000e+04	-1.689044e+01	1.096527e+01	6.295467e+02
1.0	1.536000e+03	4.096000e+04	-1.939900e+01	1.157756e+01	6.295467e+02
1.0	1.280000e+02	4.096000e+04	-2.848970e+01	1.053059e+01	9.992450e+02
1.0	2.560000e+02	4.096000e+04	-2.851528e+01	1.250384e+01	9.992450e+02
1.0	3.840000e+02	4.096000e+04	-2.973411e+01	1.275710e+01	9.992450e+02
1.0	5.120000e+02	4.096000e+04	-2.841392e+01	1.434573e+01	9.992450e+02
1.0	6.400000e+02	4.096000e+04	-2.847418e+01	1.224294e+01	9.992450e+02
1.0	7.580000e+02	4.096000e+04	-3.212812e+01	1.061908e+01	9.992450e+02
1.0	8.760000e+02	4.096000e+04	-3.132632e+01	9.881938e+00	9.992450e+02
1.0	1.024000e+03	4.096000e+04	-2.842296e+01	9.104393e+00	9.992450e+02
1.0	1.280000e+03	4.096000e+04	-2.844982e+01	6.694931e+00	9.992450e+02
1.0	1.536000e+03	4.096000e+04	-2.505158e+01	5.015876e+00	9.992450e+02
1.0	1.280000e+02	4.096000e+04	-3.144636e+01	1.277479e+01	1.582878e+03
1.0	2.560000e+02	4.096000e+04	-3.149303e+01	1.442774e+01	1.582878e+03
1.0	3.840000e+02	4.096000e+04	-3.187259e+01	1.603692e+01	1.582878e+03
1.0	5.120000e+02	4.096000e+04	-3.141315e+01	1.454452e+01	1.582878e+03
1.0	6.400000e+02	4.096000e+04	-3.139025e+01	1.711214e+01	1.582878e+03
1.0	7.580000e+02	4.096000e+04	-2.883151e+01	1.217317e+01	1.582878e+03
1.0	8.760000e+02	4.096000e+04	-2.299376e+01	1.109415e+01	1.582878e+03
1.0	1.024000e+03	4.096000e+04	-3.142816e+01	1.311349e+01	1.582878e+03
1.0	1.280000e+03	4.096000e+04	-3.145091e+01	7.393477e+00	1.582878e+03
1.0	1.536000e+03	4.096000e+04	-2.521050e+01	5.588256e+00	1.582878e+03
1.0	1.280000e+02	4.096000e+04	-2.027791e+01	1.431353e+01	2.507396e+03
1.0	2.560000e+02	4.096000e+04	-2.024557e+01	1.853156e+01	2.507396e+03
1.0	3.840000e+02	4.096000e+04	-1.828454e+01	2.019992e+01	2.507396e+03
1.0	5.120000e+02	4.096000e+04	-2.014292e+01	2.296032e+01	2.507396e+03
1.0	6.400000e+02	4.096000e+04	-2.001321e+01	2.353065e+01	2.507396e+03
1.0	7.580000e+02	4.096000e+04	-1.582630e+01	2.406840e+01	2.507396e+03
1.0	8.760000e+02	4.096000e+04	-1.605213e+01	2.251067e+01	2.507396e+03
1.0	1.024000e+03	4.096000e+04	-2.037303e+01	2.532331e+01	2.507396e+03
1.0	1.280000e+03	4.096000e+04	-2.025149e+01	2.205900e+01	2.507396e+03
1.0	1.536000e+03	4.096000e+04	-1.252788e+01	2.106611e+01	2.507396e+03
1.0	1.280000e+02	4.096000e+04	2.092703e+01	2.046320e+01	3.971901e+03
1.0	2.560000e+02	4.096000e+04	2.087777e+01	2.743025e+01	3.971901e+03
1.0	3.840000e+02	4.096000e+04	1.899783e+01	3.228494e+01	3.971901e+03
1.0	5.120000e+02	4.096000e+04	2.099903e+01	3.397797e+01	3.971901e+03
1.0	6.400000e+02	4.096000e+04	2.106259e+01	3.656698e+01	3.971901e+03
1.0	7.580000e+02	4.096000e+04	2.042064e+01	3.804970e+01	3.971901e+03
1.0	8.760000e+02	4.096000e+04	2.362549e+01	4.185626e+01	3.971901e+03
1.0	1.024000e+03	4.096000e+04	2.091790e+01	4.340610e+01	3.971901e+03
1.0	1.280000e+03	4.096000e+04	2.134050e+01	4.434450e+01	3.971901e+03
1.0	1.536000e+03	4.096000e+04	2.369736e+01	5.243886e+01	3.971901e+03
1.0	1.280000e+02	4.096000e+04	-2.618207e+01	1.238968e+01	6.291784e+03
1.0	2.560000e+02	4.096000e+04	-2.623338e+01	1.653705e+01	6.291784e+03
1.0	3.840000e+02	4.096000e+04	-3.058664e+01	1.917600e+01	6.291784e+03
1.0	5.120000e+02	4.096000e+04	-2.616516e+01	2.077045e+01	6.291784e+03
1.0	6.400000e+02	4.096000e+04	-2.624250e+01	2.141760e+01	6.291784e+03
1.0	7.580000e+02	4.096000e+04	-3.099493e+01	2.053151e+01	6.291784e+03
1.0	8.760000e+02	4.096000e+04	-3.345087e+01	2.270767e+01	6.291784e+03
1.0	1.024000e+03	4.096000e+04	-2.609650e+01	2.537324e+01	6.291784e+03
1.0	1.280000e+03	4.096000e+04	-2.617619e+01	2.199497e+01	6.291784e+03
1.0	1.536000e+03	4.096000e+04	-3.525889e+01	2.618482e+01	6.291784e+03
