1.0	1.280000e+02	4.147200e+04	1.000000e+00	0.000000e+00	5.000000e-02
1.0	2.560000e+02	4.147200e+04	1.000000e+00	0.000000e+00	5.000000e-02
1.0	3.840000e+02	4.147200e+04	1.000000e+00	0.000000e+00	5.000000e-02
1.0	5.120000e+02	4.147200e+04	1.000000e+00	0.000000e+00	5.000000e-02
1.0	6.400000e+02	4.147200e+04	1.000000e+00	0.000000e+00	5.000000e-02
1.0	7.580000e+02	4.147200e+04	1.000000e+00	0.000000e+00	5.000000e-02
1.0	8.760000e+02	4.147200e+04	1.000000e+00	0.000000e+00	5.000000e-02
1.0	1.024000e+03	4.147200e+04	1.000000e+00	0.000000e+00	5.000000e-02
1.0	1.280000e+03	4.147200e+04	1.000000e+00	0.000000e+00	5.000000e-02
1.0	1.536000e+03	4.147200e+04	1.000000e+00	0.000000e+00	5.000000e-02
1.0	1.280000e+02	4.147200e+04	1.000000e+00	0.000000e+00	2.500000e-01
1.0	2.560000e+02	4.147200e+04	1.000000e+00	0.000000e+00	2.500000e-01
1.0	3.840000e+02	4.147200e+04	1.000000e+00	0.000000e+00	2.500000e-01
1.0	5.120000e+02	4.147200e+04	1.000000e+00	0.000000e+00	2.500000e-01
1.0	6.400000e+02	4.147200e+04	1.000000e+00	0.000000e+00	2.500000e-01
1.0	7.580000e+02	4.147200e+04	1.000000e+00	0.000000e+00	2.500000e-01
1.0	8.760000e+02	4.147200e+04	1.000000e+00	0.000000e+00	2.500000e-01
1.0	1.024000e+03	4.147200e+04	1.000000e+00	0.000000e+00	2.500000e-01
1.0	1.280000e+03	4.147200e+04	1.000000e+00	0.000000e+00	2.500000e-01
1.0	1.536000e+03	4.147200e+04	1.000000e+00	0.000000e+00	2.500000e-01
1.0	1.280000e+02	4.147200e+04	1.000000e+00	0.000000e+00	4.500000e-01
1.0	2.560000e+02	4.147200e+04	1.000000e+00	0.000000e+00	4.500000e-01
1.0	3.840000e+02	4.147200e+04	1.000000e+00	0.000000e+00	4.500000e-01
1.0	5.120000e+02	4.147200e+04	1.000000e+00	0.000000e+00	4.500000e-01
1.0	6.400000e+02	4.147200e+04	1.000000e+00	0.000000e+00	4.500000e-01
1.0	7.580000e+02	4.147200e+04	1.000000e+00	0.000000e+00	4.500000e-01
1.0	8.760000e+02	4.147200e+04	1.000000e+00	0.000000e+00	4.500000e-01
1.0	1.024000e+03	4.147200e+04	1.000000e+00	0.000000e+00	4.500000e-01
1.0	1.280000e+03	4.147200e+04	1.000000e+00	0.000000e+00	4.500000e-01
1.0	1.536000e+03	4.147200e+04	1.000000e+00	0.000000e+00	4.500000e-01
1.0	1.280000e+02	4.147200e+04	9.999789e-01	2.457212e-06	6.500000e-01
1.0	2.560000e+02	4.147200e+04	9.999789e-01	2.449444e-06	6.500000e-01
1.0	3.840000e+02	4.147200e+04	9.999789e-01	2.299496e-06	6.500000e-01
1.0	5.120000e+02	4.147200e+04	9.999789e-01	2.349144e-06	6.500000e-01
1.0	6.400000e+02	4.147200e+04	9.999789e-01	1.844939e-06	6.500000e-01
1.0	7.580000e+02	4.147200e+04	9.999794e-01	1.431367e-06	6.500000e-01
1.0	8.760000e+02	4.147200e+04	9.999795e-01	2.002883e-06	6.500000e-01
1.0	1.024000e+03	4.147200e+04	9.999789e-01	1.990887e-06	6.500000e-01
1.0	1.280000e+03	4.147200e+04	9.999789e-01	2.032791e-06	6.500000e-01
1.0	1.536000e+03	4.147200e+04	9.999799e-01	1.758642e-06	6.500000e-01
1.0	1.280000e+02	4.147200e+04	9.996624e-01	9.500277e-06	8.500000e-01
1.0	2.560000e+02	4.147200e+04	9.996640e-01	8.534998e-06	8.500000e-01
1.0	3.840000e+02	4.147200e+04	9.996623e-01	8.904835e-06	8.500000e-01
1.0	5.120000e+02	4.147200e+04	9.996640e-01	9.185402e-06	8.500000e-01
1.0	6.400000e+02	4.147200e+04	9.996640e-01	8.386232e-06	8.500000e-01
1.0	7.580000e+02	4.147200e+04	9.996617e-01	8.691348e-06	8.500000e-01
1.0	8.760000e+02	4.147200e+04	9.996605e-01	1.061191e-05	8.500000e-01
1.0	1.024000e+03	4.147200e+04	9.996639e-01	9.041015e-06	8.500000e-01
1.0	1.280000e+03	4.147200e+04	9.996639e-01	7.862468e-06	8.500000e-01
1.0	1.536000e+03	4.147200e+04	9.996618e-01	1.023298e-05	8.500000e-01
1.0	1.280000e+02	4.147200e+04	9.978520e-01	2.562078e-05	1.050000e+00
1.0	2.560000e+02	4.147200e+04	9.978561e-01	2.399586e-05	1.050000e+00
1.0	3.840000e+02	4.147200e+04	9.978519e-01	2.484331e-05	1.050000e+00
1.0	5.120000e+02	4.147200e+04	9.978558e-01	2.421829e-05	1.050000e+00
1.0	6.400000e+02	4.147200e+04	9.978560e-01	2.648033e-05	1.050000e+00
1.0	7.580000e+02	4.147200e+04	9.978564e-01	2.179867e-05	1.050000e+00
1.0	8.760000e+02	4.147200e+04	9.978610e-01	1.855620e-05	1.050000e+00
1.0	1.024000e+03	4.147200e+04	9.978562e-01	2.697347e-05	1.050000e+00
1.0	1.280000e+03	4.147200e+04	9.978560e-01	1.384357e-05	1.050000e+00
1.0	1.536000e+03	4.147200e+04	9.978518e-01	3.211623e-05	1.050000e+00
1.0	1.280000e+02	4.147200e+04	9.920169e-01	6.935089e-05	1.250000e+00
1.0	2.560000e+02	4.147200e+04	9.920234e-01	7.344024e-05	1.250000e+00
1.0	3.840000e+02	4.147200e+04	9.920169e-01	5.309070e-05	1.250000e+00
1.0	5.120000e+02	4.147200e+04	9.920227e-01	5.270364e-05	1.250000e+00
1.0	6.400000e+02	4.147200e+04	9.920227e-01	6.421158e-05	1.250000e+00
1.0	7.580000e+02	4.147200e+04	9.920354e-01	5.247645e-05	1.250000e+00
1.0	8.760000e+02	4.147200e+04	9.920339e-01	4.796948e-05	1.250000e+00
1.0	1.024000e+03	4.147200e+04	9.920225e-01	5.514599e-05	1.250000e+00
1.0	1.280000e+03	4.147200e+04	9.920230e-01	7.660439e-05	1.250000e+00
1.0	1.536000e+03	4.147200e+04	9.920300e-01	7.292465e-05	1.250000e+00
1.0	1.280000e+02	4.147200e+04	9.785080e-01	1.246752e-04	1.450000e+00
1.0	2.560000e+02	4.147200e+04	9.785072e-01	1.331563e-04	1.450000e+00
1.0	3.840000e+02	4.147200e+04	9.785091e-01	1.115147e-04	1.450000e+00
1.0	5.120000e+02	4.147200e+04	9.785067e-01	1.337065e-04	1.450000e+00
1.0	6.400000e+02	4.147200e+04	9.785063e-01	9.031711e-05	1.450000e+00
1.0	7.580000e+02	4.147200e+04	9.785323e-01	1.018584e-04	1.450000e+00
1.0	8.760000e+02	4.147200e+04	9.785289e-01	9.095360e-05	1.450000e+00
1.0	1.024000e+03	4.147200e+04	9.785064e-01	1.098025e-04	1.450000e+00
1.0	1.280000e+03	4.147200e+04	9.785063e-01	5.421692e-05	1.450000e+00
1.0	1.536000e+03	4.147200e+04	9.785029e-01	6.657403e-05	1.450000e+00
1.0	1.280000e+02	4.147200e+04	9.513964e-01	2.147692e-04	1.650000e+00
1.0	2.560000e+02	4.147200e+04	9.513722e-01	2.155431e-04	1.650000e+00
1.0	3.840000e+02	4.147200e+04	9.513986e-01	2.338402e-04	1.650000e+00
1.0	5.120000e+02	4.147200e+04	9.513697e-01	2.321286e-04	1.650000e+00
1.0	6.400000e+02	4.147200e+04	9.513706e-01	2.534270e-04	1.650000e+00
1.0	7.580000e+02	4.147200e+04	9.514118e-01	2.799081e-04	1.650000e+00
1.0	8.760000e+02	4.147200e+04	9.514056e-01	2.770135e-04	1.650000e+00
1.0	1.024000e+03	4.147200e+04	9.513718e-01	2.003722e-04	1.650000e+00
1.0	1.280000e+03	4.147200e+04	9.513713e-01	2.908452e-04	1.650000e+00
1.0	1.536000e+03	4.147200e+04	9.514076e-01	3.128018e-04	1.650000e+00
1.0	1.280000e+02	4.147200e+04	8.996596e-01	3.654181e-04	1.850000e+00
1.0	2.560000e+02	4.147200e+04	8.996130e-01	3.298237e-04	1.850000e+00
1.0	3.840000e+02	4.147200e+04	8.996613e-01	4.118764e-04	1.850000e+00
1.0	5.120000e+02	4.147200e+04	8.996116e-01	3.845095e-04	1.850000e+00
1.0	6.400000e+02	4.147200e+04	8.996148e-01	4.444943e-04	1.850000e+00
1.0	7.580000e+02	4.147200e+04	8.995739e-01	3.558186e-04	1.850000e+00
1.0	8.760000e+02	4.147200e+04	8.995513e-01	3.195339e-04	1.850000e+00
1.0	1.024000e+03	4.147200e+04	8.996127e-01	3.552640e-04	1.850000e+00
1.0	1.280000e+03	4.147200e+04	8.996126e-01	2.468269e-04	1.850000e+00
1.0	1.536000e+03	4.147200e+04	8.994283e-01	3.361185e-04	1.850000e+00
1.0	1.280000e+02	4.147200e+04	8.319251e-01	9.140746e-04	2.000000e+00
1.0	2.560000e+02	4.147200e+04	8.321314e-01	9.665579e-04	2.000000e+00
1.0	3.840000e+02	4.147200e+04	8.319252e-01	1.000658e-03	2.000000e+00
1.0	5.120000e+02	4.147200e+04	8.321313e-01	9.367024e-04	2.000000e+00
1.0	6.400000e+02	4.147200e+04	8.321205e-01	9.573704e-04	2.000000e+00
1.0	7.580000e+02	4.147200e+04	8.322420e-01	1.072199e-03	2.000000e+00
1.0	8.760000e+02	4.147200e+04	8.323606e-01	9.664780e-04	2.000000e+00
1.0	1.024000e+03	4.147200e+04	8.321188e-01	9.702045e-04	2.000000e+00
1.0	1.280000e+03	4.147200e+04	8.321240e-01	9.768403e-04	2.000000e+00
1.0	1.536000e+03	4.147200e+04	8.326583e-01	9.024618e-04	2.000000e+00
1.0	1.280000e+02	4.147200e+04	8.204656e-01	1.450428e-03	2.016000e+00
1.0	2.560000e+02	4.147200e+04	8.203719e-01	1.704640e-03	2.016000e+00
1.0	3.840000e+02	4.147200e+04	8.204680e-01	1.628673e-03	2.016000e+00
1.0	5.120000e+02	4.147200e+04	8.203738e-01	1.715337e-03	2.016000e+00
1.0	6.400000e+02	4.147200e+04	8.203803e-01	1.774148e-03	2.016000e+00
1.0	7.580000e+02	4.147200e+04	8.202848e-01	1.753117e-03	2.016000e+00
1.0	8.760000e+02	4.147200e+04	8.200856e-01	1.840790e-03	2.016000e+00
1.0	1.024000e+03	4.147200e+04	8.203695e-01	1.961662e-03	2.016000e+00
1.0	1.280000e+03	4.147200e+04	8.203803e-01	1.703732e-03	2.016000e+00
1.0	1.536000e+03	4.147200e+04	8.199995e-01	1.566854e-03	2.016000e+00
1.0	1.280000e+02	4.147200e+04	8.126912e-01	1.152216e-03	2.032000e+00
1.0	2.560000e+02	4.147200e+04	8.126712e-01	1.167308e-03	2.032000e+00
1.0	3.840000e+02	4.147200e+04	8.126888e-01	1.108808e-03	2.032000e+00
1.0	5.120000e+02	4.147200e+04	8.126776e-01	1.008997e-03	2.032000e+00
1.0	6.400000e+02	4.147200e+04	8.126779e-01	1.324258e-03	2.032000e+00
1.0	7.580000e+02	4.147200e+04	8.124405e-01	9.505622e-04	2.032000e+00
1.0	8.760000e+02	4.147200e+04	8.128445e-01	1.381055e-03	2.032000e+00
1.0	1.024000e+03	4.147200e+04	8.126758e-01	8.971912e-04	2.032000e+00
1.0	1.280000e+03	4.147200e+04	8.126765e-01	8.904005e-04	2.032000e+00
1.0	1.536000e+03	4.147200e+04	8.125007e-01	5.679788e-04	2.032000e+00
1.0	1.280000e+02	4.147200e+04	7.977703e-01	1.378002e-03	2.048000e+00
1.0	2.560000e+02	4.147200e+04	7.977743e-01	1.538337e-03	2.048000e+00
1.0	3.840000e+02	4.147200e+04	7.977506e-01	1.634569e-03	2.048000e+00
1.0	5.120000e+02	4.147200e+04	7.977570e-01	1.721135e-03	2.048000e+00
1.0	6.400000e+02	4.147200e+04	7.977617e-01	1.958911e-03	2.048000e+00
1.0	7.580000e+02	4.147200e+04	7.979319e-01	1.859887e-03	2.048000e+00
1.0	8.760000e+02	4.147200e+04	7.976741e-01	1.881736e-03	2.048000e+00
1.0	1.024000e+03	4.147200e+04	7.977567e-01	1.789480e-03	2.048000e+00
1.0	1.280000e+03	4.147200e+04	7.977518e-01	2.185745e-03	2.048000e+00
1.0	1.536000e+03	4.147200e+04	7.978218e-01	2.488506e-03	2.048000e+00
1.0	1.280000e+02	4.147200e+04	7.836187e-01	1.889489e-03	2.064000e+00
1.0	2.560000e+02	4.147200e+04	7.835190e-01	1.884943e-03	2.064000e+00
1.0	3.840000e+02	4.147200e+04	7.836307e-01	1.946472e-03	2.064000e+00
1.0	5.120000e+02	4.147200e+04	7.835046e-01	1.836052e-03	2.064000e+00
1.0	6.400000e+02	4.147200e+04	7.835156e-01	1.965814e-03	2.064000e+00
1.0	7.580000e+02	4.147200e+04	7.835989e-01	2.074528e-03	2.064000e+00
1.0	8.760000e+02	4.147200e+04	7.836996e-01	2.696220e-03	2.064000e+00
1.0	1.024000e+03	4.147200e+04	7.835179e-01	1.866125e-03	2.064000e+00
1.0	1.280000e+03	4.147200e+04	7.835126e-01	1.873415e-03	2.064000e+00
1.0	1.536000e+03	4.147200e+04	7.835464e-01	2.417103e-03	2.064000e+00
1.0	1.280000e+02	4.147200e+04	7.738320e-01	2.172990e-03	2.080000e+00
1.0	2.560000e+02	4.147200e+04	7.736666e-01	2.233710e-03	2.080000e+00
1.0	3.840000e+02	4.147200e+04	7.738311e-01	2.051298e-03	2.080000e+00
1.0	5.120000e+02	4.147200e+04	7.736613e-01	2.156308e-03	2.080000e+00
1.0	6.400000e+02	4.147200e+04	7.736571e-01	2.098917e-03	2.080000e+00
1.0	7.580000e+02	4.147200e+04	7.736165e-01	2.343746e-03	2.080000e+00
1.0	8.760000e+02	4.147200e+04	7.737668e-01	1.917650e-03	2.080000e+00
1.0	1.024000e+03	4.147200e+04	7.736796e-01	2.039804e-03	2.080000e+00
1.0	1.280000e+03	4.147200e+04	7.736515e-01	1.879341e-03	2.080000e+00
1.0	1.536000e+03	4.147200e+04	7.736697e-01	2.521837e-03	2.080000e+00
1.0	1.280000e+02	4.147200e+04	7.579665e-01	1.868202e-03	2.096000e+00
1.0	2.560000e+02	4.147200e+04	7.580304e-01	1.896946e-03	2.096000e+00
1.0	3.840000e+02	4.147200e+04	7.579753e-01	1.759896e-03	2.096000e+00
1.0	5.120000e+02	4.147200e+04	7.580295e-01	2.282041e-03	2.096000e+00
1.0	6.400000e+02	4.147200e+04	7.580271e-01	1.958598e-03	2.096000e+00
1.0	7.580000e+02	4.147200e+04	7.582154e-01	2.213339e-03	2.096000e+00
1.0	8.760000e+02	4.147200e+04	7.588170e-01	2.092889e-03	2.096000e+00
1.0	1.024000e+03	4.147200e+04	7.580143e-01	2.376541e-03	2.096000e+00
1.0	1.280000e+03	4.147200e+04	7.580108e-01	2.304125e-03	2.096000e+00
1.0	1.536000e+03	4.147200e+04	7.598204e-01	1.780679e-03	2.096000e+00
1.0	1.280000e+02	4.147200e+04	7.444432e-01	2.238438e-03	2.112000e+00
1.0	2.560000e+02	4.147200e+04	7.445114e-01	2.604724e-03	2.112000e+00
1.0	3.840000e+02	4.147200e+04	7.444385e-01	2.429341e-03	2.112000e+00
1.0	5.120000e+02	4.147200e+04	7.444985e-01	2.701433e-03	2.112000e+00
1.0	6.400000e+02	4.147200e+04	7.445108e-01	2.477518e-03	2.112000e+00
1.0	7.580000e+02	4.147200e+04	7.441357e-01	2.295692e-03	2.112000e+00
1.0	8.760000e+02	4.147200e+04	7.445918e-01	2.401866e-03	2.112000e+00
1.0	1.024000e+03	4.147200e+04	7.445149e-01	2.444128e-03	2.112000e+00
1.0	1.280000e+03	4.147200e+04	7.444907e-01	2.296041e-03	2.112000e+00
1.0	1.536000e+03	4.147200e+04	7.443261e-01	2.515959e-03	2.112000e+00
1.0	1.280000e+02	4.147200e+04	7.327331e-01	2.526835e-03	2.128000e+00
1.0	2.560000e+02	4.147200e+04	7.329213e-01	2.260857e-03	2.128000e+00
1.0	3.840000e+02	4.147200e+04	7.327544e-01	2.308439e-03	2.128000e+00
1.0	5.120000e+02	4.147200e+04	7.329244e-01	2.170492e-03	2.128000e+00
1.0	6.400000e+02	4.147200e+04	7.329021e-01	2.293578e-03	2.128000e+00
1.0	7.580000e+02	4.147200e+04	7.330110e-01	2.496858e-03	2.128000e+00
1.0	8.760000e+02	4.147200e+04	7.333869e-01	2.663564e-03	2.128000e+00
1.0	1.024000e+03	4.147200e+04	7.329283e-01	2.370105e-03	2.128000e+00
1.0	1.280000e+03	4.147200e+04	7.329338e-01	2.690000e-03	2.128000e+00
1.0	1.536000e+03	4.147200e+04	7.341944e-01	2.982930e-03	2.128000e+00
1.0	1.280000e+02	4.147200e+04	7.129247e-01	3.496918e-03	2.144000e+00
1.0	2.560000e+02	4.147200e+04	7.130230e-01	3.232436e-03	2.144000e+00
1.0	3.840000e+02	4.147200e+04	7.129219e-01	3.846346e-03	2.144000e+00
1.0	5.120000e+02	4.147200e+04	7.130398e-01	2.956007e-03	2.144000e+00
1.0	6.400000e+02	4.147200e+04	7.130429e-01	3.637178e-03	2.144000e+00
1.0	7.580000e+02	4.147200e+04	7.127365e-01	3.689035e-03	2.144000e+00
1.0	8.760000e+02	4.147200e+04	7.123516e-01	3.448865e-03	2.144000e+00
1.0	1.024000e+03	4.147200e+04	7.130340e-01	3.249192e-03	2.144000e+00
1.0	1.280000e+03	4.147200e+04	7.130081e-01	3.177089e-03	2.144000e+00
1.0	1.536000e+03	4.147200e+04	7.138872e-01	3.563743e-03	2.144000e+00
1.0	1.280000e+02	4.147200e+04	6.880551e-01	2.803245e-03	2.160000e+00
1.0	2.560000e+02	4.147200e+04	6.878118e-01	2.810734e-03	2.160000e+00
1.0	3.840000e+02	4.147200e+04	6.880531e-01	3.142183e-03	2.160000e+00
1.0	5.120000e+02	4.147200e+04	6.878068e-01	2.917245e-03	2.160000e+00
1.0	6.400000e+02	4.147200e+04	6.877994e-01	3.553438e-03	2.160000e+00
1.0	7.580000e+02	4.147200e+04	6.876529e-01	3.402165e-03	2.160000e+00
1.0	8.760000e+02	4.147200e+04	6.873037e-01	3.789879e-03	2.160000e+00
1.0	1.024000e+03	4.147200e+04	6.877867e-01	3.304901e-03	2.160000e+00
1.0	1.280000e+03	4.147200e+04	6.878012e-01	3.790426e-03	2.160000e+00
1.0	1.536000e+03	4.147200e+04	6.863393e-01	3.688181e-03	2.160000e+00
1.0	1.280000e+02	4.147200e+04	6.712900e-01	3.963709e-03	2.176000e+00
1.0	2.560000e+02	4.147200e+04	6.715398e-01	4.099568e-03	2.176000e+00
1.0	3.840000e+02	4.147200e+04	6.712756e-01	4.288540e-03	2.176000e+00
1.0	5.120000e+02	4.147200e+04	6.714970e-01	4.240387e-03	2.176000e+00
1.0	6.400000e+02	4.147200e+04	6.715371e-01	4.475489e-03	2.176000e+00
1.0	7.580000e+02	4.147200e+04	6.707344e-01	4.262380e-03	2.176000e+00
1.0	8.760000e+02	4.147200e+04	6.707374e-01	5.017333e-03	2.176000e+00
1.0	1.024000e+03	4.147200e+04	6.715451e-01	4.097355e-03	2.176000e+00
1.0	1.280000e+03	4.147200e+04	6.715685e-01	5.580236e-03	2.176000e+00
1.0	1.536000e+03	4.147200e+04	6.706892e-01	4.238772e-03	2.176000e+00
1.0	1.280000e+02	4.147200e+04	6.313777e-01	5.631831e-03	2.192000e+00
1.0	2.560000e+02	4.147200e+04	6.317904e-01	5.851110e-03	2.192000e+00
1.0	3.840000e+02	4.147200e+04	6.312756e-01	5.908237e-03	2.192000e+00
1.0	5.120000e+02	4.147200e+04	6.317705e-01	5.953896e-03	2.192000e+00
1.0	6.400000e+02	4.147200e+04	6.318241e-01	5.878556e-03	2.192000e+00
1.0	7.580000e+02	4.147200e+04	6.319596e-01	6.179868e-03	2.192000e+00
1.0	8.760000e+02	4.147200e+04	6.313712e-01	6.569060e-03	2.192000e+00
1.0	1.024000e+03	4.147200e+04	6.317696e-01	6.621598e-03	2.192000e+00
1.0	1.280000e+03	4.147200e+04	6.317799e-01	4.109465e-03	2.192000e+00
1.0	1.536000e+03	4.147200e+04	6.316668e-01	3.801986e-03	2.192000e+00
1.0	1.280000e+02	4.147200e+04	6.209785e-01	4.464606e-03	2.208000e+00
1.0	2.560000e+02	4.147200e+04	6.205764e-01	4.483335e-03	2.208000e+00
1.0	3.840000e+02	4.147200e+04	6.209750e-01	3.498931e-03	2.208000e+00
1.0	5.120000e+02	4.147200e+04	6.205927e-01	3.998024e-03	2.208000e+00
1.0	6.400000e+02	4.147200e+04	6.205176e-01	3.569419e-03	2.208000e+00
1.0	7.580000e+02	4.147200e+04	6.223010e-01	2.977709e-03	2.208000e+00
1.0	8.760000e+02	4.147200e+04	6.222253e-01	2.895654e-03	2.208000e+00
1.0	1.024000e+03	4.147200e+04	6.205474e-01	3.400875e-03	2.208000e+00
1.0	1.280000e+03	4.147200e+04	6.205589e-01	3.112177e-03	2.208000e+00
1.0	1.536000e+03	4.147200e+04	6.227495e-01	2.288254e-03	2.208000e+00
1.0	1.280000e+02	4.147200e+04	5.609612e-01	1.133236e-02	2.224000e+00
1.0	2.560000e+02	4.147200e+04	5.595261e-01	1.313540e-02	2.224000e+00
1.0	3.840000e+02	4.147200e+04	5.609118e-01	1.283246e-02	2.224000e+00
1.0	5.120000e+02	4.147200e+04	5.596509e-01	1.293490e-02	2.224000e+00
1.0	6.400000e+02	4.147200e+04	5.595465e-01	1.495547e-02	2.224000e+00
1.0	7.580000e+02	4.147200e+04	5.632607e-01	1.394642e-02	2.224000e+00
1.0	8.760000e+02	4.147200e+04	5.622499e-01	1.726129e-02	2.224000e+00
1.0	1.024000e+03	4.147200e+04	5.595787e-01	1.496448e-02	2.224000e+00
1.0	1.280000e+03	4.147200e+04	5.595663e-01	1.358155e-02	2.224000e+00
1.0	1.536000e+03	4.147200e+04	5.592401e-01	1.253439e-02	2.224000e+00
1.0	1.280000e+02	4.147200e+04	5.381317e-01	1.240929e-02	2.228000e+00
1.0	2.560000e+02	4.147200e+04	5.381478e-01	1.571631e-02	2.228000e+00
1.0	3.840000e+02	4.147200e+04	5.380777e-01	1.649101e-02	2.228000e+00
1.0	5.120000e+02	4.147200e+04	5.382746e-01	1.751062e-02	2.228000e+00
1.0	6.400000e+02	4.147200e+04	5.381524e-01	1.415440e-02	2.228000e+00
1.0	7.580000e+02	4.147200e+04	5.377275e-01	2.133437e-02	2.228000e+00
1.0	8.760000e+02	4.147200e+04	5.359078e-01	2.260096e-02	2.228000e+00
1.0	1.024000e+03	4.147200e+04	5.383417e-01	2.016648e-02	2.228000e+00
1.0	1.280000e+03	4.147200e+04	5.381495e-01	1.769313e-02	2.228000e+00
1.0	1.536000e+03	4.147200e+04	5.425174e-01	2.022018e-02	2.228000e+00
1.0	1.280000e+02	4.147200e+04	5.348254e-01	1.064672e-02	2.232000e+00
1.0	2.560000e+02	4.147200e+04	5.343780e-01	1.099506e-02	2.232000e+00
1.0	3.840000e+02	4.147200e+04	5.347587e-01	1.150720e-02	2.232000e+00
1.0	5.120000e+02	4.147200e+04	5.345720e-01	9.974912e-03	2.232000e+00
1.0	6.400000e+02	4.147200e+04	5.344170e-01	1.083747e-02	2.232000e+00
1.0	7.580000e+02	4.147200e+04	5.337516e-01	9.779423e-03	2.232000e+00
1.0	8.760000e+02	4.147200e+04	5.325836e-01	1.248531e-02	2.232000e+00
1.0	1.024000e+03	4.147200e+04	5.344916e-01	9.373764e-03	2.232000e+00
1.0	1.280000e+03	4.147200e+04	5.344365e-01	9.316464e-03	2.232000e+00
1.0	1.536000e+03	4.147200e+04	5.336798e-01	8.930221e-03	2.232000e+00
1.0	1.280000e+02	4.147200e+04	5.357730e-01	9.013201e-03	2.236000e+00
1.0	2.560000e+02	4.147200e+04	5.360268e-01	9.569371e-03	2.236000e+00
1.0	3.840000e+02	4.147200e+04	5.357042e-01	1.012027e-02	2.236000e+00
1.0	5.120000e+02	4.147200e+04	5.359142e-01	9.105172e-03	2.236000e+00
1.0	6.400000e+02	4.147200e+04	5.358302e-01	1.069652e-02	2.236000e+00
1.0	7.580000e+02	4.147200e+04	5.346113e-01	1.075598e-02	2.236000e+00
1.0	8.760000e+02	4.147200e+04	5.334603e-01	7.828720e-03	2.236000e+00
1.0	1.024000e+03	4.147200e+04	5.359628e-01	9.192098e-03	2.236000e+00
1.0	1.280000e+03	4.147200e+04	5.359213e-01	1.147062e-02	2.236000e+00
1.0	1.536000e+03	4.147200e+04	5.314085e-01	9.975407e-03	2.236000e+00
1.0	1.280000e+02	4.147200e+04	5.193164e-01	1.192144e-02	2.240000e+00
1.0	2.560000e+02	4.147200e+04	5.183601e-01	1.351786e-02	2.240000e+00
1.0	3.840000e+02	4.147200e+04	5.193348e-01	1.307509e-02	2.240000e+00
1.0	5.120000e+02	4.147200e+04	5.184145e-01	1.108708e-02	2.240000e+00
1.0	6.400000e+02	4.147200e+04	5.184523e-01	1.097704e-02	2.240000e+00
1.0	7.580000e+02	4.147200e+04	5.170102e-01	1.136914e-02	2.240000e+00
1.0	8.760000e+02	4.147200e+04	5.192223e-01	1.268075e-02	2.240000e+00
1.0	1.024000e+03	4.147200e+04	5.183988e-01	1.260743e-02	2.240000e+00
1.0	1.280000e+03	4.147200e+04	5.183597e-01	9.340827e-03	2.240000e+00
1.0	1.536000e+03	4.147200e+04	5.233850e-01	1.080712e-02	2.240000e+00
1.0	1.280000e+02	4.147200e+04	5.230239e-01	9.813670e-03	2.244000e+00
1.0	2.560000e+02	4.147200e+04	5.219790e-01	1.211760e-02	2.244000e+00
1.0	3.840000e+02	4.147200e+04	5.230397e-01	1.262802e-02	2.244000e+00
1.0	5.120000e+02	4.147200e+04	5.219700e-01	1.138265e-02	2.244000e+00
1.0	6.400000e+02	4.147200e+04	5.220134e-01	1.056498e-02	2.244000e+00
1.0	7.580000e+02	4.147200e+04	5.203740e-01	1.110198e-02	2.244000e+00
1.0	8.760000e+02	4.147200e+04	5.210159e-01	1.019468e-02	2.244000e+00
1.0	1.024000e+03	4.147200e+04	5.219793e-01	1.025523e-02	2.244000e+00
1.0	1.280000e+03	4.147200e+04	5.220292e-01	1.155966e-02	2.244000e+00
1.0	1.536000e+03	4.147200e+04	5.183975e-01	8.023174e-03	2.244000e+00
1.0	1.280000e+02	4.147200e+04	4.876547e-01	1.527852e-02	2.248000e+00
1.0	2.560000e+02	4.147200e+04	4.874850e-01	1.721186e-02	2.248000e+00
1.0	3.840000e+02	4.147200e+04	4.876912e-01	1.541195e-02	2.248000e+00
1.0	5.120000e+02	4.147200e+04	4.875414e-01	1.470187e-02	2.248000e+00
1.0	6.400000e+02	4.147200e+04	4.874584e-01	1.346618e-02	2.248000e+00
1.0	7.580000e+02	4.147200e+04	4.855866e-01	1.239477e-02	2.248000e+00
1.0	8.760000e+02	4.147200e+04	4.843962e-01	1.378340e-02	2.248000e+00
1.0	1.024000e+03	4.147200e+04	4.874655e-01	1.450284e-02	2.248000e+00
1.0	1.280000e+03	4.147200e+04	4.873488e-01	1.296785e-02	2.248000e+00
1.0	1.536000e+03	4.147200e+04	4.802163e-01	1.358072e-02	2.248000e+00
1.0	1.280000e+02	4.147200e+04	5.016712e-01	8.493439e-03	2.252000e+00
1.0	2.560000e+02	4.147200e+04	5.012419e-01	9.477593e-03	2.252000e+00
1.0	3.840000e+02	4.147200e+04	5.016671e-01	9.535456e-03	2.252000e+00
1.0	5.120000e+02	4.147200e+04	5.011220e-01	9.323687e-03	2.252000e+00
1.0	6.400000e+02	4.147200e+04	5.012089e-01	1.060803e-02	2.252000e+00
1.0	7.580000e+02	4.147200e+04	5.003886e-01	1.150569e-02	2.252000e+00
1.0	8.760000e+02	4.147200e+04	5.019414e-01	1.197051e-02	2.252000e+00
1.0	1.024000e+03	4.147200e+04	5.012516e-01	9.541022e-03	2.252000e+00
1.0	1.280000e+03	4.147200e+04	5.012064e-01	1.178098e-02	2.252000e+00
1.0	1.536000e+03	4.147200e+04	5.031666e-01	1.166327e-02	2.252000e+00
1.0	1.280000e+02	4.147200e+04	4.788569e-01	1.139818e-02	2.256000e+00
1.0	2.560000e+02	4.147200e+04	4.816085e-01	1.213040e-02	2.256000e+00
1.0	3.840000e+02	4.147200e+04	4.789060e-01	1.407903e-02	2.256000e+00
1.0	5.120000e+02	4.147200e+04	4.817897e-01	1.179923e-02	2.256000e+00
1.0	6.400000e+02	4.147200e+04	4.817038e-01	1.183629e-02	2.256000e+00
1.0	7.580000e+02	4.147200e+04	4.814829e-01	1.383613e-02	2.256000e+00
1.0	8.760000e+02	4.147200e+04	4.791530e-01	1.744649e-02	2.256000e+00
1.0	1.024000e+03	4.147200e+04	4.817001e-01	1.389673e-02	2.256000e+00
1.0	1.280000e+03	4.147200e+04	4.816532e-01	1.131580e-02	2.256000e+00
1.0	1.536000e+03	4.147200e+04	4.751398e-01	1.258920e-02	2.256000e+00
1.0	1.280000e+02	4.147200e+04	4.124010e-01	1.689299e-02	2.260000e+00
1.0	2.560000e+02	4.147200e+04	4.108671e-01	1.929212e-02	2.260000e+00
1.0	3.840000e+02	4.147200e+04	4.121580e-01	2.157601e-02	2.260000e+00
1.0	5.120000e+02	4.147200e+04	4.111099e-01	2.213470e-02	2.260000e+00
1.0	6.400000e+02	4.147200e+04	4.110106e-01	1.881877e-02	2.260000e+00
1.0	7.580000e+02	4.147200e+04	4.080961e-01	2.556278e-02	2.260000e+00
1.0	8.760000e+02	4.147200e+04	4.073842e-01	2.436873e-02	2.260000e+00
1.0	1.024000e+03	4.147200e+04	4.109393e-01	2.419052e-02	2.260000e+00
1.0	1.280000e+03	4.147200e+04	4.108521e-01	2.368813e-02	2.260000e+00
1.0	1.536000e+03	4.147200e+04	4.039542e-01	2.776386e-02	2.260000e+00
1.0	1.280000e+02	4.147200e+04	4.782168e-01	1.173050e-02	2.264000e+00
1.0	2.560000e+02	4.147200e+04	4.777655e-01	1.138223e-02	2.264000e+00
1.0	3.840000e+02	4.147200e+04	4.782619e-01	1.351442e-02	2.264000e+00
1.0	5.120000e+02	4.147200e+04	4.777827e-01	1.397383e-02	2.264000e+00
1.0	6.400000e+02	4.147200e+04	4.777795e-01	1.310792e-02	2.264000e+00
1.0	7.580000e+02	4.147200e+04	4.780737e-01	1.427647e-02	2.264000e+00
1.0	8.760000e+02	4.147200e+04	4.770485e-01	1.598831e-02	2.264000e+00
1.0	1.024000e+03	4.147200e+04	4.776940e-01	1.497398e-02	2.264000e+00
1.0	1.280000e+03	4.147200e+04	4.777452e-01	1.266574e-02	2.264000e+00
1.0	1.536000e+03	4.147200e+04	4.742412e-01	1.478628e-02	2.264000e+00
1.0	1.280000e+02	4.147200e+04	4.303736e-01	1.511254e-02	2.268000e+00
1.0	2.560000e+02	4.147200e+04	4.290437e-01	1.724663e-02	2.268000e+00
1.0	3.840000e+02	4.147200e+04	4.304716e-01	1.808863e-02	2.268000e+00
1.0	5.120000e+02	4.147200e+04	4.290019e-01	1.896654e-02	2.268000e+00
1.0	6.400000e+02	4.147200e+04	4.289744e-01	1.731587e-02	2.268000e+00
1.0	7.580000e+02	4.147200e+04	4.261532e-01	1.683577e-02	2.268000e+00
1.0	8.760000e+02	4.147200e+04	4.295329e-01	1.477562e-02	2.268000e+00
1.0	1.024000e+03	4.147200e+04	4.289126e-01	1.619611e-02	2.268000e+00
1.0	1.280000e+03	4.147200e+04	4.290089e-01	1.708297e-02	2.268000e+00
1.0	1.536000e+03	4.147200e+04	4.331286e-01	1.417758e-02	2.268000e+00
1.0	1.280000e+02	4.147200e+04	4.434018e-01	1.214484e-02	2.272000e+00
1.0	2.560000e+02	4.147200e+04	4.437868e-01	1.333468e-02	2.272000e+00
1.0	3.840000e+02	4.147200e+04	4.434258e-01	1.256769e-02	2.272000e+00
1.0	5.120000e+02	4.147200e+04	4.438620e-01	1.516080e-02	2.272000e+00
1.0	6.400000e+02	4.147200e+04	4.437734e-01	1.378959e-02	2.272000e+00
1.0	7.580000e+02	4.147200e+04	4.424813e-01	1.532201e-02	2.272000e+00
1.0	8.760000e+02	4.147200e+04	4.412101e-01	1.758740e-02	2.272000e+00
1.0	1.024000e+03	4.147200e+04	4.436402e-01	1.535674e-02	2.272000e+00
1.0	1.280000e+03	4.147200e+04	4.436777e-01	1.627075e-02	2.272000e+00
1.0	1.536000e+03	4.147200e+04	4.410771e-01	1.805146e-02	2.272000e+00
1.0	1.280000e+02	4.147200e+04	4.093179e-01	1.416785e-02	2.276000e+00
1.0	2.560000e+02	4.147200e+04	4.080829e-01	1.693915e-02	2.276000e+00
1.0	3.840000e+02	4.147200e+04	4.093188e-01	1.657437e-02	2.276000e+00
1.0	5.120000e+02	4.147200e+04	4.080382e-01	1.682515e-02	2.276000e+00
1.0	6.400000e+02	4.147200e+04	4.080105e-01	1.859958e-02	2.276000e+00
1.0	7.580000e+02	4.147200e+04	4.045519e-01	1.494837e-02	2.276000e+00
1.0	8.760000e+02	4.147200e+04	4.025583e-01	1.981060e-02	2.276000e+00
1.0	1.024000e+03	4.147200e+04	4.081757e-01	1.396026e-02	2.276000e+00
1.0	1.280000e+03	4.147200e+04	4.080343e-01	1.763486e-02	2.276000e+00
1.0	1.536000e+03	4.147200e+04	4.080842e-01	1.500342e-02	2.276000e+00
1.0	1.280000e+02	4.147200e+04	4.190140e-01	1.414239e-02	2.280000e+00
1.0	2.560000e+02	4.147200e+04	4.238127e-01	1.548164e-02	2.280000e+00
1.0	3.840000e+02	4.147200e+04	4.191297e-01	1.692573e-02	2.280000e+00
1.0	5.120000e+02	4.147200e+04	4.239754e-01	1.531436e-02	2.280000e+00
1.0	6.400000e+02	4.147200e+04	4.238013e-01	1.314084e-02	2.280000e+00
1.0	7.580000e+02	4.147200e+04	4.211656e-01	1.641681e-02	2.280000e+00
1.0	8.760000e+02	4.147200e+04	4.203467e-01	1.207874e-02	2.280000e+00
1.0	1.024000e+03	4.147200e+04	4.238600e-01	1.076616e-02	2.280000e+00
1.0	1.280000e+03	4.147200e+04	4.238522e-01	1.417602e-02	2.280000e+00
1.0	1.536000e+03	4.147200e+04	4.206187e-01	1.366487e-02	2.280000e+00
1.0	1.280000e+02	4.147200e+04	3.724278e-01	1.434442e-02	2.284000e+00
1.0	2.560000e+02	4.147200e+04	3.740653e-01	1.677701e-02	2.284000e+00
1.0	3.840000e+02	4.147200e+04	3.722819e-01	1.681181e-02	2.284000e+00
1.0	5.120000e+02	4.147200e+04	3.740333e-01	1.984179e-02	2.284000e+00
1.0	6.400000e+02	4.147200e+04	3.740874e-01	2.082931e-02	2.284000e+00
1.0	7.580000e+02	4.147200e+04	3.689461e-01	1.768272e-02	2.284000e+00
1.0	8.760000e+02	4.147200e+04	3.703896e-01	2.108691e-02	2.284000e+00
1.0	1.024000e+03	4.147200e+04	3.740588e-01	2.097112e-02	2.284000e+00
1.0	1.280000e+03	4.147200e+04	3.740032e-01	1.774788e-02	2.284000e+00
1.0	1.536000e+03	4.147200e+04	3.716262e-01	2.032723e-02	2.284000e+00
1.0	1.280000e+02	4.147200e+04	3.852332e-01	1.372623e-02	2.288000e+00
1.0	2.560000e+02	4.147200e+04	3.860914e-01	1.611525e-02	2.288000e+00
1.0	3.840000e+02	4.147200e+04	3.853036e-01	1.715885e-02	2.288000e+00
1.0	5.120000e+02	4.147200e+04	3.860965e-01	1.805511e-02	2.288000e+00
1.0	6.400000e+02	4.147200e+04	3.861839e-01	1.793835e-02	2.288000e+00
1.0	7.580000e+02	4.147200e+04	3.882416e-01	2.029815e-02	2.288000e+00
1.0	8.760000e+02	4.147200e+04	3.884504e-01	1.739984e-02	2.288000e+00
1.0	1.024000e+03	4.147200e+04	3.860381e-01	1.944609e-02	2.288000e+00
1.0	1.280000e+03	4.147200e+04	3.860590e-01	1.138385e-02	2.288000e+00
1.0	1.536000e+03	4.147200e+04	3.889627e-01	1.749392e-02	2.288000e+00
1.0	1.280000e+02	4.147200e+04	4.106201e-01	1.197735e-02	2.292000e+00
1.0	2.560000e+02	4.147200e+04	4.087135e-01	1.260982e-02	2.292000e+00
1.0	3.840000e+02	4.147200e+04	4.104856e-01	1.262371e-02	2.292000e+00
1.0	5.120000e+02	4.147200e+04	4.088181e-01	1.383899e-02	2.292000e+00
1.0	6.400000e+02	4.147200e+04	4.087913e-01	1.712589e-02	2.292000e+00
1.0	7.580000e+02	4.147200e+04	4.068476e-01	1.407800e-02	2.292000e+00
1.0	8.760000e+02	4.147200e+04	4.045066e-01	1.512418e-02	2.292000e+00
1.0	1.024000e+03	4.147200e+04	4.088324e-01	1.296496e-02	2.292000e+00
1.0	1.280000e+03	4.147200e+04	4.088771e-01	1.627282e-02	2.292000e+00
1.0	1.536000e+03	4.147200e+04	4.029676e-01	1.130740e-02	2.292000e+00
1.0	1.280000e+02	4.147200e+04	3.319987e-01	1.515085e-02	2.296000e+00
1.0	2.560000e+02	4.147200e+04	3.299180e-01	1.714557e-02	2.296000e+00
1.0	3.840000e+02	4.147200e+04	3.318835e-01	1.829496e-02	2.296000e+00
1.0	5.120000e+02	4.147200e+04	3.298360e-01	1.618354e-02	2.296000e+00
1.0	6.400000e+02	4.147200e+04	3.298036e-01	1.645452e-02	2.296000e+00
1.0	7.580000e+02	4.147200e+04	3.289859e-01	2.017010e-02	2.296000e+00
1.0	8.760000e+02	4.147200e+04	3.280826e-01	1.849733e-02	2.296000e+00
1.0	1.024000e+03	4.147200e+04	3.297892e-01	1.658391e-02	2.296000e+00
1.0	1.280000e+03	4.147200e+04	3.298927e-01	1.377048e-02	2.296000e+00
1.0	1.536000e+03	4.147200e+04	3.349672e-01	1.102963e-02	2.296000e+00
1.0	1.280000e+02	4.147200e+04	3.488502e-01	1.354890e-02	2.300000e+00
1.0	2.560000e+02	4.147200e+04	3.504048e-01	1.417474e-02	2.300000e+00
1.0	3.840000e+02	4.147200e+04	3.488655e-01	1.632385e-02	2.300000e+00
1.0	5.120000e+02	4.147200e+04	3.504128e-01	1.671047e-02	2.300000e+00
1.0	6.400000e+02	4.147200e+04	3.503532e-01	1.349379e-02	2.300000e+00
1.0	7.580000e+02	4.147200e+04	3.453846e-01	1.556104e-02	2.300000e+00
1.0	8.760000e+02	4.147200e+04	3.450840e-01	1.555507e-02	2.300000e+00
1.0	1.024000e+03	4.147200e+04	3.504023e-01	1.254564e-02	2.300000e+00
1.0	1.280000e+03	4.147200e+04	3.504054e-01	1.199147e-02	2.300000e+00
1.0	1.536000e+03	4.147200e+04	3.540861e-01	1.483528e-02	2.300000e+00
1.0	1.280000e+02	4.147200e+04	3.484195e-01	1.459308e-02	2.304000e+00
1.0	2.560000e+02	4.147200e+04	3.477648e-01	1.692881e-02	2.304000e+00
1.0	3.840000e+02	4.147200e+04	3.486481e-01	1.221356e-02	2.304000e+00
1.0	5.120000e+02	4.147200e+04	3.476482e-01	1.356036e-02	2.304000e+00
1.0	6.400000e+02	4.147200e+04	3.476523e-01	1.307716e-02	2.304000e+00
1.0	7.580000e+02	4.147200e+04	3.454575e-01	1.121418e-02	2.304000e+00
1.0	8.760000e+02	4.147200e+04	3.473788e-01	1.269348e-02	2.304000e+00
1.0	1.024000e+03	4.147200e+04	3.475796e-01	1.151938e-02	2.304000e+00
1.0	1.280000e+03	4.147200e+04	3.476915e-01	1.035839e-02	2.304000e+00
1.0	1.536000e+03	4.147200e+04	3.439158e-01	1.083807e-02	2.304000e+00
1.0	1.280000e+02	4.147200e+04	2.990040e-01	1.467885e-02	2.308000e+00
1.0	2.560000e+02	4.147200e+04	3.000882e-01	1.684980e-02	2.308000e+00
1.0	3.840000e+02	4.147200e+04	2.990188e-01	1.788356e-02	2.308000e+00
1.0	5.120000e+02	4.147200e+04	3.002567e-01	1.827373e-02	2.308000e+00
1.0	6.400000e+02	4.147200e+04	3.002179e-01	1.643854e-02	2.308000e+00
1.0	7.580000e+02	4.147200e+04	2.949482e-01	1.775061e-02	2.308000e+00
1.0	8.760000e+02	4.147200e+04	2.954506e-01	1.811978e-02	2.308000e+00
1.0	1.024000e+03	4.147200e+04	3.002523e-01	1.710222e-02	2.308000e+00
1.0	1.280000e+03	4.147200e+04	3.002518e-01	1.954003e-02	2.308000e+00
1.0	1.536000e+03	4.147200e+04	2.909364e-01	2.160706e-02	2.308000e+00
1.0	1.280000e+02	4.147200e+04	2.795989e-01	1.461129e-02	2.312000e+00
1.0	2.560000e+02	4.147200e+04	2.785129e-01	1.651722e-02	2.312000e+00
1.0	3.840000e+02	4.147200e+04	2.796715e-01	1.941004e-02	2.312000e+00
1.0	5.120000e+02	4.147200e+04	2.784445e-01	1.900599e-02	2.312000e+00
1.0	6.400000e+02	4.147200e+04	2.786228e-01	1.823387e-02	2.312000e+00
1.0	7.580000e+02	4.147200e+04	2.779763e-01	2.026177e-02	2.312000e+00
1.0	8.760000e+02	4.147200e+04	2.813622e-01	1.615416e-02	2.312000e+00
1.0	1.024000e+03	4.147200e+04	2.784623e-01	1.810228e-02	2.312000e+00
1.0	1.280000e+03	4.147200e+04	2.784379e-01	1.822443e-02	2.312000e+00
1.0	1.536000e+03	4.147200e+04	2.795152e-01	2.155450e-02	2.312000e+00
1.0	1.280000e+02	4.147200e+04	3.179969e-01	1.326723e-02	2.316000e+00
1.0	2.560000e+02	4.147200e+04	3.165162e-01	1.448521e-02	2.316000e+00
1.0	3.840000e+02	4.147200e+04	3.179690e-01	1.434501e-02	2.316000e+00
1.0	5.120000e+02	4.147200e+04	3.166405e-01	1.426376e-02	2.316000e+00
1.0	6.400000e+02	4.147200e+04	3.166822e-01	1.253351e-02	2.316000e+00
1.0	7.580000e+02	4.147200e+04	3.155826e-01	1.284879e-02	2.316000e+00
1.0	8.760000e+02	4.147200e+04	3.148786e-01	1.170300e-02	2.316000e+00
1.0	1.024000e+03	4.147200e+04	3.166143e-01	1.606475e-02	2.316000e+00
1.0	1.280000e+03	4.147200e+04	3.165831e-01	1.326339e-02	2.316000e+00
1.0	1.536000e+03	4.147200e+04	3.143921e-01	1.419990e-02	2.316000e+00
1.0	1.280000e+02	4.147200e+04	2.481375e-01	1.446683e-02	2.320000e+00
1.0	2.560000e+02	4.147200e+04	2.465226e-01	1.640671e-02	2.320000e+00
1.0	3.840000e+02	4.147200e+04	2.479633e-01	1.630589e-02	2.320000e+00
1.0	5.120000e+02	4.147200e+04	2.464825e-01	1.782429e-02	2.320000e+00
1.0	6.400000e+02	4.147200e+04	2.466751e-01	1.731872e-02	2.320000e+00
1.0	7.580000e+02	4.147200e+04	2.386408e-01	1.715628e-02	2.320000e+00
1.0	8.760000e+02	4.147200e+04	2.362528e-01	1.831202e-02	2.320000e+00
1.0	1.024000e+03	4.147200e+04	2.467310e-01	1.737009e-02	2.320000e+00
1.0	1.280000e+03	4.147200e+04	2.465180e-01	1.416516e-02	2.320000e+00
1.0	1.536000e+03	4.147200e+04	2.419833e-01	1.584804e-02	2.320000e+00
1.0	1.280000e+02	4.147200e+04	2.720779e-01	1.363836e-02	2.324000e+00
1.0	2.560000e+02	4.147200e+04	2.743753e-01	1.490684e-02	2.324000e+00
1.0	3.840000e+02	4.147200e+04	2.721304e-01	1.440573e-02	2.324000e+00
1.0	5.120000e+02	4.147200e+04	2.744788e-01	1.515314e-02	2.324000e+00
1.0	6.400000e+02	4.147200e+04	2.745494e-01	1.213387e-02	2.324000e+00
1.0	7.580000e+02	4.147200e+04	2.739549e-01	1.416132e-02	2.324000e+00
1.0	8.760000e+02	4.147200e+04	2.699368e-01	1.463660e-02	2.324000e+00
1.0	1.024000e+03	4.147200e+04	2.746244e-01	1.695586e-02	2.324000e+00
1.0	1.280000e+03	4.147200e+04	2.745074e-01	1.301000e-02	2.324000e+00
1.0	1.536000e+03	4.147200e+04	2.678856e-01	7.583051e-03	2.324000e+00
1.0	1.280000e+02	4.147200e+04	2.586787e-01	1.341428e-02	2.328000e+00
1.0	2.560000e+02	4.147200e+04	2.597358e-01	1.434441e-02	2.328000e+00
1.0	3.840000e+02	4.147200e+04	2.587841e-01	1.402543e-02	2.328000e+00
1.0	5.120000e+02	4.147200e+04	2.598865e-01	1.637426e-02	2.328000e+00
1.0	6.400000e+02	4.147200e+04	2.599166e-01	1.622994e-02	2.328000e+00
1.0	7.580000e+02	4.147200e+04	2.597610e-01	1.771759e-02	2.328000e+00
1.0	8.760000e+02	4.147200e+04	2.626331e-01	1.615691e-02	2.328000e+00
1.0	1.024000e+03	4.147200e+04	2.598400e-01	1.777604e-02	2.328000e+00
1.0	1.280000e+03	4.147200e+04	2.599355e-01	1.560894e-02	2.328000e+00
1.0	1.536000e+03	4.147200e+04	2.662666e-01	2.008555e-02	2.328000e+00
1.0	1.280000e+02	4.147200e+04	2.490050e-01	1.342843e-02	2.332000e+00
1.0	2.560000e+02	4.147200e+04	2.503475e-01	1.524840e-02	2.332000e+00
1.0	3.840000e+02	4.147200e+04	2.490400e-01	1.315392e-02	2.332000e+00
1.0	5.120000e+02	4.147200e+04	2.502618e-01	1.653384e-02	2.332000e+00
1.0	6.400000e+02	4.147200e+04	2.502304e-01	1.337543e-02	2.332000e+00
1.0	7.580000e+02	4.147200e+04	2.504674e-01	1.544025e-02	2.332000e+00
1.0	8.760000e+02	4.147200e+04	2.504031e-01	1.262234e-02	2.332000e+00
1.0	1.024000e+03	4.147200e+04	2.501673e-01	1.403455e-02	2.332000e+00
1.0	1.280000e+03	4.147200e+04	2.502545e-01	1.213155e-02	2.332000e+00
1.0	1.536000e+03	4.147200e+04	2.550650e-01	1.769228e-02	2.332000e+00
1.0	1.280000e+02	4.147200e+04	2.574178e-01	1.336067e-02	2.336000e+00
1.0	2.560000e+02	4.147200e+04	2.563200e-01	1.537765e-02	2.336000e+00
1.0	3.840000e+02	4.147200e+04	2.573470e-01	1.530381e-02	2.336000e+00
1.0	5.120000e+02	4.147200e+04	2.561714e-01	1.804769e-02	2.336000e+00
1.0	6.400000e+02	4.147200e+04	2.563971e-01	1.646246e-02	2.336000e+00
1.0	7.580000e+02	4.147200e+04	2.588834e-01	1.799280e-02	2.336000e+00
1.0	8.760000e+02	4.147200e+04	2.584985e-01	1.710849e-02	2.336000e+00
1.0	1.024000e+03	4.147200e+04	2.561819e-01	1.835983e-02	2.336000e+00
1.0	1.280000e+03	4.147200e+04	2.561378e-01	1.737682e-02	2.336000e+00
1.0	1.536000e+03	4.147200e+04	2.574060e-01	1.504903e-02	2.336000e+00
1.0	1.280000e+02	4.147200e+04	2.373851e-01	1.288492e-02	2.340000e+00
1.0	2.560000e+02	4.147200e+04	2.350019e-01	1.542414e-02	2.340000e+00
1.0	3.840000e+02	4.147200e+04	2.373154e-01	1.437196e-02	2.340000e+00
1.0	5.120000e+02	4.147200e+04	2.349672e-01	1.461473e-02	2.340000e+00
1.0	6.400000e+02	4.147200e+04	2.349275e-01	1.548592e-02	2.340000e+00
1.0	7.580000e+02	4.147200e+04	2.336357e-01	1.524120e-02	2.340000e+00
1.0	8.760000e+02	4.147200e+04	2.319892e-01	1.578664e-02	2.340000e+00
1.0	1.024000e+03	4.147200e+04	2.350309e-01	1.570274e-02	2.340000e+00
1.0	1.280000e+03	4.147200e+04	2.348951e-01	1.649921e-02	2.340000e+00
1.0	1.536000e+03	4.147200e+04	2.276004e-01	1.529936e-02	2.340000e+00
1.0	1.280000e+02	4.147200e+04	2.038989e-01	1.257859e-02	2.344000e+00
1.0	2.560000e+02	4.147200e+04	2.049654e-01	1.486968e-02	2.344000e+00
1.0	3.840000e+02	4.147200e+04	2.038369e-01	1.661586e-02	2.344000e+00
1.0	5.120000e+02	4.147200e+04	2.048785e-01	1.562790e-02	2.344000e+00
1.0	6.400000e+02	4.147200e+04	2.048762e-01	1.690252e-02	2.344000e+00
1.0	7.580000e+02	4.147200e+04	2.013322e-01	1.535674e-02	2.344000e+00
1.0	8.760000e+02	4.147200e+04	2.044570e-01	1.437455e-02	2.344000e+00
1.0	1.024000e+03	4.147200e+04	2.048694e-01	1.683670e-02	2.344000e+00
1.0	1.280000e+03	4.147200e+04	2.048651e-01	1.025755e-02	2.344000e+00
1.0	1.536000e+03	4.147200e+04	2.047682e-01	1.332951e-02	2.344000e+00
1.0	1.280000e+02	4.147200e+04	2.270956e-01	1.171774e-02	2.348000e+00
1.0	2.560000e+02	4.147200e+04	2.255935e-01	1.271681e-02	2.348000e+00
1.0	3.840000e+02	4.147200e+04	2.271273e-01	1.360674e-02	2.348000e+00
1.0	5.120000e+02	4.147200e+04	2.255909e-01	1.419706e-02	2.348000e+00
1.0	6.400000e+02	4.147200e+04	2.256740e-01	1.378797e-02	2.348000e+00
1.0	7.580000e+02	4.147200e+04	2.253425e-01	1.543458e-02	2.348000e+00
1.0	8.760000e+02	4.147200e+04	2.252062e-01	1.163626e-02	2.348000e+00
1.0	1.024000e+03	4.147200e+04	2.257651e-01	1.450579e-02	2.348000e+00
1.0	1.280000e+03	4.147200e+04	2.256338e-01	1.482457e-02	2.348000e+00
1.0	1.536000e+03	4.147200e+04	2.290038e-01	1.585416e-02	2.348000e+00
1.0	1.280000e+02	4.147200e+04	1.691638e-01	1.037108e-02	2.352000e+00
1.0	2.560000e+02	4.147200e+04	1.702738e-01	1.234486e-02	2.352000e+00
1.0	3.840000e+02	4.147200e+04	1.692380e-01	1.112910e-02	2.352000e+00
1.0	5.120000e+02	4.147200e+04	1.702987e-01	1.306095e-02	2.352000e+00
1.0	6.400000e+02	4.147200e+04	1.702578e-01	1.414033e-02	2.352000e+00
1.0	7.580000e+02	4.147200e+04	1.722382e-01	1.441549e-02	2.352000e+00
1.0	8.760000e+02	4.147200e+04	1.739719e-01	1.597182e-02	2.352000e+00
1.0	1.024000e+03	4.147200e+04	1.703083e-01	1.512930e-02	2.352000e+00
1.0	1.280000e+03	4.147200e+04	1.702265e-01	1.578125e-02	2.352000e+00
1.0	1.536000e+03	4.147200e+04	1.779799e-01	1.673194e-02	2.352000e+00
1.0	1.280000e+02	4.147200e+04	1.712094e-01	1.088295e-02	2.356000e+00
1.0	2.560000e+02	4.147200e+04	1.682628e-01	1.065344e-02	2.356000e+00
1.0	3.840000e+02	4.147200e+04	1.712707e-01	1.355623e-02	2.356000e+00
1.0	5.120000e+02	4.147200e+04	1.683344e-01	1.146638e-02	2.356000e+00
1.0	6.400000e+02	4.147200e+04	1.682324e-01	1.344115e-02	2.356000e+00
1.0	7.580000e+02	4.147200e+04	1.675293e-01	1.266398e-02	2.356000e+00
1.0	8.760000e+02	4.147200e+04	1.643356e-01	1.274053e-02	2.356000e+00
1.0	1.024000e+03	4.147200e+04	1.682640e-01	1.328557e-02	2.356000e+00
1.0	1.280000e+03	4.147200e+04	1.682783e-01	1.465113e-02	2.356000e+00
1.0	1.536000e+03	4.147200e+04	1.638899e-01	1.620685e-02	2.356000e+00
1.0	1.280000e+02	4.147200e+04	1.666249e-01	1.091243e-02	2.360000e+00
1.0	2.560000e+02	4.147200e+04	1.653803e-01	1.303570e-02	2.360000e+00
1.0	3.840000e+02	4.147200e+04	1.666741e-01	1.152347e-02	2.360000e+00
1.0	5.120000e+02	4.147200e+04	1.651095e-01	1.321121e-02	2.360000e+00
1.0	6.400000e+02	4.147200e+04	1.650965e-01	1.364724e-02	2.360000e+00
1.0	7.580000e+02	4.147200e+04	1.610489e-01	1.062318e-02	2.360000e+00
1.0	8.760000e+02	4.147200e+04	1.616657e-01	8.100778e-03	2.360000e+00
1.0	1.024000e+03	4.147200e+04	1.651875e-01	8.609971e-03	2.360000e+00
1.0	1.280000e+03	4.147200e+04	1.651882e-01	8.588152e-03	2.360000e+00
1.0	1.536000e+03	4.147200e+04	1.653367e-01	8.432344e-03	2.360000e+00
1.0	1.280000e+02	4.147200e+04	1.666310e-01	1.008124e-02	2.364000e+00
1.0	2.560000e+02	4.147200e+04	1.663748e-01	1.040876e-02	2.364000e+00
1.0	3.840000e+02	4.147200e+04	1.666735e-01	1.098403e-02	2.364000e+00
1.0	5.120000e+02	4.147200e+04	1.665422e-01	1.310504e-02	2.364000e+00
1.0	6.400000e+02	4.147200e+04	1.664379e-01	1.248199e-02	2.364000e+00
1.0	7.580000e+02	4.147200e+04	1.660367e-01	1.199920e-02	2.364000e+00
1.0	8.760000e+02	4.147200e+04	1.663576e-01	1.260145e-02	2.364000e+00
1.0	1.024000e+03	4.147200e+04	1.664937e-01	1.269779e-02	2.364000e+00
1.0	1.280000e+03	4.147200e+04	1.664823e-01	1.499815e-02	2.364000e+00
1.0	1.536000e+03	4.147200e+04	1.633964e-01	1.685489e-02	2.364000e+00
1.0	1.280000e+02	4.147200e+04	1.545623e-01	1.023042e-02	2.368000e+00
1.0	2.560000e+02	4.147200e+04	1.511480e-01	1.003324e-02	2.368000e+00
1.0	3.840000e+02	4.147200e+04	1.544698e-01	1.135312e-02	2.368000e+00
1.0	5.120000e+02	4.147200e+04	1.510075e-01	1.009936e-02	2.368000e+00
1.0	6.400000e+02	4.147200e+04	1.510299e-01	1.037052e-02	2.368000e+00
1.0	7.580000e+02	4.147200e+04	1.504425e-01	9.470432e-03	2.368000e+00
1.0	8.760000e+02	4.147200e+04	1.516217e-01	1.096529e-02	2.368000e+00
1.0	1.024000e+03	4.147200e+04	1.511575e-01	1.017303e-02	2.368000e+00
1.0	1.280000e+03	4.147200e+04	1.510756e-01	4.712995e-03	2.368000e+00
1.0	1.536000e+03	4.147200e+04	1.520645e-01	4.081609e-03	2.368000e+00
1.0	1.280000e+02	4.147200e+04	1.352744e-01	9.885224e-03	2.372000e+00
1.0	2.560000e+02	4.147200e+04	1.333208e-01	1.064641e-02	2.372000e+00
1.0	3.840000e+02	4.147200e+04	1.351267e-01	1.072505e-02	2.372000e+00
1.0	5.120000e+02	4.147200e+04	1.332983e-01	1.132092e-02	2.372000e+00
1.0	6.400000e+02	4.147200e+04	1.332771e-01	8.680368e-03	2.372000e+00
1.0	7.580000e+02	4.147200e+04	1.326246e-01	1.078948e-02	2.372000e+00
1.0	8.760000e+02	4.147200e+04	1.316533e-01	1.020223e-02	2.372000e+00
1.0	1.024000e+03	4.147200e+04	1.333498e-01	1.023791e-02	2.372000e+00
1.0	1.280000e+03	4.147200e+04	1.332585e-01	5.252991e-03	2.372000e+00
1.0	1.536000e+03	4.147200e+04	1.298585e-01	6.858698e-03	2.372000e+00
1.0	1.280000e+02	4.147200e+04	1.723209e-01	9.321693e-03	2.376000e+00
1.0	2.560000e+02	4.147200e+04	1.724315e-01	9.158480e-03	2.376000e+00
1.0	3.840000e+02	4.147200e+04	1.722405e-01	9.871347e-03	2.376000e+00
1.0	5.120000e+02	4.147200e+04	1.724107e-01	8.164570e-03	2.376000e+00
1.0	6.400000e+02	4.147200e+04	1.723887e-01	8.607019e-03	2.376000e+00
1.0	7.580000e+02	4.147200e+04	1.729735e-01	8.290240e-03	2.376000e+00
1.0	8.760000e+02	4.147200e+04	1.754248e-01	8.250457e-03	2.376000e+00
1.0	1.024000e+03	4.147200e+04	1.724417e-01	8.705897e-03	2.376000e+00
1.0	1.280000e+03	4.147200e+04	1.724281e-01	8.254318e-03	2.376000e+00
1.0	1.536000e+03	4.147200e+04	1.746959e-01	8.445803e-03	2.376000e+00
1.0	1.280000e+02	4.147200e+04	1.414414e-01	9.203729e-03	2.380000e+00
1.0	2.560000e+02	4.147200e+04	1.424635e-01	9.985159e-03	2.380000e+00
1.0	3.840000e+02	4.147200e+04	1.414183e-01	9.765927e-03	2.380000e+00
1.0	5.120000e+02	4.147200e+04	1.424301e-01	8.207848e-03	2.380000e+00
1.0	6.400000e+02	4.147200e+04	1.424466e-01	8.726092e-03	2.380000e+00
1.0	7.580000e+02	4.147200e+04	1.444434e-01	8.515020e-03	2.380000e+00
1.0	8.760000e+02	4.147200e+04	1.428029e-01	9.061250e-03	2.380000e+00
1.0	1.024000e+03	4.147200e+04	1.424781e-01	8.818422e-03	2.380000e+00
1.0	1.280000e+03	4.147200e+04	1.424015e-01	9.581021e-03	2.380000e+00
1.0	1.536000e+03	4.147200e+04	1.452895e-01	1.128068e-02	2.380000e+00
1.0	1.280000e+02	4.147200e+04	1.285341e-01	9.103112e-03	2.384000e+00
1.0	2.560000e+02	4.147200e+04	1.287424e-01	8.931882e-03	2.384000e+00
1.0	3.840000e+02	4.147200e+04	1.285879e-01	9.719639e-03	2.384000e+00
1.0	5.120000e+02	4.147200e+04	1.286698e-01	9.935972e-03	2.384000e+00
1.0	6.400000e+02	4.147200e+04	1.287056e-01	9.393249e-03	2.384000e+00
1.0	7.580000e+02	4.147200e+04	1.298050e-01	8.282194e-03	2.384000e+00
1.0	8.760000e+02	4.147200e+04	1.313314e-01	1.111324e-02	2.384000e+00
1.0	1.024000e+03	4.147200e+04	1.287682e-01	9.893059e-03	2.384000e+00
1.0	1.280000e+03	4.147200e+04	1.287436e-01	1.038192e-02	2.384000e+00
1.0	1.536000e+03	4.147200e+04	1.295496e-01	1.078301e-02	2.384000e+00
1.0	1.280000e+02	4.147200e+04	1.160562e-01	7.280491e-03	2.388000e+00
1.0	2.560000e+02	4.147200e+04	1.156185e-01	7.269952e-03	2.388000e+00
1.0	3.840000e+02	4.147200e+04	1.161508e-01	9.031371e-03	2.388000e+00
1.0	5.120000e+02	4.147200e+04	1.156528e-01	7.809060e-03	2.388000e+00
1.0	6.400000e+02	4.147200e+04	1.156268e-01	7.032609e-03	2.388000e+00
1.0	7.580000e+02	4.147200e+04	1.129528e-01	6.730511e-03	2.388000e+00
1.0	8.760000e+02	4.147200e+04	1.131871e-01	8.291551e-03	2.388000e+00
1.0	1.024000e+03	4.147200e+04	1.156394e-01	6.500614e-03	2.388000e+00
1.0	1.280000e+03	4.147200e+04	1.156648e-01	7.106837e-03	2.388000e+00
1.0	1.536000e+03	4.147200e+04	1.127069e-01	8.783410e-03	2.388000e+00
1.0	1.280000e+02	4.147200e+04	9.632836e-02	5.842605e-03	2.392000e+00
1.0	2.560000e+02	4.147200e+04	9.698742e-02	5.877429e-03	2.392000e+00
1.0	3.840000e+02	4.147200e+04	9.636754e-02	6.755526e-03	2.392000e+00
1.0	5.120000e+02	4.147200e+04	9.701536e-02	4.743051e-03	2.392000e+00
1.0	6.400000e+02	4.147200e+04	9.701504e-02	5.184303e-03	2.392000e+00
1.0	7.580000e+02	4.147200e+04	9.447563e-02	5.180950e-03	2.392000e+00
1.0	8.760000e+02	4.147200e+04	9.402361e-02	4.496428e-03	2.392000e+00
1.0	1.024000e+03	4.147200e+04	9.703549e-02	4.681820e-03	2.392000e+00
1.0	1.280000e+03	4.147200e+04	9.698887e-02	3.077466e-03	2.392000e+00
1.0	1.536000e+03	4.147200e+04	9.429929e-02	2.438230e-03	2.392000e+00
1.0	1.280000e+02	4.147200e+04	1.302053e-01	7.510139e-03	2.396000e+00
1.0	2.560000e+02	4.147200e+04	1.299911e-01	8.914553e-03	2.396000e+00
1.0	3.840000e+02	4.147200e+04	1.302207e-01	8.548320e-03	2.396000e+00
1.0	5.120000e+02	4.147200e+04	1.300249e-01	9.460628e-03	2.396000e+00
1.0	6.400000e+02	4.147200e+04	1.300935e-01	8.951638e-03	2.396000e+00
1.0	7.580000e+02	4.147200e+04	1.312806e-01	8.466685e-03	2.396000e+00
1.0	8.760000e+02	4.147200e+04	1.327368e-01	1.051315e-02	2.396000e+00
1.0	1.024000e+03	4.147200e+04	1.300759e-01	8.541308e-03	2.396000e+00
1.0	1.280000e+03	4.147200e+04	1.300498e-01	8.481843e-03	2.396000e+00
1.0	1.536000e+03	4.147200e+04	1.318972e-01	1.092445e-02	2.396000e+00
1.0	1.280000e+02	4.147200e+04	1.132596e-01	7.290605e-03	2.400000e+00
1.0	2.560000e+02	4.147200e+04	1.133453e-01	7.986709e-03	2.400000e+00
1.0	3.840000e+02	4.147200e+04	1.133282e-01	7.936631e-03	2.400000e+00
1.0	5.120000e+02	4.147200e+04	1.133453e-01	9.428766e-03	2.400000e+00
1.0	6.400000e+02	4.147200e+04	1.134326e-01	9.748474e-03	2.400000e+00
1.0	7.580000e+02	4.147200e+04	1.126421e-01	9.415457e-03	2.400000e+00
1.0	8.760000e+02	4.147200e+04	1.111831e-01	8.406061e-03	2.400000e+00
1.0	1.024000e+03	4.147200e+04	1.133588e-01	9.412861e-03	2.400000e+00
1.0	1.280000e+03	4.147200e+04	1.133865e-01	6.860330e-03	2.400000e+00
1.0	1.536000e+03	4.147200e+04	1.107215e-01	7.704249e-03	2.400000e+00
1.0	1.280000e+02	4.147200e+04	8.697320e-02	5.454332e-03	2.416000e+00
1.0	2.560000e+02	4.147200e+04	8.722508e-02	5.150592e-03	2.416000e+00
1.0	3.840000e+02	4.147200e+04	8.693744e-02	5.687254e-03	2.416000e+00
1.0	5.120000e+02	4.147200e+04	8.715602e-02	5.281748e-03	2.416000e+00
1.0	6.400000e+02	4.147200e+04	8.722609e-02	4.226203e-03	2.416000e+00
1.0	7.580000e+02	4.147200e+04	8.715138e-02	5.814026e-03	2.416000e+00
1.0	8.760000e+02	4.147200e+04	8.731816e-02	5.343015e-03	2.416000e+00
1.0	1.024000e+03	4.147200e+04	8.717655e-02	5.155161e-03	2.416000e+00
1.0	1.280000e+03	4.147200e+04	8.716109e-02	3.329949e-03	2.416000e+00
1.0	1.536000e+03	4.147200e+04	8.687362e-02	4.720970e-03	2.416000e+00
1.0	1.280000e+02	4.147200e+04	8.783421e-02	4.586287e-03	2.432000e+00
1.0	2.560000e+02	4.147200e+04	8.795009e-02	4.778547e-03	2.432000e+00
1.0	3.840000e+02	4.147200e+04	8.781751e-02	4.188606e-03	2.432000e+00
1.0	5.120000e+02	4.147200e+04	8.796247e-02	4.682970e-03	2.432000e+00
1.0	6.400000e+02	4.147200e+04	8.795455e-02	4.137969e-03	2.432000e+00
1.0	7.580000e+02	4.147200e+04	8.806174e-02	4.883916e-03	2.432000e+00
1.0	8.760000e+02	4.147200e+04	8.771186e-02	3.554697e-03	2.432000e+00
1.0	1.024000e+03	4.147200e+04	8.793100e-02	4.032227e-03	2.432000e+00
1.0	1.280000e+03	4.147200e+04	8.796196e-02	4.277017e-03	2.432000e+00
1.0	1.536000e+03	4.147200e+04	8.867019e-02	3.997771e-03	2.432000e+00
1.0	1.280000e+02	4.147200e+04	7.739096e-02	4.485455e-03	2.448000e+00
1.0	2.560000e+02	4.147200e+04	7.750350e-02	4.461789e-03	2.448000e+00
1.0	3.840000e+02	4.147200e+04	7.741508e-02	4.572637e-03	2.448000e+00
1.0	5.120000e+02	4.147200e+04	7.752695e-02	4.636923e-03	2.448000e+00
1.0	6.400000e+02	4.147200e+04	7.747498e-02	3.771282e-03	2.448000e+00
1.0	7.580000e+02	4.147200e+04	7.838728e-02	4.546390e-03	2.448000e+00
1.0	8.760000e+02	4.147200e+04	7.832649e-02	5.248764e-03	2.448000e+00
1.0	1.024000e+03	4.147200e+04	7.750687e-02	5.172233e-03	2.448000e+00
1.0	1.280000e+03	4.147200e+04	7.751424e-02	3.278062e-03	2.448000e+00
1.0	1.536000e+03	4.147200e+04	7.878156e-02	4.569432e-03	2.448000e+00
1.0	1.280000e+02	4.147200e+04	5.969563e-02	3.591450e-03	2.464000e+00
1.0	2.560000e+02	4.147200e+04	5.944610e-02	4.162466e-03	2.464000e+00
1.0	3.840000e+02	4.147200e+04	5.970576e-02	4.481516e-03	2.464000e+00
1.0	5.120000e+02	4.147200e+04	5.941734e-02	3.999568e-03	2.464000e+00
1.0	6.400000e+02	4.147200e+04	5.941668e-02	4.492564e-03	2.464000e+00
1.0	7.580000e+02	4.147200e+04	5.880778e-02	4.587453e-03	2.464000e+00
1.0	8.760000e+02	4.147200e+04	5.727385e-02	3.891932e-03	2.464000e+00
1.0	1.024000e+03	4.147200e+04	5.949247e-02	4.669974e-03	2.464000e+00
1.0	1.280000e+03	4.147200e+04	5.942448e-02	4.509301e-03	2.464000e+00
1.0	1.536000e+03	4.147200e+04	5.652542e-02	3.867256e-03	2.464000e+00
1.0	1.280000e+02	4.147200e+04	5.304072e-02	3.085869e-03	2.480000e+00
1.0	2.560000e+02	4.147200e+04	5.262090e-02	2.958387e-03	2.480000e+00
1.0	3.840000e+02	4.147200e+04	5.302480e-02	3.037802e-03	2.480000e+00
1.0	5.120000e+02	4.147200e+04	5.260246e-02	2.552485e-03	2.480000e+00
1.0	6.400000e+02	4.147200e+04	5.261647e-02	2.612785e-03	2.480000e+00
1.0	7.580000e+02	4.147200e+04	5.308738e-02	1.861093e-03	2.480000e+00
1.0	8.760000e+02	4.147200e+04	5.351821e-02	1.792522e-03	2.480000e+00
1.0	1.024000e+03	4.147200e+04	5.260441e-02	2.199664e-03	2.480000e+00
1.0	1.280000e+03	4.147200e+04	5.259309e-02	2.669025e-03	2.480000e+00
1.0	1.536000e+03	4.147200e+04	5.368971e-02	1.510462e-03	2.480000e+00
1.0	1.280000e+02	4.147200e+04	4.717565e-02	2.998496e-03	2.496000e+00
1.0	2.560000e+02	4.147200e+04	4.726838e-02	3.189442e-03	2.496000e+00
1.0	3.840000e+02	4.147200e+04	4.716862e-02	3.043640e-03	2.496000e+00
1.0	5.120000e+02	4.147200e+04	4.725947e-02	3.025822e-03	2.496000e+00
1.0	6.400000e+02	4.147200e+04	4.725422e-02	3.306904e-03	2.496000e+00
1.0	7.580000e+02	4.147200e+04	4.752772e-02	3.255883e-03	2.496000e+00
1.0	8.760000e+02	4.147200e+04	4.810900e-02	2.630703e-03	2.496000e+00
1.0	1.024000e+03	4.147200e+04	4.726705e-02	3.234330e-03	2.496000e+00
1.0	1.280000e+03	4.147200e+04	4.725951e-02	3.626179e-03	2.496000e+00
1.0	1.536000e+03	4.147200e+04	4.826791e-02	3.861186e-03	2.496000e+00
1.0	1.280000e+02	4.147200e+04	4.539483e-02	2.558047e-03	2.512000e+00
1.0	2.560000e+02	4.147200e+04	4.513471e-02	2.652924e-03	2.512000e+00
1.0	3.840000e+02	4.147200e+04	4.538649e-02	2.719993e-03	2.512000e+00
1.0	5.120000e+02	4.147200e+04	4.516580e-02	2.905543e-03	2.512000e+00
1.0	6.400000e+02	4.147200e+04	4.515237e-02	3.187459e-03	2.512000e+00
1.0	7.580000e+02	4.147200e+04	4.438489e-02	2.253062e-03	2.512000e+00
1.0	8.760000e+02	4.147200e+04	4.472170e-02	2.776102e-03	2.512000e+00
1.0	1.024000e+03	4.147200e+04	4.513701e-02	2.386235e-03	2.512000e+00
1.0	1.280000e+03	4.147200e+04	4.514289e-02	2.885785e-03	2.512000e+00
1.0	1.536000e+03	4.147200e+04	4.414962e-02	2.428210e-03	2.512000e+00
1.0	1.280000e+02	4.147200e+04	3.888951e-02	1.995549e-03	2.528000e+00
1.0	2.560000e+02	4.147200e+04	3.881226e-02	2.110308e-03	2.528000e+00
1.0	3.840000e+02	4.147200e+04	3.888198e-02	1.997859e-03	2.528000e+00
1.0	5.120000e+02	4.147200e+04	3.882969e-02	1.981274e-03	2.528000e+00
1.0	6.400000e+02	4.147200e+04	3.881959e-02	2.415997e-03	2.528000e+00
1.0	7.580000e+02	4.147200e+04	3.823447e-02	2.184880e-03	2.528000e+00
1.0	8.760000e+02	4.147200e+04	3.854626e-02	2.215469e-03	2.528000e+00
1.0	1.024000e+03	4.147200e+04	3.881731e-02	1.999964e-03	2.528000e+00
1.0	1.280000e+03	4.147200e+04	3.883170e-02	1.812659e-03	2.528000e+00
1.0	1.536000e+03	4.147200e+04	3.824025e-02	1.545875e-03	2.528000e+00
1.0	1.280000e+02	4.147200e+04	3.544067e-02	1.675394e-03	2.544000e+00
1.0	2.560000e+02	4.147200e+04	3.551626e-02	1.617710e-03	2.544000e+00
1.0	3.840000e+02	4.147200e+04	3.542572e-02	1.693582e-03	2.544000e+00
1.0	5.120000e+02	4.147200e+04	3.550960e-02	1.619520e-03	2.544000e+00
1.0	6.400000e+02	4.147200e+04	3.553487e-02	1.615467e-03	2.544000e+00
1.0	7.580000e+02	4.147200e+04	3.569996e-02	1.594311e-03	2.544000e+00
1.0	8.760000e+02	4.147200e+04	3.601442e-02	1.661345e-03	2.544000e+00
1.0	1.024000e+03	4.147200e+04	3.552216e-02	1.718976e-03	2.544000e+00
1.0	1.280000e+03	4.147200e+04	3.553781e-02	1.579457e-03	2.544000e+00
1.0	1.536000e+03	4.147200e+04	3.633846e-02	1.502876e-03	2.544000e+00
1.0	1.280000e+02	4.147200e+04	3.234890e-02	1.714327e-03	2.560000e+00
1.0	2.560000e+02	4.147200e+04	3.227156e-02	1.707014e-03	2.560000e+00
1.0	3.840000e+02	4.147200e+04	3.234568e-02	1.585941e-03	2.560000e+00
1.0	5.120000e+02	4.147200e+04	3.225933e-02	1.715746e-03	2.560000e+00
1.0	6.400000e+02	4.147200e+04	3.225795e-02	1.695133e-03	2.560000e+00
1.0	7.580000e+02	4.147200e+04	3.205471e-02	1.604279e-03	2.560000e+00
1.0	8.760000e+02	4.147200e+04	3.169798e-02	1.885074e-03	2.560000e+00
1.0	1.024000e+03	4.147200e+04	3.225337e-02	1.431832e-03	2.560000e+00
1.0	1.280000e+03	4.147200e+04	3.226109e-02	1.490507e-03	2.560000e+00
1.0	1.536000e+03	4.147200e+04	3.212618e-02	1.181832e-03	2.560000e+00
1.0	1.280000e+02	4.147200e+04	3.103822e-02	1.932476e-03	2.576000e+00
1.0	2.560000e+02	4.147200e+04	3.074067e-02	1.937428e-03	2.576000e+00
1.0	3.840000e+02	4.147200e+04	3.101807e-02	2.208231e-03	2.576000e+00
1.0	5.120000e+02	4.147200e+04	3.076545e-02	2.256266e-03	2.576000e+00
1.0	6.400000e+02	4.147200e+04	3.075473e-02	2.274190e-03	2.576000e+00
1.0	7.580000e+02	4.147200e+04	3.080472e-02	2.447367e-03	2.576000e+00
1.0	8.760000e+02	4.147200e+04	3.109425e-02	2.483597e-03	2.576000e+00
1.0	1.024000e+03	4.147200e+04	3.075025e-02	2.289211e-03	2.576000e+00
1.0	1.280000e+03	4.147200e+04	3.075499e-02	1.900916e-03	2.576000e+00
1.0	1.536000e+03	4.147200e+04	2.962203e-02	2.644078e-03	2.576000e+00
1.0	1.280000e+02	4.147200e+04	2.857031e-02	1.331263e-03	2.592000e+00
1.0	2.560000e+02	4.147200e+04	2.849260e-02	1.514630e-03	2.592000e+00
1.0	3.840000e+02	4.147200e+04	2.857488e-02	1.480689e-03	2.592000e+00
1.0	5.120000e+02	4.147200e+04	2.849177e-02	1.438633e-03	2.592000e+00
1.0	6.400000e+02	4.147200e+04	2.850038e-02	1.429262e-03	2.592000e+00
1.0	7.580000e+02	4.147200e+04	2.853737e-02	1.953605e-03	2.592000e+00
1.0	8.760000e+02	4.147200e+04	2.863366e-02	1.431606e-03	2.592000e+00
1.0	1.024000e+03	4.147200e+04	2.849161e-02	1.244598e-03	2.592000e+00
1.0	1.280000e+03	4.147200e+04	2.850075e-02	1.400857e-03	2.592000e+00
1.0	1.536000e+03	4.147200e+04	2.879947e-02	1.560764e-03	2.592000e+00
1.0	1.280000e+02	4.147200e+04	2.761824e-02	1.255281e-03	2.608000e+00
1.0	2.560000e+02	4.147200e+04	2.766893e-02	1.030744e-03	2.608000e+00
1.0	3.840000e+02	4.147200e+04	2.761979e-02	1.253981e-03	2.608000e+00
1.0	5.120000e+02	4.147200e+04	2.767151e-02	9.968311e-04	2.608000e+00
1.0	6.400000e+02	4.147200e+04	2.766099e-02	1.088883e-03	2.608000e+00
1.0	7.580000e+02	4.147200e+04	2.751801e-02	8.424887e-04	2.608000e+00
1.0	8.760000e+02	4.147200e+04	2.766098e-02	7.402127e-04	2.608000e+00
1.0	1.024000e+03	4.147200e+04	2.766556e-02	8.744767e-04	2.608000e+00
1.0	1.280000e+03	4.147200e+04	2.766994e-02	9.420321e-04	2.608000e+00
1.0	1.536000e+03	4.147200e+04	2.781746e-02	8.766545e-04	2.608000e+00
1.0	1.280000e+02	4.147200e+04	2.588641e-02	1.078043e-03	2.624000e+00
1.0	2.560000e+02	4.147200e+04	2.604194e-02	1.128890e-03	2.624000e+00
1.0	3.840000e+02	4.147200e+04	2.589248e-02	1.077616e-03	2.624000e+00
1.0	5.120000e+02	4.147200e+04	2.604180e-02	8.916150e-04	2.624000e+00
1.0	6.400000e+02	4.147200e+04	2.604001e-02	8.368956e-04	2.624000e+00
1.0	7.580000e+02	4.147200e+04	2.578506e-02	9.856224e-04	2.624000e+00
1.0	8.760000e+02	4.147200e+04	2.566948e-02	1.070032e-03	2.624000e+00
1.0	1.024000e+03	4.147200e+04	2.604098e-02	5.240123e-04	2.624000e+00
1.0	1.280000e+03	4.147200e+04	2.603933e-02	9.038226e-04	2.624000e+00
1.0	1.536000e+03	4.147200e+04	2.593348e-02	5.324855e-04	2.624000e+00
1.0	1.280000e+02	4.147200e+04	2.508801e-02	9.699335e-04	2.640000e+00
1.0	2.560000e+02	4.147200e+04	2.496094e-02	9.963825e-04	2.640000e+00
1.0	3.840000e+02	4.147200e+04	2.507886e-02	8.274770e-04	2.640000e+00
1.0	5.120000e+02	4.147200e+04	2.495989e-02	9.186845e-04	2.640000e+00
1.0	6.400000e+02	4.147200e+04	2.495640e-02	8.482775e-04	2.640000e+00
1.0	7.580000e+02	4.147200e+04	2.508805e-02	8.290612e-04	2.640000e+00
1.0	8.760000e+02	4.147200e+04	2.512116e-02	7.625569e-04	2.640000e+00
1.0	1.024000e+03	4.147200e+04	2.496124e-02	6.506598e-04	2.640000e+00
1.0	1.280000e+03	4.147200e+04	2.496916e-02	1.063420e-03	2.640000e+00
1.0	1.536000e+03	4.147200e+04	2.535536e-02	5.677600e-04	2.640000e+00
1.0	1.280000e+02	4.147200e+04	2.157249e-02	8.272922e-04	2.656000e+00
1.0	2.560000e+02	4.147200e+04	2.138387e-02	8.253793e-04	2.656000e+00
1.0	3.840000e+02	4.147200e+04	2.157729e-02	7.702087e-04	2.656000e+00
1.0	5.120000e+02	4.147200e+04	2.137988e-02	6.529821e-04	2.656000e+00
1.0	6.400000e+02	4.147200e+04	2.138528e-02	6.828849e-04	2.656000e+00
1.0	7.580000e+02	4.147200e+04	2.115380e-02	7.082673e-04	2.656000e+00
1.0	8.760000e+02	4.147200e+04	2.129784e-02	4.518346e-04	2.656000e+00
1.0	1.024000e+03	4.147200e+04	2.138130e-02	4.511567e-04	2.656000e+00
1.0	1.280000e+03	4.147200e+04	2.138189e-02	5.769804e-04	2.656000e+00
1.0	1.536000e+03	4.147200e+04	2.151666e-02	3.828834e-04	2.656000e+00
1.0	1.280000e+02	4.147200e+04	1.820024e-02	6.932602e-04	2.672000e+00
1.0	2.560000e+02	4.147200e+04	1.815808e-02	7.415707e-04	2.672000e+00
1.0	3.840000e+02	4.147200e+04	1.819422e-02	7.550285e-04	2.672000e+00
1.0	5.120000e+02	4.147200e+04	1.815920e-02	8.200570e-04	2.672000e+00
1.0	6.400000e+02	4.147200e+04	1.815588e-02	7.034344e-04	2.672000e+00
1.0	7.580000e+02	4.147200e+04	1.805994e-02	7.597076e-04	2.672000e+00
1.0	8.760000e+02	4.147200e+04	1.812179e-02	9.428462e-04	2.672000e+00
1.0	1.024000e+03	4.147200e+04	1.815276e-02	9.442923e-04	2.672000e+00
1.0	1.280000e+03	4.147200e+04	1.815242e-02	8.983665e-04	2.672000e+00
1.0	1.536000e+03	4.147200e+04	1.800780e-02	8.524365e-04	2.672000e+00
1.0	1.280000e+02	4.147200e+04	2.051855e-02	7.458246e-04	2.688000e+00
1.0	2.560000e+02	4.147200e+04	2.053738e-02	6.601312e-04	2.688000e+00
1.0	3.840000e+02	4.147200e+04	2.051003e-02	7.106828e-04	2.688000e+00
1.0	5.120000e+02	4.147200e+04	2.053865e-02	6.992548e-04	2.688000e+00
1.0	6.400000e+02	4.147200e+04	2.053583e-02	6.484768e-04	2.688000e+00
1.0	7.580000e+02	4.147200e+04	2.061157e-02	6.888764e-04	2.688000e+00
1.0	8.760000e+02	4.147200e+04	2.072144e-02	7.998934e-04	2.688000e+00
1.0	1.024000e+03	4.147200e+04	2.053578e-02	7.175425e-04	2.688000e+00
1.0	1.280000e+03	4.147200e+04	2.053431e-02	4.914813e-04	2.688000e+00
1.0	1.536000e+03	4.147200e+04	2.085530e-02	6.851333e-04	2.688000e+00
1.0	1.280000e+02	4.147200e+04	1.782493e-02	6.969110e-04	2.704000e+00
1.0	2.560000e+02	4.147200e+04	1.780600e-02	6.402894e-04	2.704000e+00
1.0	3.840000e+02	4.147200e+04	1.781890e-02	7.481274e-04	2.704000e+00
1.0	5.120000e+02	4.147200e+04	1.780412e-02	6.705360e-04	2.704000e+00
1.0	6.400000e+02	4.147200e+04	1.780127e-02	7.953128e-04	2.704000e+00
1.0	7.580000e+02	4.147200e+04	1.745164e-02	6.360495e-04	2.704000e+00
1.0	8.760000e+02	4.147200e+04	1.729743e-02	7.131404e-04	2.704000e+00
1.0	1.024000e+03	4.147200e+04	1.781023e-02	7.762389e-04	2.704000e+00
1.0	1.280000e+03	4.147200e+04	1.780234e-02	7.368121e-04	2.704000e+00
1.0	1.536000e+03	4.147200e+04	1.728799e-02	5.465483e-04	2.704000e+00
1.0	1.280000e+02	4.147200e+04	1.742977e-02	5.782842e-04	2.720000e+00
1.0	2.560000e+02	4.147200e+04	1.737241e-02	5.873575e-04	2.720000e+00
1.0	3.840000e+02	4.147200e+04	1.742736e-02	6.353127e-04	2.720000e+00
1.0	5.120000e+02	4.147200e+04	1.736508e-02	5.483912e-04	2.720000e+00
1.0	6.400000e+02	4.147200e+04	1.736968e-02	5.738463e-04	2.720000e+00
1.0	7.580000e+02	4.147200e+04	1.723987e-02	5.940835e-04	2.720000e+00
1.0	8.760000e+02	4.147200e+04	1.733480e-02	6.053040e-04	2.720000e+00
1.0	1.024000e+03	4.147200e+04	1.737320e-02	5.031664e-04	2.720000e+00
1.0	1.280000e+03	4.147200e+04	1.737401e-02	6.825261e-04	2.720000e+00
1.0	1.536000e+03	4.147200e+04	1.729929e-02	8.261144e-04	2.720000e+00
1.0	1.280000e+02	4.147200e+04	1.697850e-02	5.575204e-04	2.736000e+00
1.0	2.560000e+02	4.147200e+04	1.700737e-02	6.714667e-04	2.736000e+00
1.0	3.840000e+02	4.147200e+04	1.698017e-02	6.471407e-04	2.736000e+00
1.0	5.120000e+02	4.147200e+04	1.701566e-02	6.660482e-04	2.736000e+00
1.0	6.400000e+02	4.147200e+04	1.701250e-02	7.263115e-04	2.736000e+00
1.0	7.580000e+02	4.147200e+04	1.684466e-02	6.678083e-04	2.736000e+00
1.0	8.760000e+02	4.147200e+04	1.687285e-02	7.562529e-04	2.736000e+00
1.0	1.024000e+03	4.147200e+04	1.700488e-02	6.195848e-04	2.736000e+00
1.0	1.280000e+03	4.147200e+04	1.701037e-02	6.900845e-04	2.736000e+00
1.0	1.536000e+03	4.147200e+04	1.688399e-02	7.391204e-04	2.736000e+00
1.0	1.280000e+02	4.147200e+04	1.620877e-02	5.186782e-04	2.752000e+00
1.0	2.560000e+02	4.147200e+04	1.624405e-02	4.639986e-04	2.752000e+00
1.0	3.840000e+02	4.147200e+04	1.621106e-02	5.042515e-04	2.752000e+00
1.0	5.120000e+02	4.147200e+04	1.624384e-02	5.554252e-04	2.752000e+00
1.0	6.400000e+02	4.147200e+04	1.624346e-02	5.090868e-04	2.752000e+00
1.0	7.580000e+02	4.147200e+04	1.617822e-02	5.736558e-04	2.752000e+00
1.0	8.760000e+02	4.147200e+04	1.600297e-02	5.619247e-04	2.752000e+00
1.0	1.024000e+03	4.147200e+04	1.623758e-02	6.402209e-04	2.752000e+00
1.0	1.280000e+03	4.147200e+04	1.623963e-02	5.911527e-04	2.752000e+00
1.0	1.536000e+03	4.147200e+04	1.585396e-02	5.535779e-04	2.752000e+00
1.0	1.280000e+02	4.147200e+04	1.360072e-02	4.637322e-04	2.792000e+00
1.0	2.560000e+02	4.147200e+04	1.362546e-02	4.815054e-04	2.792000e+00
1.0	3.840000e+02	4.147200e+04	1.359827e-02	5.180043e-04	2.792000e+00
1.0	5.120000e+02	4.147200e+04	1.362281e-02	4.565138e-04	2.792000e+00
1.0	6.400000e+02	4.147200e+04	1.362647e-02	4.084644e-04	2.792000e+00
1.0	7.580000e+02	4.147200e+04	1.364108e-02	3.628981e-04	2.792000e+00
1.0	8.760000e+02	4.147200e+04	1.362003e-02	4.807930e-04	2.792000e+00
1.0	1.024000e+03	4.147200e+04	1.362050e-02	4.545268e-04	2.792000e+00
1.0	1.280000e+03	4.147200e+04	1.362361e-02	4.267858e-04	2.792000e+00
1.0	1.536000e+03	4.147200e+04	1.353747e-02	4.251185e-04	2.792000e+00
1.0	1.280000e+02	4.147200e+04	1.226975e-02	3.844911e-04	2.856000e+00
1.0	2.560000e+02	4.147200e+04	1.227042e-02	3.762829e-04	2.856000e+00
1.0	3.840000e+02	4.147200e+04	1.226836e-02	3.982336e-04	2.856000e+00
1.0	5.120000e+02	4.147200e+04	1.226883e-02	3.357195e-04	2.856000e+00
1.0	6.400000e+02	4.147200e+04	1.227372e-02	3.966095e-04	2.856000e+00
1.0	7.580000e+02	4.147200e+04	1.228609e-02	3.832592e-04	2.856000e+00
1.0	8.760000e+02	4.147200e+04	1.224791e-02	4.229110e-04	2.856000e+00
1.0	1.024000e+03	4.147200e+04	1.227142e-02	3.211584e-04	2.856000e+00
1.0	1.280000e+03	4.147200e+04	1.227164e-02	3.018957e-04	2.856000e+00
1.0	1.536000e+03	4.147200e+04	1.223049e-02	3.813050e-04	2.856000e+00
1.0	1.280000e+02	4.147200e+04	9.912917e-03	2.781831e-04	2.920000e+00
1.0	2.560000e+02	4.147200e+04	9.899421e-03	2.753698e-04	2.920000e+00
1.0	3.840000e+02	4.147200e+04	9.910256e-03	2.867497e-04	2.920000e+00
1.0	5.120000e+02	4.147200e+04	9.896829e-03	2.946496e-04	2.920000e+00
1.0	6.400000e+02	4.147200e+04	9.899257e-03	3.478455e-04	2.920000e+00
1.0	7.580000e+02	4.147200e+04	9.944189e-03	3.094789e-04	2.920000e+00
1.0	8.760000e+02	4.147200e+04	9.984316e-03	3.260038e-04	2.920000e+00
1.0	1.024000e+03	4.147200e+04	9.897996e-03	3.108292e-04	2.920000e+00
1.0	1.280000e+03	4.147200e+04	9.896467e-03	4.138167e-04	2.920000e+00
1.0	1.536000e+03	4.147200e+04	1.009106e-02	3.552770e-04	2.920000e+00
1.0	1.280000e+02	4.147200e+04	9.418763e-03	2.359090e-04	2.984000e+00
1.0	2.560000e+02	4.147200e+04	9.434291e-03	2.384842e-04	2.984000e+00
1.0	3.840000e+02	4.147200e+04	9.419357e-03	2.277138e-04	2.984000e+00
1.0	5.120000e+02	4.147200e+04	9.433868e-03	2.569264e-04	2.984000e+00
1.0	6.400000e+02	4.147200e+04	9.434820e-03	2.238162e-04	2.984000e+00
1.0	7.580000e+02	4.147200e+04	9.349306e-03	2.127677e-04	2.984000e+00
1.0	8.760000e+02	4.147200e+04	9.332678e-03	2.345197e-04	2.984000e+00
1.0	1.024000e+03	4.147200e+04	9.435593e-03	2.470042e-04	2.984000e+00
1.0	1.280000e+03	4.147200e+04	9.435594e-03	1.770554e-04	2.984000e+00
1.0	1.536000e+03	4.147200e+04	9.306214e-03	2.598069e-04	2.984000e+00
1.0	1.280000e+02	4.147200e+04	8.132833e-03	2.133027e-04	3.048000e+00
1.0	2.560000e+02	4.147200e+04	8.100116e-03	2.056091e-04	3.048000e+00
1.0	3.840000e+02	4.147200e+04	8.132904e-03	2.006512e-04	3.048000e+00
1.0	5.120000e+02	4.147200e+04	8.102454e-03	2.150353e-04	3.048000e+00
1.0	6.400000e+02	4.147200e+04	8.100269e-03	2.139950e-04	3.048000e+00
1.0	7.580000e+02	4.147200e+04	8.164306e-03	2.371679e-04	3.048000e+00
1.0	8.760000e+02	4.147200e+04	8.063664e-03	1.768638e-04	3.048000e+00
1.0	1.024000e+03	4.147200e+04	8.100995e-03	2.629222e-04	3.048000e+00
1.0	1.280000e+03	4.147200e+04	8.101175e-03	2.044476e-04	3.048000e+00
1.0	1.536000e+03	4.147200e+04	8.118262e-03	2.980158e-04	3.048000e+00
1.0	1.280000e+02	4.147200e+04	7.708352e-03	1.738384e-04	3.112000e+00
1.0	2.560000e+02	4.147200e+04	7.722910e-03	1.263744e-04	3.112000e+00
1.0	3.840000e+02	4.147200e+04	7.706606e-03	1.142608e-04	3.112000e+00
1.0	5.120000e+02	4.147200e+04	7.722663e-03	1.113223e-04	3.112000e+00
1.0	6.400000e+02	4.147200e+04	7.722401e-03	1.201389e-04	3.112000e+00
1.0	7.580000e+02	4.147200e+04	7.730206e-03	1.258472e-04	3.112000e+00
1.0	8.760000e+02	4.147200e+04	7.700448e-03	1.154343e-04	3.112000e+00
1.0	1.024000e+03	4.147200e+04	7.722222e-03	1.241950e-04	3.112000e+00
1.0	1.280000e+03	4.147200e+04	7.722378e-03	1.302941e-04	3.112000e+00
1.0	1.536000e+03	4.147200e+04	7.695650e-03	8.840613e-05	3.112000e+00
1.0	1.280000e+02	4.147200e+04	6.553348e-03	1.395758e-04	3.176000e+00
1.0	2.560000e+02	4.147200e+04	6.564429e-03	1.519589e-04	3.176000e+00
1.0	3.840000e+02	4.147200e+04	6.553205e-03	1.559884e-04	3.176000e+00
1.0	5.120000e+02	4.147200e+04	6.564980e-03	1.767563e-04	3.176000e+00
1.0	6.400000e+02	4.147200e+04	6.563202e-03	1.724641e-04	3.176000e+00
1.0	7.580000e+02	4.147200e+04	6.581778e-03	1.535521e-04	3.176000e+00
1.0	8.760000e+02	4.147200e+04	6.557801e-03	1.595965e-04	3.176000e+00
1.0	1.024000e+03	4.147200e+04	6.564535e-03	1.376501e-04	3.176000e+00
1.0	1.280000e+03	4.147200e+04	6.565579e-03	1.364426e-04	3.176000e+00
1.0	1.536000e+03	4.147200e+04	6.544281e-03	1.772923e-04	3.176000e+00
1.0	1.280000e+02	4.147200e+04	6.116379e-03	1.361942e-04	3.240000e+00
1.0	2.560000e+02	4.147200e+04	6.123177e-03	1.360354e-04	3.240000e+00
1.0	3.840000e+02	4.147200e+04	6.115668e-03	1.313810e-04	3.240000e+00
1.0	5.120000e+02	4.147200e+04	6.123106e-03	1.179960e-04	3.240000e+00
1.0	6.400000e+02	4.147200e+04	6.122399e-03	1.258143e-04	3.240000e+00
1.0	7.580000e+02	4.147200e+04	6.121481e-03	1.139168e-04	3.240000e+00
1.0	8.760000e+02	4.147200e+04	6.163802e-03	1.201126e-04	3.240000e+00
1.0	1.024000e+03	4.147200e+04	6.122900e-03	1.544657e-04	3.240000e+00
1.0	1.280000e+03	4.147200e+04	6.122585e-03	1.493343e-04	3.240000e+00
1.0	1.536000e+03	4.147200e+04	6.155234e-03	1.544058e-04	3.240000e+00
1.0	1.280000e+02	4.147200e+04	6.008139e-03	1.349989e-04	3.304000e+00
1.0	2.560000e+02	4.147200e+04	6.028548e-03	1.324050e-04	3.304000e+00
1.0	3.840000e+02	4.147200e+04	6.008745e-03	1.382752e-04	3.304000e+00
1.0	5.120000e+02	4.147200e+04	6.028402e-03	1.240948e-04	3.304000e+00
1.0	6.400000e+02	4.147200e+04	6.027415e-03	1.302853e-04	3.304000e+00
1.0	7.580000e+02	4.147200e+04	6.047943e-03	1.203502e-04	3.304000e+00
1.0	8.760000e+02	4.147200e+04	6.052111e-03	1.143724e-04	3.304000e+00
1.0	1.024000e+03	4.147200e+04	6.028785e-03	1.148902e-04	3.304000e+00
1.0	1.280000e+03	4.147200e+04	6.028945e-03	1.446062e-04	3.304000e+00
1.0	1.536000e+03	4.147200e+04	6.097140e-03	1.154035e-04	3.304000e+00
1.0	1.280000e+02	4.147200e+04	5.334833e-03	1.027611e-04	3.368000e+00
1.0	2.560000e+02	4.147200e+04	5.336194e-03	1.033674e-04	3.368000e+00
1.0	3.840000e+02	4.147200e+04	5.335046e-03	1.104307e-04	3.368000e+00
1.0	5.120000e+02	4.147200e+04	5.336076e-03	1.137823e-04	3.368000e+00
1.0	6.400000e+02	4.147200e+04	5.337037e-03	1.157702e-04	3.368000e+00
1.0	7.580000e+02	4.147200e+04	5.376613e-03	8.020279e-05	3.368000e+00
1.0	8.760000e+02	4.147200e+04	5.369014e-03	9.836782e-05	3.368000e+00
1.0	1.024000e+03	4.147200e+04	5.335344e-03	8.280992e-05	3.368000e+00
1.0	1.280000e+03	4.147200e+04	5.336329e-03	8.547050e-05	3.368000e+00
1.0	1.536000e+03	4.147200e+04	5.353104e-03	6.110529e-05	3.368000e+00
1.0	1.280000e+02	4.147200e+04	5.104680e-03	1.075337e-04	3.432000e+00
1.0	2.560000e+02	4.147200e+04	5.119698e-03	8.349168e-05	3.432000e+00
1.0	3.840000e+02	4.147200e+04	5.105091e-03	1.049271e-04	3.432000e+00
1.0	5.120000e+02	4.147200e+04	5.119427e-03	6.585469e-05	3.432000e+00
1.0	6.400000e+02	4.147200e+04	5.120188e-03	7.460484e-05	3.432000e+00
1.0	7.580000e+02	4.147200e+04	5.131544e-03	8.349681e-05	3.432000e+00
1.0	8.760000e+02	4.147200e+04	5.115668e-03	8.398600e-05	3.432000e+00
1.0	1.024000e+03	4.147200e+04	5.119137e-03	7.032942e-05	3.432000e+00
1.0	1.280000e+03	4.147200e+04	5.119864e-03	5.935114e-05	3.432000e+00
1.0	1.536000e+03	4.147200e+04	5.155472e-03	3.806433e-05	3.432000e+00
1.0	1.280000e+02	4.147200e+04	4.676423e-03	1.003811e-04	3.496000e+00
1.0	2.560000e+02	4.147200e+04	4.685874e-03	1.082450e-04	3.496000e+00
1.0	3.840000e+02	4.147200e+04	4.676665e-03	9.466468e-05	3.496000e+00
1.0	5.120000e+02	4.147200e+04	4.685290e-03	1.132307e-04	3.496000e+00
1.0	6.400000e+02	4.147200e+04	4.685000e-03	1.105136e-04	3.496000e+00
1.0	7.580000e+02	4.147200e+04	4.674620e-03	1.095598e-04	3.496000e+00
1.0	8.760000e+02	4.147200e+04	4.655995e-03	1.102232e-04	3.496000e+00
1.0	1.024000e+03	4.147200e+04	4.684802e-03	1.161480e-04	3.496000e+00
1.0	1.280000e+03	4.147200e+04	4.685892e-03	1.058533e-04	3.496000e+00
1.0	1.536000e+03	4.147200e+04	4.623285e-03	1.023766e-04	3.496000e+00
1.0	1.280000e+02	4.147200e+04	4.594696e-03	8.385252e-05	3.560000e+00
1.0	2.560000e+02	4.147200e+04	4.590384e-03	8.011900e-05	3.560000e+00
1.0	3.840000e+02	4.147200e+04	4.595742e-03	7.586053e-05	3.560000e+00
1.0	5.120000e+02	4.147200e+04	4.590102e-03	8.574665e-05	3.560000e+00
1.0	6.400000e+02	4.147200e+04	4.590716e-03	8.864373e-05	3.560000e+00
1.0	7.580000e+02	4.147200e+04	4.592366e-03	8.327958e-05	3.560000e+00
1.0	8.760000e+02	4.147200e+04	4.608323e-03	7.651738e-05	3.560000e+00
1.0	1.024000e+03	4.147200e+04	4.591571e-03	1.081461e-04	3.560000e+00
1.0	1.280000e+03	4.147200e+04	4.591260e-03	8.029546e-05	3.560000e+00
1.0	1.536000e+03	4.147200e+04	4.593597e-03	8.396094e-05	3.560000e+00
1.0	1.280000e+02	4.147200e+04	4.211534e-03	8.905459e-05	3.624000e+00
1.0	2.560000e+02	4.147200e+04	4.218898e-03	8.782519e-05	3.624000e+00
1.0	3.840000e+02	4.147200e+04	4.211960e-03	9.297428e-05	3.624000e+00
1.0	5.120000e+02	4.147200e+04	4.218486e-03	9.267380e-05	3.624000e+00
1.0	6.400000e+02	4.147200e+04	4.218612e-03	8.128752e-05	3.624000e+00
1.0	7.580000e+02	4.147200e+04	4.214694e-03	7.430455e-05	3.624000e+00
1.0	8.760000e+02	4.147200e+04	4.218179e-03	7.782702e-05	3.624000e+00
1.0	1.024000e+03	4.147200e+04	4.219016e-03	4.024556e-05	3.624000e+00
1.0	1.280000e+03	4.147200e+04	4.219104e-03	5.642102e-05	3.624000e+00
1.0	1.536000e+03	4.147200e+04	4.229642e-03	5.907025e-05	3.624000e+00
