1.0	1.280000e+02	4.147200e+04	1.000000e+00	0.000000e+00	5.000000e-02
1.0	2.560000e+02	4.147200e+04	1.000000e+00	0.000000e+00	5.000000e-02
1.0	3.840000e+02	4.147200e+04	1.000000e+00	0.000000e+00	5.000000e-02
1.0	5.120000e+02	4.147200e+04	1.000000e+00	0.000000e+00	5.000000e-02
1.0	6.400000e+02	4.147200e+04	1.000000e+00	0.000000e+00	5.000000e-02
1.0	7.580000e+02	4.147200e+04	1.000000e+00	0.000000e+00	5.000000e-02
1.0	8.760000e+02	4.147200e+04	1.000000e+00	0.000000e+00	5.000000e-02
1.0	1.024000e+03	4.147200e+04	1.000000e+00	0.000000e+00	5.000000e-02
1.0	1.280000e+03	4.147200e+04	1.000000e+00	0.000000e+00	5.000000e-02
1.0	1.536000e+03	4.147200e+04	1.000000e+00	0.000000e+00	5.000000e-02
1.0	1.280000e+02	4.147200e+04	9.999992e-01	2.370235e-07	5.500000e-01
1.0	2.560000e+02	4.147200e+04	9.999992e-01	2.517480e-07	5.500000e-01
1.0	3.840000e+02	4.147200e+04	9.999992e-01	3.127776e-07	5.500000e-01
1.0	5.120000e+02	4.147200e+04	9.999992e-01	2.537354e-07	5.500000e-01
1.0	6.400000e+02	4.147200e+04	9.999992e-01	3.164855e-07	5.500000e-01
1.0	7.580000e+02	4.147200e+04	9.999992e-01	3.142725e-07	5.500000e-01
1.0	8.760000e+02	4.147200e+04	9.999994e-01	2.923347e-07	5.500000e-01
1.0	1.024000e+03	4.147200e+04	9.999992e-01	2.233546e-07	5.500000e-01
1.0	1.280000e+03	4.147200e+04	9.999992e-01	2.517909e-07	5.500000e-01
1.0	1.536000e+03	4.147200e+04	9.999993e-01	2.448499e-07	5.500000e-01
1.0	1.280000e+02	4.147200e+04	9.989226e-01	1.077109e-05	1.050000e+00
1.0	2.560000e+02	4.147200e+04	9.989210e-01	1.124510e-05	1.050000e+00
1.0	3.840000e+02	4.147200e+04	9.989225e-01	7.964239e-06	1.050000e+00
1.0	5.120000e+02	4.147200e+04	9.989209e-01	1.005465e-05	1.050000e+00
1.0	6.400000e+02	4.147200e+04	9.989210e-01	8.115436e-06	1.050000e+00
1.0	7.580000e+02	4.147200e+04	9.989238e-01	5.943093e-06	1.050000e+00
1.0	8.760000e+02	4.147200e+04	9.989233e-01	8.502125e-06	1.050000e+00
1.0	1.024000e+03	4.147200e+04	9.989209e-01	7.727293e-06	1.050000e+00
1.0	1.280000e+03	4.147200e+04	9.989209e-01	7.344111e-06	1.050000e+00
1.0	1.536000e+03	4.147200e+04	9.989245e-01	7.941459e-06	1.050000e+00
1.0	1.280000e+02	4.147200e+04	9.833446e-01	6.778551e-05	1.550000e+00
1.0	2.560000e+02	4.147200e+04	9.833516e-01	6.542507e-05	1.550000e+00
1.0	3.840000e+02	4.147200e+04	9.833449e-01	5.676409e-05	1.550000e+00
1.0	5.120000e+02	4.147200e+04	9.833516e-01	4.982602e-05	1.550000e+00
1.0	6.400000e+02	4.147200e+04	9.833515e-01	4.130390e-05	1.550000e+00
1.0	7.580000e+02	4.147200e+04	9.833704e-01	4.211347e-05	1.550000e+00
1.0	8.760000e+02	4.147200e+04	9.833699e-01	4.938825e-05	1.550000e+00
1.0	1.024000e+03	4.147200e+04	9.833513e-01	4.445939e-05	1.550000e+00
1.0	1.280000e+03	4.147200e+04	9.833517e-01	4.535344e-05	1.550000e+00
1.0	1.536000e+03	4.147200e+04	9.833509e-01	5.344224e-05	1.550000e+00
1.0	1.280000e+02	4.147200e+04	9.104986e-01	5.413696e-04	2.000000e+00
1.0	2.560000e+02	4.147200e+04	9.104936e-01	5.170902e-04	2.000000e+00
1.0	3.840000e+02	4.147200e+04	9.105004e-01	5.469480e-04	2.000000e+00
1.0	5.120000e+02	4.147200e+04	9.104861e-01	5.689384e-04	2.000000e+00
1.0	6.400000e+02	4.147200e+04	9.104935e-01	4.855674e-04	2.000000e+00
1.0	7.580000e+02	4.147200e+04	9.105837e-01	5.498822e-04	2.000000e+00
1.0	8.760000e+02	4.147200e+04	9.106376e-01	5.837803e-04	2.000000e+00
1.0	1.024000e+03	4.147200e+04	9.104958e-01	4.289035e-04	2.000000e+00
1.0	1.280000e+03	4.147200e+04	9.104930e-01	4.346146e-04	2.000000e+00
1.0	1.536000e+03	4.147200e+04	9.106273e-01	4.317573e-04	2.000000e+00
1.0	1.280000e+02	4.147200e+04	8.968261e-01	5.420926e-04	2.040000e+00
1.0	2.560000e+02	4.147200e+04	8.969061e-01	4.877504e-04	2.040000e+00
1.0	3.840000e+02	4.147200e+04	8.968224e-01	5.122981e-04	2.040000e+00
1.0	5.120000e+02	4.147200e+04	8.969044e-01	4.096799e-04	2.040000e+00
1.0	6.400000e+02	4.147200e+04	8.969009e-01	4.413716e-04	2.040000e+00
1.0	7.580000e+02	4.147200e+04	8.969666e-01	4.407735e-04	2.040000e+00
1.0	8.760000e+02	4.147200e+04	8.968939e-01	4.235323e-04	2.040000e+00
1.0	1.024000e+03	4.147200e+04	8.969069e-01	4.246995e-04	2.040000e+00
1.0	1.280000e+03	4.147200e+04	8.969043e-01	4.943609e-04	2.040000e+00
1.0	1.536000e+03	4.147200e+04	8.968586e-01	4.792945e-04	2.040000e+00
1.0	1.280000e+02	4.147200e+04	8.775955e-01	1.040798e-03	2.080000e+00
1.0	2.560000e+02	4.147200e+04	8.775261e-01	1.070797e-03	2.080000e+00
1.0	3.840000e+02	4.147200e+04	8.775930e-01	1.059212e-03	2.080000e+00
1.0	5.120000e+02	4.147200e+04	8.775379e-01	1.036232e-03	2.080000e+00
1.0	6.400000e+02	4.147200e+04	8.775394e-01	9.786701e-04	2.080000e+00
1.0	7.580000e+02	4.147200e+04	8.775375e-01	1.194816e-03	2.080000e+00
1.0	8.760000e+02	4.147200e+04	8.773996e-01	1.188329e-03	2.080000e+00
1.0	1.024000e+03	4.147200e+04	8.775432e-01	9.660106e-04	2.080000e+00
1.0	1.280000e+03	4.147200e+04	8.775490e-01	1.088039e-03	2.080000e+00
1.0	1.536000e+03	4.147200e+04	8.775399e-01	1.128668e-03	2.080000e+00
1.0	1.280000e+02	4.147200e+04	8.574746e-01	1.175534e-03	2.120000e+00
1.0	2.560000e+02	4.147200e+04	8.574911e-01	1.159751e-03	2.120000e+00
1.0	3.840000e+02	4.147200e+04	8.574764e-01	1.209410e-03	2.120000e+00
1.0	5.120000e+02	4.147200e+04	8.574862e-01	1.375970e-03	2.120000e+00
1.0	6.400000e+02	4.147200e+04	8.575029e-01	1.390447e-03	2.120000e+00
1.0	7.580000e+02	4.147200e+04	8.572662e-01	1.146366e-03	2.120000e+00
1.0	8.760000e+02	4.147200e+04	8.571768e-01	1.454489e-03	2.120000e+00
1.0	1.024000e+03	4.147200e+04	8.574863e-01	1.358482e-03	2.120000e+00
1.0	1.280000e+03	4.147200e+04	8.574912e-01	1.046249e-03	2.120000e+00
1.0	1.536000e+03	4.147200e+04	8.570368e-01	9.906777e-04	2.120000e+00
1.0	1.280000e+02	4.147200e+04	8.294366e-01	1.563247e-03	2.160000e+00
1.0	2.560000e+02	4.147200e+04	8.297747e-01	1.679517e-03	2.160000e+00
1.0	3.840000e+02	4.147200e+04	8.294185e-01	1.716258e-03	2.160000e+00
1.0	5.120000e+02	4.147200e+04	8.297803e-01	1.713093e-03	2.160000e+00
1.0	6.400000e+02	4.147200e+04	8.297813e-01	1.742878e-03	2.160000e+00
1.0	7.580000e+02	4.147200e+04	8.292342e-01	1.778455e-03	2.160000e+00
1.0	8.760000e+02	4.147200e+04	8.290824e-01	1.779374e-03	2.160000e+00
1.0	1.024000e+03	4.147200e+04	8.297751e-01	1.346234e-03	2.160000e+00
1.0	1.280000e+03	4.147200e+04	8.297609e-01	1.860098e-03	2.160000e+00
1.0	1.536000e+03	4.147200e+04	8.296801e-01	1.085355e-03	2.160000e+00
1.0	1.280000e+02	4.147200e+04	7.842221e-01	3.853624e-03	2.200000e+00
1.0	2.560000e+02	4.147200e+04	7.838738e-01	4.342754e-03	2.200000e+00
1.0	3.840000e+02	4.147200e+04	7.842169e-01	4.571738e-03	2.200000e+00
1.0	5.120000e+02	4.147200e+04	7.839388e-01	4.604513e-03	2.200000e+00
1.0	6.400000e+02	4.147200e+04	7.839144e-01	4.140700e-03	2.200000e+00
1.0	7.580000e+02	4.147200e+04	7.864709e-01	3.288894e-03	2.200000e+00
1.0	8.760000e+02	4.147200e+04	7.858842e-01	4.051068e-03	2.200000e+00
1.0	1.024000e+03	4.147200e+04	7.839197e-01	4.330875e-03	2.200000e+00
1.0	1.280000e+03	4.147200e+04	7.839283e-01	3.937232e-03	2.200000e+00
1.0	1.536000e+03	4.147200e+04	7.868168e-01	3.746177e-03	2.200000e+00
1.0	1.280000e+02	4.147200e+04	7.515023e-01	4.185239e-03	2.228000e+00
1.0	2.560000e+02	4.147200e+04	7.514372e-01	4.396678e-03	2.228000e+00
1.0	3.840000e+02	4.147200e+04	7.515251e-01	4.217476e-03	2.228000e+00
1.0	5.120000e+02	4.147200e+04	7.514501e-01	4.961394e-03	2.228000e+00
1.0	6.400000e+02	4.147200e+04	7.514154e-01	5.063060e-03	2.228000e+00
1.0	7.580000e+02	4.147200e+04	7.528298e-01	4.537722e-03	2.228000e+00
1.0	8.760000e+02	4.147200e+04	7.524521e-01	4.337411e-03	2.228000e+00
1.0	1.024000e+03	4.147200e+04	7.514293e-01	4.247589e-03	2.228000e+00
1.0	1.280000e+03	4.147200e+04	7.513993e-01	3.162035e-03	2.228000e+00
1.0	1.536000e+03	4.147200e+04	7.526645e-01	3.275251e-03	2.228000e+00
1.0	1.280000e+02	4.147200e+04	7.330017e-01	6.814328e-03	2.238000e+00
1.0	2.560000e+02	4.147200e+04	7.323032e-01	7.120158e-03	2.238000e+00
1.0	3.840000e+02	4.147200e+04	7.329578e-01	6.881119e-03	2.238000e+00
1.0	5.120000e+02	4.147200e+04	7.323184e-01	5.853089e-03	2.238000e+00
1.0	6.400000e+02	4.147200e+04	7.323714e-01	5.694532e-03	2.238000e+00
1.0	7.580000e+02	4.147200e+04	7.313510e-01	6.129545e-03	2.238000e+00
1.0	8.760000e+02	4.147200e+04	7.332624e-01	6.605507e-03	2.238000e+00
1.0	1.024000e+03	4.147200e+04	7.323600e-01	5.185173e-03	2.238000e+00
1.0	1.280000e+03	4.147200e+04	7.323264e-01	4.686515e-03	2.238000e+00
1.0	1.536000e+03	4.147200e+04	7.324438e-01	5.378111e-03	2.238000e+00
1.0	1.280000e+02	4.147200e+04	6.873835e-01	1.243234e-02	2.248000e+00
1.0	2.560000e+02	4.147200e+04	6.868327e-01	1.550410e-02	2.248000e+00
1.0	3.840000e+02	4.147200e+04	6.874150e-01	1.937217e-02	2.248000e+00
1.0	5.120000e+02	4.147200e+04	6.866228e-01	2.021824e-02	2.248000e+00
1.0	6.400000e+02	4.147200e+04	6.866400e-01	1.666508e-02	2.248000e+00
1.0	7.580000e+02	4.147200e+04	6.852605e-01	1.937355e-02	2.248000e+00
1.0	8.760000e+02	4.147200e+04	6.857438e-01	2.105558e-02	2.248000e+00
1.0	1.024000e+03	4.147200e+04	6.866877e-01	2.178507e-02	2.248000e+00
1.0	1.280000e+03	4.147200e+04	6.868650e-01	1.350820e-02	2.248000e+00
1.0	1.536000e+03	4.147200e+04	6.847308e-01	2.042879e-02	2.248000e+00
1.0	1.280000e+02	4.147200e+04	6.613251e-01	1.100232e-02	2.258000e+00
1.0	2.560000e+02	4.147200e+04	6.604855e-01	1.289238e-02	2.258000e+00
1.0	3.840000e+02	4.147200e+04	6.613070e-01	1.382174e-02	2.258000e+00
1.0	5.120000e+02	4.147200e+04	6.605012e-01	1.270439e-02	2.258000e+00
1.0	6.400000e+02	4.147200e+04	6.604324e-01	1.221297e-02	2.258000e+00
1.0	7.580000e+02	4.147200e+04	6.588373e-01	1.303910e-02	2.258000e+00
1.0	8.760000e+02	4.147200e+04	6.602016e-01	1.021431e-02	2.258000e+00
1.0	1.024000e+03	4.147200e+04	6.604707e-01	1.153882e-02	2.258000e+00
1.0	1.280000e+03	4.147200e+04	6.605460e-01	1.084728e-02	2.258000e+00
1.0	1.536000e+03	4.147200e+04	6.606998e-01	1.158935e-02	2.258000e+00
1.0	1.280000e+02	4.147200e+04	6.805186e-01	7.368523e-03	2.268000e+00
1.0	2.560000e+02	4.147200e+04	6.794245e-01	7.844303e-03	2.268000e+00
1.0	3.840000e+02	4.147200e+04	6.805408e-01	8.686355e-03	2.268000e+00
1.0	5.120000e+02	4.147200e+04	6.794296e-01	9.205124e-03	2.268000e+00
1.0	6.400000e+02	4.147200e+04	6.794953e-01	9.482905e-03	2.268000e+00
1.0	7.580000e+02	4.147200e+04	6.782901e-01	1.022889e-02	2.268000e+00
1.0	8.760000e+02	4.147200e+04	6.781974e-01	1.169294e-02	2.268000e+00
1.0	1.024000e+03	4.147200e+04	6.795499e-01	1.059522e-02	2.268000e+00
1.0	1.280000e+03	4.147200e+04	6.794950e-01	9.937547e-03	2.268000e+00
1.0	1.536000e+03	4.147200e+04	6.782637e-01	1.377048e-02	2.268000e+00
1.0	1.280000e+02	4.147200e+04	6.097221e-01	1.606014e-02	2.278000e+00
1.0	2.560000e+02	4.147200e+04	6.095915e-01	2.017380e-02	2.278000e+00
1.0	3.840000e+02	4.147200e+04	6.098362e-01	2.212528e-02	2.278000e+00
1.0	5.120000e+02	4.147200e+04	6.095152e-01	2.357842e-02	2.278000e+00
1.0	6.400000e+02	4.147200e+04	6.095392e-01	2.102105e-02	2.278000e+00
1.0	7.580000e+02	4.147200e+04	6.062788e-01	2.157919e-02	2.278000e+00
1.0	8.760000e+02	4.147200e+04	6.106737e-01	2.275420e-02	2.278000e+00
1.0	1.024000e+03	4.147200e+04	6.093132e-01	2.244606e-02	2.278000e+00
1.0	1.280000e+03	4.147200e+04	6.094398e-01	2.005753e-02	2.278000e+00
1.0	1.536000e+03	4.147200e+04	6.086365e-01	2.476420e-02	2.278000e+00
1.0	1.280000e+02	4.147200e+04	5.221170e-01	1.942336e-02	2.288000e+00
1.0	2.560000e+02	4.147200e+04	5.200103e-01	2.608458e-02	2.288000e+00
1.0	3.840000e+02	4.147200e+04	5.218717e-01	2.800522e-02	2.288000e+00
1.0	5.120000e+02	4.147200e+04	5.200805e-01	3.143835e-02	2.288000e+00
1.0	6.400000e+02	4.147200e+04	5.204474e-01	3.212952e-02	2.288000e+00
1.0	7.580000e+02	4.147200e+04	5.150534e-01	3.519627e-02	2.288000e+00
1.0	8.760000e+02	4.147200e+04	5.138580e-01	3.009645e-02	2.288000e+00
1.0	1.024000e+03	4.147200e+04	5.206912e-01	3.549813e-02	2.288000e+00
1.0	1.280000e+03	4.147200e+04	5.201205e-01	3.116026e-02	2.288000e+00
1.0	1.536000e+03	4.147200e+04	5.088604e-01	2.916873e-02	2.288000e+00
1.0	1.280000e+02	4.147200e+04	5.429936e-01	1.722799e-02	2.298000e+00
1.0	2.560000e+02	4.147200e+04	5.419853e-01	2.182722e-02	2.298000e+00
1.0	3.840000e+02	4.147200e+04	5.429874e-01	2.188082e-02	2.298000e+00
1.0	5.120000e+02	4.147200e+04	5.419512e-01	2.364577e-02	2.298000e+00
1.0	6.400000e+02	4.147200e+04	5.419830e-01	2.250623e-02	2.298000e+00
1.0	7.580000e+02	4.147200e+04	5.369399e-01	2.502589e-02	2.298000e+00
1.0	8.760000e+02	4.147200e+04	5.396308e-01	2.673807e-02	2.298000e+00
1.0	1.024000e+03	4.147200e+04	5.422646e-01	3.198593e-02	2.298000e+00
1.0	1.280000e+03	4.147200e+04	5.420373e-01	2.381366e-02	2.298000e+00
1.0	1.536000e+03	4.147200e+04	5.369062e-01	3.092786e-02	2.298000e+00
1.0	1.280000e+02	4.147200e+04	4.733485e-01	1.784518e-02	2.308000e+00
1.0	2.560000e+02	4.147200e+04	4.711335e-01	2.155782e-02	2.308000e+00
1.0	3.840000e+02	4.147200e+04	4.733802e-01	2.434568e-02	2.308000e+00
1.0	5.120000e+02	4.147200e+04	4.714127e-01	2.409696e-02	2.308000e+00
1.0	6.400000e+02	4.147200e+04	4.711041e-01	1.883990e-02	2.308000e+00
1.0	7.580000e+02	4.147200e+04	4.764426e-01	2.186645e-02	2.308000e+00
1.0	8.760000e+02	4.147200e+04	4.730361e-01	2.149847e-02	2.308000e+00
1.0	1.024000e+03	4.147200e+04	4.713543e-01	1.761106e-02	2.308000e+00
1.0	1.280000e+03	4.147200e+04	4.712164e-01	1.332067e-02	2.308000e+00
1.0	1.536000e+03	4.147200e+04	4.711978e-01	2.180105e-02	2.308000e+00
1.0	1.280000e+02	4.147200e+04	4.421145e-01	1.833481e-02	2.318000e+00
1.0	2.560000e+02	4.147200e+04	4.452314e-01	2.153861e-02	2.318000e+00
1.0	3.840000e+02	4.147200e+04	4.420172e-01	2.395356e-02	2.318000e+00
1.0	5.120000e+02	4.147200e+04	4.453395e-01	2.088248e-02	2.318000e+00
1.0	6.400000e+02	4.147200e+04	4.453196e-01	2.199709e-02	2.318000e+00
1.0	7.580000e+02	4.147200e+04	4.446962e-01	2.336670e-02	2.318000e+00
1.0	8.760000e+02	4.147200e+04	4.467994e-01	2.876714e-02	2.318000e+00
1.0	1.024000e+03	4.147200e+04	4.452198e-01	2.249817e-02	2.318000e+00
1.0	1.280000e+03	4.147200e+04	4.453207e-01	2.654187e-02	2.318000e+00
1.0	1.536000e+03	4.147200e+04	4.434668e-01	2.152191e-02	2.318000e+00
1.0	1.280000e+02	4.147200e+04	3.708309e-01	1.725376e-02	2.328000e+00
1.0	2.560000e+02	4.147200e+04	3.689449e-01	2.090702e-02	2.328000e+00
1.0	3.840000e+02	4.147200e+04	3.709396e-01	2.181990e-02	2.328000e+00
1.0	5.120000e+02	4.147200e+04	3.690071e-01	2.376543e-02	2.328000e+00
1.0	6.400000e+02	4.147200e+04	3.688928e-01	2.367942e-02	2.328000e+00
1.0	7.580000e+02	4.147200e+04	3.715699e-01	2.242290e-02	2.328000e+00
1.0	8.760000e+02	4.147200e+04	3.683562e-01	2.760957e-02	2.328000e+00
1.0	1.024000e+03	4.147200e+04	3.687378e-01	2.408621e-02	2.328000e+00
1.0	1.280000e+03	4.147200e+04	3.689742e-01	2.915864e-02	2.328000e+00
1.0	1.536000e+03	4.147200e+04	3.693008e-01	3.021799e-02	2.328000e+00
1.0	1.280000e+02	4.147200e+04	3.598593e-01	1.626548e-02	2.338000e+00
1.0	2.560000e+02	4.147200e+04	3.585086e-01	1.955788e-02	2.338000e+00
1.0	3.840000e+02	4.147200e+04	3.597807e-01	1.635888e-02	2.338000e+00
1.0	5.120000e+02	4.147200e+04	3.585220e-01	1.884141e-02	2.338000e+00
1.0	6.400000e+02	4.147200e+04	3.584455e-01	1.935442e-02	2.338000e+00
1.0	7.580000e+02	4.147200e+04	3.503157e-01	1.494623e-02	2.338000e+00
1.0	8.760000e+02	4.147200e+04	3.469872e-01	1.471930e-02	2.338000e+00
1.0	1.024000e+03	4.147200e+04	3.585427e-01	1.510602e-02	2.338000e+00
1.0	1.280000e+03	4.147200e+04	3.586729e-01	1.707410e-02	2.338000e+00
1.0	1.536000e+03	4.147200e+04	3.506831e-01	1.700182e-02	2.338000e+00
1.0	1.280000e+02	4.147200e+04	3.075323e-01	1.488663e-02	2.348000e+00
1.0	2.560000e+02	4.147200e+04	3.069489e-01	1.765257e-02	2.348000e+00
1.0	3.840000e+02	4.147200e+04	3.074381e-01	1.856943e-02	2.348000e+00
1.0	5.120000e+02	4.147200e+04	3.068866e-01	1.930678e-02	2.348000e+00
1.0	6.400000e+02	4.147200e+04	3.067977e-01	1.751862e-02	2.348000e+00
1.0	7.580000e+02	4.147200e+04	3.022461e-01	1.904795e-02	2.348000e+00
1.0	8.760000e+02	4.147200e+04	2.992503e-01	1.729173e-02	2.348000e+00
1.0	1.024000e+03	4.147200e+04	3.068536e-01	1.884099e-02	2.348000e+00
1.0	1.280000e+03	4.147200e+04	3.070161e-01	1.948191e-02	2.348000e+00
1.0	1.536000e+03	4.147200e+04	3.030882e-01	2.351766e-02	2.348000e+00
1.0	1.280000e+02	4.147200e+04	3.054637e-01	1.495045e-02	2.358000e+00
1.0	2.560000e+02	4.147200e+04	3.076034e-01	1.714388e-02	2.358000e+00
1.0	3.840000e+02	4.147200e+04	3.055167e-01	1.705797e-02	2.358000e+00
1.0	5.120000e+02	4.147200e+04	3.076529e-01	1.947703e-02	2.358000e+00
1.0	6.400000e+02	4.147200e+04	3.077595e-01	1.822907e-02	2.358000e+00
1.0	7.580000e+02	4.147200e+04	3.035106e-01	2.076112e-02	2.358000e+00
1.0	8.760000e+02	4.147200e+04	3.017728e-01	2.149132e-02	2.358000e+00
1.0	1.024000e+03	4.147200e+04	3.076698e-01	2.102701e-02	2.358000e+00
1.0	1.280000e+03	4.147200e+04	3.076370e-01	1.722503e-02	2.358000e+00
1.0	1.536000e+03	4.147200e+04	3.064448e-01	1.972910e-02	2.358000e+00
1.0	1.280000e+02	4.147200e+04	2.542096e-01	1.278767e-02	2.368000e+00
1.0	2.560000e+02	4.147200e+04	2.527845e-01	1.362469e-02	2.368000e+00
1.0	3.840000e+02	4.147200e+04	2.542810e-01	1.429138e-02	2.368000e+00
1.0	5.120000e+02	4.147200e+04	2.528631e-01	1.609391e-02	2.368000e+00
1.0	6.400000e+02	4.147200e+04	2.528141e-01	1.576294e-02	2.368000e+00
1.0	7.580000e+02	4.147200e+04	2.544849e-01	1.794256e-02	2.368000e+00
1.0	8.760000e+02	4.147200e+04	2.543555e-01	1.464536e-02	2.368000e+00
1.0	1.024000e+03	4.147200e+04	2.527583e-01	1.607638e-02	2.368000e+00
1.0	1.280000e+03	4.147200e+04	2.528621e-01	1.586292e-02	2.368000e+00
1.0	1.536000e+03	4.147200e+04	2.567207e-01	1.854751e-02	2.368000e+00
1.0	1.280000e+02	4.147200e+04	2.449159e-01	1.286768e-02	2.378000e+00
1.0	2.560000e+02	4.147200e+04	2.441300e-01	1.525349e-02	2.378000e+00
1.0	3.840000e+02	4.147200e+04	2.447553e-01	1.473027e-02	2.378000e+00
1.0	5.120000e+02	4.147200e+04	2.441679e-01	1.535489e-02	2.378000e+00
1.0	6.400000e+02	4.147200e+04	2.440114e-01	1.399450e-02	2.378000e+00
1.0	7.580000e+02	4.147200e+04	2.449664e-01	1.529478e-02	2.378000e+00
1.0	8.760000e+02	4.147200e+04	2.420691e-01	1.569142e-02	2.378000e+00
1.0	1.024000e+03	4.147200e+04	2.440858e-01	1.669731e-02	2.378000e+00
1.0	1.280000e+03	4.147200e+04	2.440738e-01	1.488249e-02	2.378000e+00
1.0	1.536000e+03	4.147200e+04	2.352402e-01	1.031766e-02	2.378000e+00
1.0	1.280000e+02	4.147200e+04	2.152335e-01	1.096493e-02	2.388000e+00
1.0	2.560000e+02	4.147200e+04	2.119311e-01	1.059369e-02	2.388000e+00
1.0	3.840000e+02	4.147200e+04	2.153267e-01	1.084489e-02	2.388000e+00
1.0	5.120000e+02	4.147200e+04	2.119216e-01	9.106458e-03	2.388000e+00
1.0	6.400000e+02	4.147200e+04	2.118907e-01	8.440043e-03	2.388000e+00
1.0	7.580000e+02	4.147200e+04	2.113252e-01	8.526664e-03	2.388000e+00
1.0	8.760000e+02	4.147200e+04	2.109400e-01	7.330860e-03	2.388000e+00
1.0	1.024000e+03	4.147200e+04	2.119161e-01	7.622421e-03	2.388000e+00
1.0	1.280000e+03	4.147200e+04	2.118671e-01	6.991202e-03	2.388000e+00
1.0	1.536000e+03	4.147200e+04	2.130019e-01	9.990741e-03	2.388000e+00
1.0	1.280000e+02	4.147200e+04	2.330012e-01	1.034091e-02	2.398000e+00
1.0	2.560000e+02	4.147200e+04	2.322583e-01	1.105371e-02	2.398000e+00
1.0	3.840000e+02	4.147200e+04	2.329419e-01	9.179890e-03	2.398000e+00
1.0	5.120000e+02	4.147200e+04	2.322719e-01	1.110438e-02	2.398000e+00
1.0	6.400000e+02	4.147200e+04	2.321747e-01	7.066653e-03	2.398000e+00
1.0	7.580000e+02	4.147200e+04	2.312352e-01	9.193846e-03	2.398000e+00
1.0	8.760000e+02	4.147200e+04	2.304899e-01	1.093788e-02	2.398000e+00
1.0	1.024000e+03	4.147200e+04	2.322415e-01	9.093420e-03	2.398000e+00
1.0	1.280000e+03	4.147200e+04	2.322595e-01	7.009695e-03	2.398000e+00
1.0	1.536000e+03	4.147200e+04	2.331457e-01	9.077080e-03	2.398000e+00
1.0	1.280000e+02	4.147200e+04	1.881116e-01	7.526155e-03	2.432000e+00
1.0	2.560000e+02	4.147200e+04	1.889338e-01	7.713163e-03	2.432000e+00
1.0	3.840000e+02	4.147200e+04	1.881431e-01	8.032341e-03	2.432000e+00
1.0	5.120000e+02	4.147200e+04	1.889260e-01	7.705075e-03	2.432000e+00
1.0	6.400000e+02	4.147200e+04	1.889358e-01	8.669349e-03	2.432000e+00
1.0	7.580000e+02	4.147200e+04	1.859140e-01	9.498180e-03	2.432000e+00
1.0	8.760000e+02	4.147200e+04	1.846187e-01	5.135923e-03	2.432000e+00
1.0	1.024000e+03	4.147200e+04	1.889010e-01	7.389096e-03	2.432000e+00
1.0	1.280000e+03	4.147200e+04	1.887844e-01	8.263707e-03	2.432000e+00
1.0	1.536000e+03	4.147200e+04	1.845841e-01	3.923124e-03	2.432000e+00
1.0	1.280000e+02	4.147200e+04	1.565083e-01	6.120194e-03	2.472000e+00
1.0	2.560000e+02	4.147200e+04	1.553050e-01	6.776121e-03	2.472000e+00
1.0	3.840000e+02	4.147200e+04	1.564980e-01	7.130890e-03	2.472000e+00
1.0	5.120000e+02	4.147200e+04	1.552534e-01	6.928308e-03	2.472000e+00
1.0	6.400000e+02	4.147200e+04	1.553401e-01	6.495710e-03	2.472000e+00
1.0	7.580000e+02	4.147200e+04	1.534162e-01	6.160294e-03	2.472000e+00
1.0	8.760000e+02	4.147200e+04	1.540981e-01	6.976189e-03	2.472000e+00
1.0	1.024000e+03	4.147200e+04	1.552792e-01	7.131024e-03	2.472000e+00
1.0	1.280000e+03	4.147200e+04	1.552963e-01	5.117941e-03	2.472000e+00
1.0	1.536000e+03	4.147200e+04	1.519418e-01	5.699256e-03	2.472000e+00
1.0	1.280000e+02	4.147200e+04	1.275259e-01	3.845843e-03	2.512000e+00
1.0	2.560000e+02	4.147200e+04	1.272136e-01	4.502255e-03	2.512000e+00
1.0	3.840000e+02	4.147200e+04	1.275053e-01	5.310741e-03	2.512000e+00
1.0	5.120000e+02	4.147200e+04	1.272008e-01	4.397359e-03	2.512000e+00
1.0	6.400000e+02	4.147200e+04	1.272329e-01	4.379564e-03	2.512000e+00
1.0	7.580000e+02	4.147200e+04	1.263386e-01	3.843132e-03	2.512000e+00
1.0	8.760000e+02	4.147200e+04	1.249401e-01	3.486156e-03	2.512000e+00
1.0	1.024000e+03	4.147200e+04	1.272446e-01	4.951104e-03	2.512000e+00
1.0	1.280000e+03	4.147200e+04	1.272470e-01	4.153941e-03	2.512000e+00
1.0	1.536000e+03	4.147200e+04	1.244138e-01	4.987152e-03	2.512000e+00
1.0	1.280000e+02	4.147200e+04	1.076381e-01	3.367758e-03	2.552000e+00
1.0	2.560000e+02	4.147200e+04	1.074268e-01	3.860357e-03	2.552000e+00
1.0	3.840000e+02	4.147200e+04	1.076484e-01	2.977931e-03	2.552000e+00
1.0	5.120000e+02	4.147200e+04	1.074623e-01	3.872971e-03	2.552000e+00
1.0	6.400000e+02	4.147200e+04	1.074279e-01	3.216899e-03	2.552000e+00
1.0	7.580000e+02	4.147200e+04	1.068926e-01	3.300774e-03	2.552000e+00
1.0	8.760000e+02	4.147200e+04	1.063215e-01	3.827954e-03	2.552000e+00
1.0	1.024000e+03	4.147200e+04	1.074347e-01	3.780797e-03	2.552000e+00
1.0	1.280000e+03	4.147200e+04	1.074499e-01	3.827746e-03	2.552000e+00
1.0	1.536000e+03	4.147200e+04	1.064075e-01	3.898456e-03	2.552000e+00
1.0	1.280000e+02	4.147200e+04	1.012598e-01	2.625284e-03	2.592000e+00
1.0	2.560000e+02	4.147200e+04	1.017912e-01	2.729776e-03	2.592000e+00
1.0	3.840000e+02	4.147200e+04	1.012606e-01	2.724285e-03	2.592000e+00
1.0	5.120000e+02	4.147200e+04	1.017767e-01	2.524257e-03	2.592000e+00
1.0	6.400000e+02	4.147200e+04	1.017898e-01	2.892030e-03	2.592000e+00
1.0	7.580000e+02	4.147200e+04	1.013614e-01	2.891100e-03	2.592000e+00
1.0	8.760000e+02	4.147200e+04	1.015606e-01	2.606234e-03	2.592000e+00
1.0	1.024000e+03	4.147200e+04	1.017918e-01	2.241120e-03	2.592000e+00
1.0	1.280000e+03	4.147200e+04	1.017906e-01	2.183118e-03	2.592000e+00
1.0	1.536000e+03	4.147200e+04	1.010398e-01	2.591579e-03	2.592000e+00
1.0	1.280000e+02	4.147200e+04	9.208468e-02	2.122629e-03	2.632000e+00
1.0	2.560000e+02	4.147200e+04	9.218116e-02	2.361046e-03	2.632000e+00
1.0	3.840000e+02	4.147200e+04	9.208153e-02	2.174609e-03	2.632000e+00
1.0	5.120000e+02	4.147200e+04	9.216652e-02	2.438550e-03	2.632000e+00
1.0	6.400000e+02	4.147200e+04	9.216349e-02	2.053457e-03	2.632000e+00
1.0	7.580000e+02	4.147200e+04	9.189019e-02	2.267002e-03	2.632000e+00
1.0	8.760000e+02	4.147200e+04	9.246884e-02	2.741817e-03	2.632000e+00
1.0	1.024000e+03	4.147200e+04	9.216732e-02	2.152211e-03	2.632000e+00
1.0	1.280000e+03	4.147200e+04	9.217900e-02	2.200444e-03	2.632000e+00
1.0	1.536000e+03	4.147200e+04	9.247538e-02	1.216093e-03	2.632000e+00
1.0	1.280000e+02	4.147200e+04	8.520537e-02	1.695578e-03	2.672000e+00
1.0	2.560000e+02	4.147200e+04	8.529002e-02	1.919869e-03	2.672000e+00
1.0	3.840000e+02	4.147200e+04	8.523082e-02	1.800105e-03	2.672000e+00
1.0	5.120000e+02	4.147200e+04	8.529232e-02	1.839105e-03	2.672000e+00
1.0	6.400000e+02	4.147200e+04	8.528953e-02	1.781452e-03	2.672000e+00
1.0	7.580000e+02	4.147200e+04	8.545356e-02	1.909517e-03	2.672000e+00
1.0	8.760000e+02	4.147200e+04	8.560470e-02	2.186613e-03	2.672000e+00
1.0	1.024000e+03	4.147200e+04	8.528585e-02	1.501281e-03	2.672000e+00
1.0	1.280000e+03	4.147200e+04	8.529847e-02	2.047984e-03	2.672000e+00
1.0	1.536000e+03	4.147200e+04	8.540149e-02	2.648569e-03	2.672000e+00
1.0	1.280000e+02	4.147200e+04	8.010023e-02	1.481940e-03	2.712000e+00
1.0	2.560000e+02	4.147200e+04	8.028704e-02	1.314579e-03	2.712000e+00
1.0	3.840000e+02	4.147200e+04	8.009801e-02	1.241593e-03	2.712000e+00
1.0	5.120000e+02	4.147200e+04	8.029637e-02	1.043942e-03	2.712000e+00
1.0	6.400000e+02	4.147200e+04	8.030437e-02	1.248961e-03	2.712000e+00
1.0	7.580000e+02	4.147200e+04	7.982366e-02	1.003403e-03	2.712000e+00
1.0	8.760000e+02	4.147200e+04	8.023487e-02	1.579336e-03	2.712000e+00
1.0	1.024000e+03	4.147200e+04	8.029389e-02	1.062171e-03	2.712000e+00
1.0	1.280000e+03	4.147200e+04	8.028969e-02	7.575337e-04	2.712000e+00
1.0	1.536000e+03	4.147200e+04	7.979653e-02	8.435322e-04	2.712000e+00
1.0	1.280000e+02	4.147200e+04	7.926829e-02	1.565538e-03	2.752000e+00
1.0	2.560000e+02	4.147200e+04	7.947408e-02	1.416524e-03	2.752000e+00
1.0	3.840000e+02	4.147200e+04	7.928037e-02	1.571523e-03	2.752000e+00
1.0	5.120000e+02	4.147200e+04	7.947443e-02	1.451432e-03	2.752000e+00
1.0	6.400000e+02	4.147200e+04	7.946632e-02	1.436105e-03	2.752000e+00
1.0	7.580000e+02	4.147200e+04	7.896683e-02	1.199427e-03	2.752000e+00
1.0	8.760000e+02	4.147200e+04	7.920911e-02	1.580787e-03	2.752000e+00
1.0	1.024000e+03	4.147200e+04	7.947858e-02	1.370430e-03	2.752000e+00
1.0	1.280000e+03	4.147200e+04	7.947916e-02	1.530118e-03	2.752000e+00
1.0	1.536000e+03	4.147200e+04	7.931090e-02	1.454414e-03	2.752000e+00
1.0	1.280000e+02	4.147200e+04	6.458228e-02	1.054913e-03	2.888000e+00
1.0	2.560000e+02	4.147200e+04	6.465741e-02	9.891438e-04	2.888000e+00
1.0	3.840000e+02	4.147200e+04	6.456821e-02	9.402914e-04	2.888000e+00
1.0	5.120000e+02	4.147200e+04	6.466721e-02	9.003864e-04	2.888000e+00
1.0	6.400000e+02	4.147200e+04	6.465866e-02	7.240094e-04	2.888000e+00
1.0	7.580000e+02	4.147200e+04	6.460985e-02	7.672775e-04	2.888000e+00
1.0	8.760000e+02	4.147200e+04	6.439824e-02	8.507309e-04	2.888000e+00
1.0	1.024000e+03	4.147200e+04	6.466690e-02	8.173779e-04	2.888000e+00
1.0	1.280000e+03	4.147200e+04	6.466058e-02	7.122175e-04	2.888000e+00
1.0	1.536000e+03	4.147200e+04	6.445755e-02	9.354419e-04	2.888000e+00
1.0	1.280000e+02	4.147200e+04	5.394277e-02	7.499503e-04	3.048000e+00
1.0	2.560000e+02	4.147200e+04	5.394200e-02	6.936624e-04	3.048000e+00
1.0	3.840000e+02	4.147200e+04	5.393773e-02	7.708107e-04	3.048000e+00
1.0	5.120000e+02	4.147200e+04	5.393628e-02	7.044756e-04	3.048000e+00
1.0	6.400000e+02	4.147200e+04	5.392975e-02	5.489191e-04	3.048000e+00
1.0	7.580000e+02	4.147200e+04	5.403901e-02	6.956340e-04	3.048000e+00
1.0	8.760000e+02	4.147200e+04	5.401727e-02	5.758439e-04	3.048000e+00
1.0	1.024000e+03	4.147200e+04	5.393955e-02	6.226633e-04	3.048000e+00
1.0	1.280000e+03	4.147200e+04	5.393354e-02	6.118065e-04	3.048000e+00
1.0	1.536000e+03	4.147200e+04	5.392991e-02	7.200240e-04	3.048000e+00
1.0	1.280000e+02	4.147200e+04	4.902894e-02	5.684714e-04	3.208000e+00
1.0	2.560000e+02	4.147200e+04	4.900324e-02	4.933462e-04	3.208000e+00
1.0	3.840000e+02	4.147200e+04	4.902442e-02	5.374581e-04	3.208000e+00
1.0	5.120000e+02	4.147200e+04	4.900201e-02	4.057078e-04	3.208000e+00
1.0	6.400000e+02	4.147200e+04	4.900070e-02	4.054681e-04	3.208000e+00
1.0	7.580000e+02	4.147200e+04	4.882674e-02	3.230040e-04	3.208000e+00
1.0	8.760000e+02	4.147200e+04	4.897373e-02	3.963174e-04	3.208000e+00
1.0	1.024000e+03	4.147200e+04	4.900443e-02	4.214940e-04	3.208000e+00
1.0	1.280000e+03	4.147200e+04	4.900198e-02	3.852124e-04	3.208000e+00
1.0	1.536000e+03	4.147200e+04	4.899408e-02	4.284412e-04	3.208000e+00
1.0	1.280000e+02	4.147200e+04	4.347724e-02	4.457664e-04	3.368000e+00
1.0	2.560000e+02	4.147200e+04	4.353433e-02	4.285354e-04	3.368000e+00
1.0	3.840000e+02	4.147200e+04	4.347304e-02	4.154581e-04	3.368000e+00
1.0	5.120000e+02	4.147200e+04	4.354240e-02	3.647330e-04	3.368000e+00
1.0	6.400000e+02	4.147200e+04	4.353912e-02	3.471935e-04	3.368000e+00
1.0	7.580000e+02	4.147200e+04	4.357729e-02	4.009708e-04	3.368000e+00
1.0	8.760000e+02	4.147200e+04	4.342052e-02	3.092508e-04	3.368000e+00
1.0	1.024000e+03	4.147200e+04	4.353499e-02	3.568330e-04	3.368000e+00
1.0	1.280000e+03	4.147200e+04	4.354127e-02	3.278286e-04	3.368000e+00
1.0	1.536000e+03	4.147200e+04	4.335056e-02	1.188842e-04	3.368000e+00
1.0	1.280000e+02	4.147200e+04	4.055371e-02	3.917298e-04	3.528000e+00
1.0	2.560000e+02	4.147200e+04	4.054306e-02	4.137893e-04	3.528000e+00
1.0	3.840000e+02	4.147200e+04	4.055413e-02	4.530550e-04	3.528000e+00
1.0	5.120000e+02	4.147200e+04	4.054001e-02	4.476807e-04	3.528000e+00
1.0	6.400000e+02	4.147200e+04	4.054046e-02	3.960426e-04	3.528000e+00
1.0	7.580000e+02	4.147200e+04	4.052637e-02	5.654373e-04	3.528000e+00
1.0	8.760000e+02	4.147200e+04	4.061537e-02	3.573871e-04	3.528000e+00
1.0	1.024000e+03	4.147200e+04	4.054005e-02	3.244321e-04	3.528000e+00
1.0	1.280000e+03	4.147200e+04	4.053989e-02	4.795083e-04	3.528000e+00
1.0	1.536000e+03	4.147200e+04	4.066878e-02	3.782045e-04	3.528000e+00
