1.0	1.280000e+02	4.096000e+04	1.000000e+00	0.000000e+00	5.000000e-02
1.0	2.560000e+02	4.096000e+04	1.000000e+00	0.000000e+00	5.000000e-02
1.0	3.840000e+02	4.096000e+04	1.000000e+00	0.000000e+00	5.000000e-02
1.0	5.120000e+02	4.096000e+04	1.000000e+00	0.000000e+00	5.000000e-02
1.0	6.400000e+02	4.096000e+04	1.000000e+00	0.000000e+00	5.000000e-02
1.0	7.580000e+02	4.096000e+04	1.000000e+00	0.000000e+00	5.000000e-02
1.0	8.760000e+02	4.096000e+04	1.000000e+00	0.000000e+00	5.000000e-02
1.0	1.024000e+03	4.096000e+04	1.000000e+00	0.000000e+00	5.000000e-02
1.0	1.280000e+03	4.096000e+04	1.000000e+00	0.000000e+00	5.000000e-02
1.0	1.536000e+03	4.096000e+04	1.000000e+00	0.000000e+00	5.000000e-02
1.0	1.280000e+02	4.096000e+04	1.000000e+00	0.000000e+00	2.500000e-01
1.0	2.560000e+02	4.096000e+04	1.000000e+00	0.000000e+00	2.500000e-01
1.0	3.840000e+02	4.096000e+04	1.000000e+00	0.000000e+00	2.500000e-01
1.0	5.120000e+02	4.096000e+04	1.000000e+00	0.000000e+00	2.500000e-01
1.0	6.400000e+02	4.096000e+04	1.000000e+00	0.000000e+00	2.500000e-01
1.0	7.580000e+02	4.096000e+04	1.000000e+00	0.000000e+00	2.500000e-01
1.0	8.760000e+02	4.096000e+04	1.000000e+00	0.000000e+00	2.500000e-01
1.0	1.024000e+03	4.096000e+04	1.000000e+00	0.000000e+00	2.500000e-01
1.0	1.280000e+03	4.096000e+04	1.000000e+00	0.000000e+00	2.500000e-01
1.0	1.536000e+03	4.096000e+04	1.000000e+00	0.000000e+00	2.500000e-01
1.0	1.280000e+02	4.096000e+04	1.000000e+00	2.095491e-08	4.500000e-01
1.0	2.560000e+02	4.096000e+04	1.000000e+00	2.101970e-08	4.500000e-01
1.0	3.840000e+02	4.096000e+04	1.000000e+00	2.134145e-08	4.500000e-01
1.0	5.120000e+02	4.096000e+04	1.000000e+00	2.066667e-08	4.500000e-01
1.0	6.400000e+02	4.096000e+04	1.000000e+00	2.042771e-08	4.500000e-01
1.0	7.580000e+02	4.096000e+04	1.000000e+00	2.118177e-08	4.500000e-01
1.0	8.760000e+02	4.096000e+04	1.000000e+00	2.155495e-08	4.500000e-01
1.0	1.024000e+03	4.096000e+04	1.000000e+00	2.018662e-08	4.500000e-01
1.0	1.280000e+03	4.096000e+04	1.000000e+00	1.983237e-08	4.500000e-01
1.0	1.536000e+03	4.096000e+04	1.000000e+00	2.131527e-08	4.500000e-01
1.0	1.280000e+02	4.096000e+04	9.999908e-01	4.088834e-07	6.500000e-01
1.0	2.560000e+02	4.096000e+04	9.999908e-01	4.588393e-07	6.500000e-01
1.0	3.840000e+02	4.096000e+04	9.999908e-01	3.847496e-07	6.500000e-01
1.0	5.120000e+02	4.096000e+04	9.999908e-01	4.100432e-07	6.500000e-01
1.0	6.400000e+02	4.096000e+04	9.999908e-01	3.716613e-07	6.500000e-01
1.0	7.580000e+02	4.096000e+04	9.999907e-01	3.843627e-07	6.500000e-01
1.0	8.760000e+02	4.096000e+04	9.999907e-01	4.213432e-07	6.500000e-01
1.0	1.024000e+03	4.096000e+04	9.999908e-01	4.059722e-07	6.500000e-01
1.0	1.280000e+03	4.096000e+04	9.999908e-01	4.009490e-07	6.500000e-01
1.0	1.536000e+03	4.096000e+04	9.999907e-01	2.948116e-07	6.500000e-01
1.0	1.280000e+02	4.096000e+04	9.998274e-01	1.839050e-06	8.500000e-01
1.0	2.560000e+02	4.096000e+04	9.998274e-01	2.059772e-06	8.500000e-01
1.0	3.840000e+02	4.096000e+04	9.998278e-01	1.532598e-06	8.500000e-01
1.0	5.120000e+02	4.096000e+04	9.998274e-01	1.798155e-06	8.500000e-01
1.0	6.400000e+02	4.096000e+04	9.998274e-01	1.897289e-06	8.500000e-01
1.0	7.580000e+02	4.096000e+04	9.998279e-01	1.593095e-06	8.500000e-01
1.0	8.760000e+02	4.096000e+04	9.998277e-01	1.674884e-06	8.500000e-01
1.0	1.024000e+03	4.096000e+04	9.998274e-01	1.652280e-06	8.500000e-01
1.0	1.280000e+03	4.096000e+04	9.998274e-01	1.580118e-06	8.500000e-01
1.0	1.536000e+03	4.096000e+04	9.998274e-01	2.037756e-06	8.500000e-01
1.0	1.280000e+02	4.096000e+04	9.989259e-01	5.241941e-06	1.050000e+00
1.0	2.560000e+02	4.096000e+04	9.989259e-01	5.265397e-06	1.050000e+00
1.0	3.840000e+02	4.096000e+04	9.989240e-01	4.593966e-06	1.050000e+00
1.0	5.120000e+02	4.096000e+04	9.989259e-01	5.825503e-06	1.050000e+00
1.0	6.400000e+02	4.096000e+04	9.989259e-01	4.963640e-06	1.050000e+00
1.0	7.580000e+02	4.096000e+04	9.989235e-01	4.147491e-06	1.050000e+00
1.0	8.760000e+02	4.096000e+04	9.989237e-01	3.739534e-06	1.050000e+00
1.0	1.024000e+03	4.096000e+04	9.989259e-01	4.815395e-06	1.050000e+00
1.0	1.280000e+03	4.096000e+04	9.989259e-01	5.816445e-06	1.050000e+00
1.0	1.536000e+03	4.096000e+04	9.989237e-01	6.066971e-06	1.050000e+00
1.0	1.280000e+02	4.096000e+04	9.960387e-01	1.065842e-05	1.250000e+00
1.0	2.560000e+02	4.096000e+04	9.960388e-01	1.036324e-05	1.250000e+00
1.0	3.840000e+02	4.096000e+04	9.960427e-01	1.068013e-05	1.250000e+00
1.0	5.120000e+02	4.096000e+04	9.960387e-01	1.075400e-05	1.250000e+00
1.0	6.400000e+02	4.096000e+04	9.960387e-01	1.206667e-05	1.250000e+00
1.0	7.580000e+02	4.096000e+04	9.960422e-01	9.075293e-06	1.250000e+00
1.0	8.760000e+02	4.096000e+04	9.960446e-01	1.115315e-05	1.250000e+00
1.0	1.024000e+03	4.096000e+04	9.960387e-01	1.086571e-05	1.250000e+00
1.0	1.280000e+03	4.096000e+04	9.960388e-01	9.032047e-06	1.250000e+00
1.0	1.536000e+03	4.096000e+04	9.960418e-01	1.071547e-05	1.250000e+00
1.0	1.280000e+02	4.096000e+04	9.891606e-01	1.914276e-05	1.450000e+00
1.0	2.560000e+02	4.096000e+04	9.891606e-01	1.877080e-05	1.450000e+00
1.0	3.840000e+02	4.096000e+04	9.891618e-01	1.746065e-05	1.450000e+00
1.0	5.120000e+02	4.096000e+04	9.891605e-01	1.725471e-05	1.450000e+00
1.0	6.400000e+02	4.096000e+04	9.891607e-01	1.442859e-05	1.450000e+00
1.0	7.580000e+02	4.096000e+04	9.891629e-01	1.520876e-05	1.450000e+00
1.0	8.760000e+02	4.096000e+04	9.891630e-01	1.861461e-05	1.450000e+00
1.0	1.024000e+03	4.096000e+04	9.891606e-01	1.777417e-05	1.450000e+00
1.0	1.280000e+03	4.096000e+04	9.891608e-01	1.582092e-05	1.450000e+00
1.0	1.536000e+03	4.096000e+04	9.891708e-01	1.724223e-05	1.450000e+00
1.0	1.280000e+02	4.096000e+04	9.752476e-01	4.963099e-05	1.650000e+00
1.0	2.560000e+02	4.096000e+04	9.752475e-01	5.071717e-05	1.650000e+00
1.0	3.840000e+02	4.096000e+04	9.752512e-01	4.689639e-05	1.650000e+00
1.0	5.120000e+02	4.096000e+04	9.752474e-01	4.310337e-05	1.650000e+00
1.0	6.400000e+02	4.096000e+04	9.752476e-01	4.398257e-05	1.650000e+00
1.0	7.580000e+02	4.096000e+04	9.752565e-01	3.358538e-05	1.650000e+00
1.0	8.760000e+02	4.096000e+04	9.752513e-01	4.199533e-05	1.650000e+00
1.0	1.024000e+03	4.096000e+04	9.752473e-01	3.066738e-05	1.650000e+00
1.0	1.280000e+03	4.096000e+04	9.752473e-01	3.164539e-05	1.650000e+00
1.0	1.536000e+03	4.096000e+04	9.752405e-01	2.384813e-05	1.650000e+00
1.0	1.280000e+02	4.096000e+04	9.483497e-01	9.496046e-05	1.850000e+00
1.0	2.560000e+02	4.096000e+04	9.483501e-01	8.356657e-05	1.850000e+00
1.0	3.840000e+02	4.096000e+04	9.483412e-01	7.568407e-05	1.850000e+00
1.0	5.120000e+02	4.096000e+04	9.483499e-01	1.003258e-04	1.850000e+00
1.0	6.400000e+02	4.096000e+04	9.483503e-01	1.113814e-04	1.850000e+00
1.0	7.580000e+02	4.096000e+04	9.483316e-01	8.763846e-05	1.850000e+00
1.0	8.760000e+02	4.096000e+04	9.483290e-01	7.203129e-05	1.850000e+00
1.0	1.024000e+03	4.096000e+04	9.483491e-01	1.192989e-04	1.850000e+00
1.0	1.280000e+03	4.096000e+04	9.483503e-01	9.397100e-05	1.850000e+00
1.0	1.536000e+03	4.096000e+04	9.482991e-01	9.892402e-05	1.850000e+00
1.0	1.280000e+02	4.096000e+04	9.112032e-01	2.346376e-04	2.000000e+00
1.0	2.560000e+02	4.096000e+04	9.112050e-01	2.224870e-04	2.000000e+00
1.0	3.840000e+02	4.096000e+04	9.111928e-01	2.030924e-04	2.000000e+00
1.0	5.120000e+02	4.096000e+04	9.112040e-01	1.858570e-04	2.000000e+00
1.0	6.400000e+02	4.096000e+04	9.112060e-01	2.318948e-04	2.000000e+00
1.0	7.580000e+02	4.096000e+04	9.111844e-01	1.712946e-04	2.000000e+00
1.0	8.760000e+02	4.096000e+04	9.111540e-01	1.699336e-04	2.000000e+00
1.0	1.024000e+03	4.096000e+04	9.112050e-01	1.797767e-04	2.000000e+00
1.0	1.280000e+03	4.096000e+04	9.112044e-01	2.320941e-04	2.000000e+00
1.0	1.536000e+03	4.096000e+04	9.111404e-01	1.847311e-04	2.000000e+00
1.0	1.280000e+02	4.096000e+04	9.054212e-01	2.231227e-04	2.016000e+00
1.0	2.560000e+02	4.096000e+04	9.054190e-01	2.097992e-04	2.016000e+00
1.0	3.840000e+02	4.096000e+04	9.054275e-01	1.807340e-04	2.016000e+00
1.0	5.120000e+02	4.096000e+04	9.054207e-01	2.265739e-04	2.016000e+00
1.0	6.400000e+02	4.096000e+04	9.054191e-01	1.894207e-04	2.016000e+00
1.0	7.580000e+02	4.096000e+04	9.053902e-01	1.966174e-04	2.016000e+00
1.0	8.760000e+02	4.096000e+04	9.053888e-01	1.997502e-04	2.016000e+00
1.0	1.024000e+03	4.096000e+04	9.054210e-01	1.638464e-04	2.016000e+00
1.0	1.280000e+03	4.096000e+04	9.054212e-01	1.621443e-04	2.016000e+00
1.0	1.536000e+03	4.096000e+04	9.055220e-01	1.322231e-04	2.016000e+00
1.0	1.280000e+02	4.096000e+04	8.993203e-01	2.940984e-04	2.032000e+00
1.0	2.560000e+02	4.096000e+04	8.993227e-01	3.157735e-04	2.032000e+00
1.0	3.840000e+02	4.096000e+04	8.992756e-01	3.398176e-04	2.032000e+00
1.0	5.120000e+02	4.096000e+04	8.993187e-01	3.684917e-04	2.032000e+00
1.0	6.400000e+02	4.096000e+04	8.993227e-01	3.219516e-04	2.032000e+00
1.0	7.580000e+02	4.096000e+04	8.993067e-01	3.771684e-04	2.032000e+00
1.0	8.760000e+02	4.096000e+04	8.993219e-01	2.430117e-04	2.032000e+00
1.0	1.024000e+03	4.096000e+04	8.993202e-01	2.857964e-04	2.032000e+00
1.0	1.280000e+03	4.096000e+04	8.993202e-01	3.058277e-04	2.032000e+00
1.0	1.536000e+03	4.096000e+04	8.993495e-01	2.642682e-04	2.032000e+00
1.0	1.280000e+02	4.096000e+04	8.930827e-01	3.526044e-04	2.048000e+00
1.0	2.560000e+02	4.096000e+04	8.930780e-01	3.777770e-04	2.048000e+00
1.0	3.840000e+02	4.096000e+04	8.930738e-01	3.880523e-04	2.048000e+00
1.0	5.120000e+02	4.096000e+04	8.930816e-01	3.586125e-04	2.048000e+00
1.0	6.400000e+02	4.096000e+04	8.930816e-01	3.275525e-04	2.048000e+00
1.0	7.580000e+02	4.096000e+04	8.930610e-01	3.843003e-04	2.048000e+00
1.0	8.760000e+02	4.096000e+04	8.931174e-01	3.247229e-04	2.048000e+00
1.0	1.024000e+03	4.096000e+04	8.930814e-01	3.109287e-04	2.048000e+00
1.0	1.280000e+03	4.096000e+04	8.930816e-01	2.703343e-04	2.048000e+00
1.0	1.536000e+03	4.096000e+04	8.931481e-01	2.272938e-04	2.048000e+00
1.0	1.280000e+02	4.096000e+04	8.862873e-01	3.282782e-04	2.064000e+00
1.0	2.560000e+02	4.096000e+04	8.862888e-01	3.266685e-04	2.064000e+00
1.0	3.840000e+02	4.096000e+04	8.862732e-01	3.358692e-04	2.064000e+00
1.0	5.120000e+02	4.096000e+04	8.862858e-01	2.721391e-04	2.064000e+00
1.0	6.400000e+02	4.096000e+04	8.862870e-01	2.504410e-04	2.064000e+00
1.0	7.580000e+02	4.096000e+04	8.862628e-01	2.900340e-04	2.064000e+00
1.0	8.760000e+02	4.096000e+04	8.863444e-01	2.534892e-04	2.064000e+00
1.0	1.024000e+03	4.096000e+04	8.862867e-01	2.726096e-04	2.064000e+00
1.0	1.280000e+03	4.096000e+04	8.862875e-01	2.716379e-04	2.064000e+00
1.0	1.536000e+03	4.096000e+04	8.864668e-01	1.998329e-04	2.064000e+00
1.0	1.280000e+02	4.096000e+04	8.792150e-01	3.834281e-04	2.080000e+00
1.0	2.560000e+02	4.096000e+04	8.792132e-01	3.872761e-04	2.080000e+00
1.0	3.840000e+02	4.096000e+04	8.792921e-01	4.016580e-04	2.080000e+00
1.0	5.120000e+02	4.096000e+04	8.792109e-01	4.093007e-04	2.080000e+00
1.0	6.400000e+02	4.096000e+04	8.792113e-01	3.663191e-04	2.080000e+00
1.0	7.580000e+02	4.096000e+04	8.793968e-01	4.048245e-04	2.080000e+00
1.0	8.760000e+02	4.096000e+04	8.793177e-01	4.999097e-04	2.080000e+00
1.0	1.024000e+03	4.096000e+04	8.792141e-01	3.375428e-04	2.080000e+00
1.0	1.280000e+03	4.096000e+04	8.792161e-01	4.066170e-04	2.080000e+00
1.0	1.536000e+03	4.096000e+04	8.792692e-01	4.197321e-04	2.080000e+00
1.0	1.280000e+02	4.096000e+04	8.707677e-01	4.397950e-04	2.096000e+00
1.0	2.560000e+02	4.096000e+04	8.707683e-01	3.998361e-04	2.096000e+00
1.0	3.840000e+02	4.096000e+04	8.708053e-01	4.361412e-04	2.096000e+00
1.0	5.120000e+02	4.096000e+04	8.707631e-01	4.344038e-04	2.096000e+00
1.0	6.400000e+02	4.096000e+04	8.707662e-01	4.162183e-04	2.096000e+00
1.0	7.580000e+02	4.096000e+04	8.708765e-01	5.102796e-04	2.096000e+00
1.0	8.760000e+02	4.096000e+04	8.708594e-01	5.295187e-04	2.096000e+00
1.0	1.024000e+03	4.096000e+04	8.707687e-01	5.582742e-04	2.096000e+00
1.0	1.280000e+03	4.096000e+04	8.707720e-01	5.445972e-04	2.096000e+00
1.0	1.536000e+03	4.096000e+04	8.711894e-01	4.889670e-04	2.096000e+00
1.0	1.280000e+02	4.096000e+04	8.609075e-01	5.795440e-04	2.112000e+00
1.0	2.560000e+02	4.096000e+04	8.609081e-01	5.787003e-04	2.112000e+00
1.0	3.840000e+02	4.096000e+04	8.609164e-01	7.059121e-04	2.112000e+00
1.0	5.120000e+02	4.096000e+04	8.609072e-01	5.418086e-04	2.112000e+00
1.0	6.400000e+02	4.096000e+04	8.609098e-01	6.709432e-04	2.112000e+00
1.0	7.580000e+02	4.096000e+04	8.610767e-01	5.109332e-04	2.112000e+00
1.0	8.760000e+02	4.096000e+04	8.613382e-01	4.605622e-04	2.112000e+00
1.0	1.024000e+03	4.096000e+04	8.609079e-01	6.106764e-04	2.112000e+00
1.0	1.280000e+03	4.096000e+04	8.609108e-01	6.641080e-04	2.112000e+00
1.0	1.536000e+03	4.096000e+04	8.614875e-01	3.040263e-04	2.112000e+00
1.0	1.280000e+02	4.096000e+04	8.507817e-01	8.084684e-04	2.128000e+00
1.0	2.560000e+02	4.096000e+04	8.507894e-01	9.144047e-04	2.128000e+00
1.0	3.840000e+02	4.096000e+04	8.507653e-01	9.940920e-04	2.128000e+00
1.0	5.120000e+02	4.096000e+04	8.507845e-01	8.844068e-04	2.128000e+00
1.0	6.400000e+02	4.096000e+04	8.507798e-01	1.052568e-03	2.128000e+00
1.0	7.580000e+02	4.096000e+04	8.506808e-01	1.068398e-03	2.128000e+00
1.0	8.760000e+02	4.096000e+04	8.505509e-01	9.485109e-04	2.128000e+00
1.0	1.024000e+03	4.096000e+04	8.507866e-01	8.769978e-04	2.128000e+00
1.0	1.280000e+03	4.096000e+04	8.507832e-01	1.212594e-03	2.128000e+00
1.0	1.536000e+03	4.096000e+04	8.506176e-01	1.229800e-03	2.128000e+00
1.0	1.280000e+02	4.096000e+04	8.403381e-01	9.560423e-04	2.144000e+00
1.0	2.560000e+02	4.096000e+04	8.403299e-01	9.420599e-04	2.144000e+00
1.0	3.840000e+02	4.096000e+04	8.403795e-01	9.203884e-04	2.144000e+00
1.0	5.120000e+02	4.096000e+04	8.403329e-01	8.051151e-04	2.144000e+00
1.0	6.400000e+02	4.096000e+04	8.403276e-01	6.418589e-04	2.144000e+00
1.0	7.580000e+02	4.096000e+04	8.403176e-01	7.747078e-04	2.144000e+00
1.0	8.760000e+02	4.096000e+04	8.401746e-01	7.072406e-04	2.144000e+00
1.0	1.024000e+03	4.096000e+04	8.403324e-01	6.019020e-04	2.144000e+00
1.0	1.280000e+03	4.096000e+04	8.403336e-01	4.980229e-04	2.144000e+00
1.0	1.536000e+03	4.096000e+04	8.400558e-01	5.862815e-04	2.144000e+00
1.0	1.280000e+02	4.096000e+04	8.280691e-01	9.227802e-04	2.160000e+00
1.0	2.560000e+02	4.096000e+04	8.280810e-01	9.278536e-04	2.160000e+00
1.0	3.840000e+02	4.096000e+04	8.280272e-01	1.096687e-03	2.160000e+00
1.0	5.120000e+02	4.096000e+04	8.280834e-01	1.028871e-03	2.160000e+00
1.0	6.400000e+02	4.096000e+04	8.280675e-01	9.232872e-04	2.160000e+00
1.0	7.580000e+02	4.096000e+04	8.281771e-01	9.918043e-04	2.160000e+00
1.0	8.760000e+02	4.096000e+04	8.279860e-01	7.162663e-04	2.160000e+00
1.0	1.024000e+03	4.096000e+04	8.280786e-01	7.362314e-04	2.160000e+00
1.0	1.280000e+03	4.096000e+04	8.280765e-01	7.391202e-04	2.160000e+00
1.0	1.536000e+03	4.096000e+04	8.279326e-01	1.192724e-03	2.160000e+00
1.0	1.280000e+02	4.096000e+04	8.116394e-01	1.557428e-03	2.176000e+00
1.0	2.560000e+02	4.096000e+04	8.116437e-01	1.949754e-03	2.176000e+00
1.0	3.840000e+02	4.096000e+04	8.116212e-01	1.940380e-03	2.176000e+00
1.0	5.120000e+02	4.096000e+04	8.116294e-01	1.853652e-03	2.176000e+00
1.0	6.400000e+02	4.096000e+04	8.116426e-01	1.956731e-03	2.176000e+00
1.0	7.580000e+02	4.096000e+04	8.116231e-01	1.571370e-03	2.176000e+00
1.0	8.760000e+02	4.096000e+04	8.118454e-01	1.705379e-03	2.176000e+00
1.0	1.024000e+03	4.096000e+04	8.116645e-01	2.002728e-03	2.176000e+00
1.0	1.280000e+03	4.096000e+04	8.116524e-01	2.055415e-03	2.176000e+00
1.0	1.536000e+03	4.096000e+04	8.127591e-01	1.616575e-03	2.176000e+00
1.0	1.280000e+02	4.096000e+04	7.943574e-01	1.910882e-03	2.192000e+00
1.0	2.560000e+02	4.096000e+04	7.943588e-01	2.073171e-03	2.192000e+00
1.0	3.840000e+02	4.096000e+04	7.940713e-01	2.417606e-03	2.192000e+00
1.0	5.120000e+02	4.096000e+04	7.943660e-01	1.921040e-03	2.192000e+00
1.0	6.400000e+02	4.096000e+04	7.943414e-01	2.366976e-03	2.192000e+00
1.0	7.580000e+02	4.096000e+04	7.939852e-01	2.650257e-03	2.192000e+00
1.0	8.760000e+02	4.096000e+04	7.940374e-01	2.323479e-03	2.192000e+00
1.0	1.024000e+03	4.096000e+04	7.943731e-01	1.650305e-03	2.192000e+00
1.0	1.280000e+03	4.096000e+04	7.943444e-01	1.609474e-03	2.192000e+00
1.0	1.536000e+03	4.096000e+04	7.941027e-01	2.111001e-03	2.192000e+00
1.0	1.280000e+02	4.096000e+04	7.701075e-01	3.121772e-03	2.208000e+00
1.0	2.560000e+02	4.096000e+04	7.701134e-01	3.130859e-03	2.208000e+00
1.0	3.840000e+02	4.096000e+04	7.711764e-01	3.417263e-03	2.208000e+00
1.0	5.120000e+02	4.096000e+04	7.700981e-01	3.608511e-03	2.208000e+00
1.0	6.400000e+02	4.096000e+04	7.701002e-01	3.448733e-03	2.208000e+00
1.0	7.580000e+02	4.096000e+04	7.714329e-01	3.991935e-03	2.208000e+00
1.0	8.760000e+02	4.096000e+04	7.714271e-01	3.072819e-03	2.208000e+00
1.0	1.024000e+03	4.096000e+04	7.701027e-01	3.642511e-03	2.208000e+00
1.0	1.280000e+03	4.096000e+04	7.701228e-01	3.402525e-03	2.208000e+00
1.0	1.536000e+03	4.096000e+04	7.713221e-01	4.085866e-03	2.208000e+00
1.0	1.280000e+02	4.096000e+04	7.447687e-01	3.889035e-03	2.224000e+00
1.0	2.560000e+02	4.096000e+04	7.447816e-01	4.616412e-03	2.224000e+00
1.0	3.840000e+02	4.096000e+04	7.451146e-01	4.644630e-03	2.224000e+00
1.0	5.120000e+02	4.096000e+04	7.448171e-01	5.475172e-03	2.224000e+00
1.0	6.400000e+02	4.096000e+04	7.447773e-01	5.078697e-03	2.224000e+00
1.0	7.580000e+02	4.096000e+04	7.448283e-01	4.885183e-03	2.224000e+00
1.0	8.760000e+02	4.096000e+04	7.446414e-01	5.728161e-03	2.224000e+00
1.0	1.024000e+03	4.096000e+04	7.447800e-01	6.339112e-03	2.224000e+00
1.0	1.280000e+03	4.096000e+04	7.447213e-01	4.961129e-03	2.224000e+00
1.0	1.536000e+03	4.096000e+04	7.443874e-01	6.824096e-03	2.224000e+00
1.0	1.280000e+02	4.096000e+04	7.467785e-01	2.894398e-03	2.228000e+00
1.0	2.560000e+02	4.096000e+04	7.467864e-01	3.776742e-03	2.228000e+00
1.0	3.840000e+02	4.096000e+04	7.468907e-01	3.963155e-03	2.228000e+00
1.0	5.120000e+02	4.096000e+04	7.467909e-01	4.099233e-03	2.228000e+00
1.0	6.400000e+02	4.096000e+04	7.468194e-01	3.738616e-03	2.228000e+00
1.0	7.580000e+02	4.096000e+04	7.470556e-01	3.585459e-03	2.228000e+00
1.0	8.760000e+02	4.096000e+04	7.472392e-01	4.127903e-03	2.228000e+00
1.0	1.024000e+03	4.096000e+04	7.467512e-01	3.570363e-03	2.228000e+00
1.0	1.280000e+03	4.096000e+04	7.468027e-01	4.076266e-03	2.228000e+00
1.0	1.536000e+03	4.096000e+04	7.466520e-01	3.534373e-03	2.228000e+00
1.0	1.280000e+02	4.096000e+04	7.276419e-01	5.301926e-03	2.232000e+00
1.0	2.560000e+02	4.096000e+04	7.276495e-01	6.530210e-03	2.232000e+00
1.0	3.840000e+02	4.096000e+04	7.267377e-01	7.309777e-03	2.232000e+00
1.0	5.120000e+02	4.096000e+04	7.276199e-01	7.696741e-03	2.232000e+00
1.0	6.400000e+02	4.096000e+04	7.276702e-01	8.803984e-03	2.232000e+00
1.0	7.580000e+02	4.096000e+04	7.268406e-01	1.011544e-02	2.232000e+00
1.0	8.760000e+02	4.096000e+04	7.292470e-01	7.272006e-03	2.232000e+00
1.0	1.024000e+03	4.096000e+04	7.276141e-01	8.033763e-03	2.232000e+00
1.0	1.280000e+03	4.096000e+04	7.276463e-01	9.652685e-03	2.232000e+00
1.0	1.536000e+03	4.096000e+04	7.344839e-01	6.060765e-03	2.232000e+00
1.0	1.280000e+02	4.096000e+04	7.310791e-01	3.189402e-03	2.236000e+00
1.0	2.560000e+02	4.096000e+04	7.310785e-01	3.600705e-03	2.236000e+00
1.0	3.840000e+02	4.096000e+04	7.327821e-01	3.955540e-03	2.236000e+00
1.0	5.120000e+02	4.096000e+04	7.310999e-01	4.034734e-03	2.236000e+00
1.0	6.400000e+02	4.096000e+04	7.310958e-01	4.282478e-03	2.236000e+00
1.0	7.580000e+02	4.096000e+04	7.333156e-01	4.754328e-03	2.236000e+00
1.0	8.760000e+02	4.096000e+04	7.331760e-01	5.031946e-03	2.236000e+00
1.0	1.024000e+03	4.096000e+04	7.311277e-01	4.886764e-03	2.236000e+00
1.0	1.280000e+03	4.096000e+04	7.310965e-01	4.658068e-03	2.236000e+00
1.0	1.536000e+03	4.096000e+04	7.328292e-01	6.509774e-03	2.236000e+00
1.0	1.280000e+02	4.096000e+04	7.097780e-01	3.804354e-03	2.240000e+00
1.0	2.560000e+02	4.096000e+04	7.097375e-01	4.149215e-03	2.240000e+00
1.0	3.840000e+02	4.096000e+04	7.097048e-01	5.262560e-03	2.240000e+00
1.0	5.120000e+02	4.096000e+04	7.097220e-01	4.664624e-03	2.240000e+00
1.0	6.400000e+02	4.096000e+04	7.097107e-01	3.197833e-03	2.240000e+00
1.0	7.580000e+02	4.096000e+04	7.102322e-01	4.276648e-03	2.240000e+00
1.0	8.760000e+02	4.096000e+04	7.105480e-01	3.263953e-03	2.240000e+00
1.0	1.024000e+03	4.096000e+04	7.097747e-01	4.345552e-03	2.240000e+00
1.0	1.280000e+03	4.096000e+04	7.097425e-01	3.684895e-03	2.240000e+00
1.0	1.536000e+03	4.096000e+04	7.095344e-01	4.813912e-03	2.240000e+00
1.0	1.280000e+02	4.096000e+04	7.184530e-01	3.041874e-03	2.244000e+00
1.0	2.560000e+02	4.096000e+04	7.184690e-01	3.461033e-03	2.244000e+00
1.0	3.840000e+02	4.096000e+04	7.181232e-01	3.180099e-03	2.244000e+00
1.0	5.120000e+02	4.096000e+04	7.184486e-01	3.342414e-03	2.244000e+00
1.0	6.400000e+02	4.096000e+04	7.184624e-01	3.367575e-03	2.244000e+00
1.0	7.580000e+02	4.096000e+04	7.184584e-01	3.524134e-03	2.244000e+00
1.0	8.760000e+02	4.096000e+04	7.185491e-01	4.556757e-03	2.244000e+00
1.0	1.024000e+03	4.096000e+04	7.184368e-01	3.602840e-03	2.244000e+00
1.0	1.280000e+03	4.096000e+04	7.184320e-01	2.986836e-03	2.244000e+00
1.0	1.536000e+03	4.096000e+04	7.190404e-01	3.045947e-03	2.244000e+00
1.0	1.280000e+02	4.096000e+04	7.045872e-01	4.453169e-03	2.248000e+00
1.0	2.560000e+02	4.096000e+04	7.045740e-01	4.939625e-03	2.248000e+00
1.0	3.840000e+02	4.096000e+04	7.039904e-01	5.135027e-03	2.248000e+00
1.0	5.120000e+02	4.096000e+04	7.046284e-01	4.238861e-03	2.248000e+00
1.0	6.400000e+02	4.096000e+04	7.045813e-01	5.799682e-03	2.248000e+00
1.0	7.580000e+02	4.096000e+04	7.038061e-01	6.109181e-03	2.248000e+00
1.0	8.760000e+02	4.096000e+04	7.033725e-01	5.653023e-03	2.248000e+00
1.0	1.024000e+03	4.096000e+04	7.045872e-01	5.256896e-03	2.248000e+00
1.0	1.280000e+03	4.096000e+04	7.046053e-01	4.901712e-03	2.248000e+00
1.0	1.536000e+03	4.096000e+04	7.031153e-01	5.268834e-03	2.248000e+00
1.0	1.280000e+02	4.096000e+04	6.706247e-01	7.328597e-03	2.252000e+00
1.0	2.560000e+02	4.096000e+04	6.705204e-01	9.449393e-03	2.252000e+00
1.0	3.840000e+02	4.096000e+04	6.717353e-01	1.132858e-02	2.252000e+00
1.0	5.120000e+02	4.096000e+04	6.705937e-01	1.067831e-02	2.252000e+00
1.0	6.400000e+02	4.096000e+04	6.706445e-01	1.193822e-02	2.252000e+00
1.0	7.580000e+02	4.096000e+04	6.747089e-01	1.121261e-02	2.252000e+00
1.0	8.760000e+02	4.096000e+04	6.798630e-01	8.182215e-03	2.252000e+00
1.0	1.024000e+03	4.096000e+04	6.706111e-01	1.130139e-02	2.252000e+00
1.0	1.280000e+03	4.096000e+04	6.706188e-01	1.312447e-02	2.252000e+00
1.0	1.536000e+03	4.096000e+04	6.800726e-01	9.237458e-03	2.252000e+00
1.0	1.280000e+02	4.096000e+04	6.017110e-01	1.568097e-02	2.256000e+00
1.0	2.560000e+02	4.096000e+04	6.018910e-01	2.143239e-02	2.256000e+00
1.0	3.840000e+02	4.096000e+04	6.024488e-01	2.632177e-02	2.256000e+00
1.0	5.120000e+02	4.096000e+04	6.020549e-01	2.905856e-02	2.256000e+00
1.0	6.400000e+02	4.096000e+04	6.016753e-01	3.188524e-02	2.256000e+00
1.0	7.580000e+02	4.096000e+04	6.012414e-01	3.359445e-02	2.256000e+00
1.0	8.760000e+02	4.096000e+04	5.997528e-01	3.778873e-02	2.256000e+00
1.0	1.024000e+03	4.096000e+04	6.016813e-01	3.485122e-02	2.256000e+00
1.0	1.280000e+03	4.096000e+04	6.018214e-01	4.062240e-02	2.256000e+00
1.0	1.536000e+03	4.096000e+04	5.995530e-01	4.747418e-02	2.256000e+00
1.0	1.280000e+02	4.096000e+04	6.075050e-01	1.683000e-02	2.260000e+00
1.0	2.560000e+02	4.096000e+04	6.075436e-01	2.327823e-02	2.260000e+00
1.0	3.840000e+02	4.096000e+04	6.080840e-01	2.787108e-02	2.260000e+00
1.0	5.120000e+02	4.096000e+04	6.072805e-01	3.067367e-02	2.260000e+00
1.0	6.400000e+02	4.096000e+04	6.074910e-01	3.100668e-02	2.260000e+00
1.0	7.580000e+02	4.096000e+04	6.076574e-01	3.672783e-02	2.260000e+00
1.0	8.760000e+02	4.096000e+04	6.112085e-01	3.395343e-02	2.260000e+00
1.0	1.024000e+03	4.096000e+04	6.074970e-01	3.089348e-02	2.260000e+00
1.0	1.280000e+03	4.096000e+04	6.073802e-01	3.888863e-02	2.260000e+00
1.0	1.536000e+03	4.096000e+04	6.258784e-01	3.319474e-02	2.260000e+00
1.0	1.280000e+02	4.096000e+04	6.588894e-01	5.849349e-03	2.264000e+00
1.0	2.560000e+02	4.096000e+04	6.589294e-01	6.799107e-03	2.264000e+00
1.0	3.840000e+02	4.096000e+04	6.584278e-01	6.522182e-03	2.264000e+00
1.0	5.120000e+02	4.096000e+04	6.589742e-01	7.044581e-03	2.264000e+00
1.0	6.400000e+02	4.096000e+04	6.589246e-01	7.882003e-03	2.264000e+00
1.0	7.580000e+02	4.096000e+04	6.584270e-01	6.577279e-03	2.264000e+00
1.0	8.760000e+02	4.096000e+04	6.567411e-01	6.997430e-03	2.264000e+00
1.0	1.024000e+03	4.096000e+04	6.589227e-01	6.774745e-03	2.264000e+00
1.0	1.280000e+03	4.096000e+04	6.589712e-01	7.605059e-03	2.264000e+00
1.0	1.536000e+03	4.096000e+04	6.571517e-01	7.051717e-03	2.264000e+00
1.0	1.280000e+02	4.096000e+04	6.034660e-01	1.354361e-02	2.268000e+00
1.0	2.560000e+02	4.096000e+04	6.035254e-01	1.790026e-02	2.268000e+00
1.0	3.840000e+02	4.096000e+04	6.034219e-01	2.182097e-02	2.268000e+00
1.0	5.120000e+02	4.096000e+04	6.036618e-01	2.200177e-02	2.268000e+00
1.0	6.400000e+02	4.096000e+04	6.037033e-01	2.623816e-02	2.268000e+00
1.0	7.580000e+02	4.096000e+04	6.035951e-01	2.468468e-02	2.268000e+00
1.0	8.760000e+02	4.096000e+04	6.029765e-01	2.693076e-02	2.268000e+00
1.0	1.024000e+03	4.096000e+04	6.034814e-01	2.865519e-02	2.268000e+00
1.0	1.280000e+03	4.096000e+04	6.034309e-01	3.457675e-02	2.268000e+00
1.0	1.536000e+03	4.096000e+04	5.997453e-01	3.244952e-02	2.268000e+00
1.0	1.280000e+02	4.096000e+04	6.047873e-01	1.425809e-02	2.272000e+00
1.0	2.560000e+02	4.096000e+04	6.048284e-01	1.945484e-02	2.272000e+00
1.0	3.840000e+02	4.096000e+04	6.034706e-01	2.365960e-02	2.272000e+00
1.0	5.120000e+02	4.096000e+04	6.047023e-01	2.613399e-02	2.272000e+00
1.0	6.400000e+02	4.096000e+04	6.049125e-01	2.826809e-02	2.272000e+00
1.0	7.580000e+02	4.096000e+04	6.022879e-01	2.975114e-02	2.272000e+00
1.0	8.760000e+02	4.096000e+04	6.000918e-01	3.028554e-02	2.272000e+00
1.0	1.024000e+03	4.096000e+04	6.048431e-01	2.796342e-02	2.272000e+00
1.0	1.280000e+03	4.096000e+04	6.046770e-01	2.591334e-02	2.272000e+00
1.0	1.536000e+03	4.096000e+04	6.015838e-01	2.909963e-02	2.272000e+00
1.0	1.280000e+02	4.096000e+04	4.334375e-01	2.249136e-02	2.276000e+00
1.0	2.560000e+02	4.096000e+04	4.336158e-01	3.088191e-02	2.276000e+00
1.0	3.840000e+02	4.096000e+04	4.343042e-01	3.658425e-02	2.276000e+00
1.0	5.120000e+02	4.096000e+04	4.333342e-01	4.098312e-02	2.276000e+00
1.0	6.400000e+02	4.096000e+04	4.338253e-01	4.504011e-02	2.276000e+00
1.0	7.580000e+02	4.096000e+04	4.360303e-01	4.705143e-02	2.276000e+00
1.0	8.760000e+02	4.096000e+04	4.397241e-01	5.327431e-02	2.276000e+00
1.0	1.024000e+03	4.096000e+04	4.331795e-01	4.799213e-02	2.276000e+00
1.0	1.280000e+03	4.096000e+04	4.334358e-01	5.275956e-02	2.276000e+00
1.0	1.536000e+03	4.096000e+04	4.572361e-01	5.811932e-02	2.276000e+00
1.0	1.280000e+02	4.096000e+04	4.910843e-01	1.814327e-02	2.280000e+00
1.0	2.560000e+02	4.096000e+04	4.911438e-01	2.489998e-02	2.280000e+00
1.0	3.840000e+02	4.096000e+04	4.977762e-01	2.866016e-02	2.280000e+00
1.0	5.120000e+02	4.096000e+04	4.910883e-01	3.323325e-02	2.280000e+00
1.0	6.400000e+02	4.096000e+04	4.913668e-01	3.534268e-02	2.280000e+00
1.0	7.580000e+02	4.096000e+04	4.986677e-01	3.881901e-02	2.280000e+00
1.0	8.760000e+02	4.096000e+04	5.036099e-01	3.877928e-02	2.280000e+00
1.0	1.024000e+03	4.096000e+04	4.908914e-01	4.223880e-02	2.280000e+00
1.0	1.280000e+03	4.096000e+04	4.909875e-01	4.691634e-02	2.280000e+00
1.0	1.536000e+03	4.096000e+04	5.219222e-01	3.246346e-02	2.280000e+00
1.0	1.280000e+02	4.096000e+04	5.041349e-01	1.376340e-02	2.284000e+00
1.0	2.560000e+02	4.096000e+04	5.041049e-01	1.768262e-02	2.284000e+00
1.0	3.840000e+02	4.096000e+04	5.038632e-01	2.017147e-02	2.284000e+00
1.0	5.120000e+02	4.096000e+04	5.040918e-01	1.954057e-02	2.284000e+00
1.0	6.400000e+02	4.096000e+04	5.038287e-01	2.205366e-02	2.284000e+00
1.0	7.580000e+02	4.096000e+04	5.027644e-01	1.874534e-02	2.284000e+00
1.0	8.760000e+02	4.096000e+04	4.997945e-01	2.268643e-02	2.284000e+00
1.0	1.024000e+03	4.096000e+04	5.039582e-01	2.293540e-02	2.284000e+00
1.0	1.280000e+03	4.096000e+04	5.041611e-01	1.349819e-02	2.284000e+00
1.0	1.536000e+03	4.096000e+04	4.958385e-01	9.302844e-03	2.284000e+00
1.0	1.280000e+02	4.096000e+04	3.703529e-01	2.022093e-02	2.288000e+00
1.0	2.560000e+02	4.096000e+04	3.703562e-01	2.720667e-02	2.288000e+00
1.0	3.840000e+02	4.096000e+04	3.678346e-01	3.252910e-02	2.288000e+00
1.0	5.120000e+02	4.096000e+04	3.706289e-01	3.250435e-02	2.288000e+00
1.0	6.400000e+02	4.096000e+04	3.704398e-01	3.630301e-02	2.288000e+00
1.0	7.580000e+02	4.096000e+04	3.635944e-01	3.387821e-02	2.288000e+00
1.0	8.760000e+02	4.096000e+04	3.592278e-01	3.284222e-02	2.288000e+00
1.0	1.024000e+03	4.096000e+04	3.703288e-01	4.179257e-02	2.288000e+00
1.0	1.280000e+03	4.096000e+04	3.705770e-01	3.543467e-02	2.288000e+00
1.0	1.536000e+03	4.096000e+04	3.562525e-01	3.493675e-02	2.288000e+00
1.0	1.280000e+02	4.096000e+04	3.851204e-01	2.205177e-02	2.292000e+00
1.0	2.560000e+02	4.096000e+04	3.851524e-01	3.045567e-02	2.292000e+00
1.0	3.840000e+02	4.096000e+04	3.929811e-01	3.459276e-02	2.292000e+00
1.0	5.120000e+02	4.096000e+04	3.849920e-01	4.026059e-02	2.292000e+00
1.0	6.400000e+02	4.096000e+04	3.851348e-01	4.142812e-02	2.292000e+00
1.0	7.580000e+02	4.096000e+04	3.973802e-01	4.046102e-02	2.292000e+00
1.0	8.760000e+02	4.096000e+04	4.037512e-01	4.250497e-02	2.292000e+00
1.0	1.024000e+03	4.096000e+04	3.856252e-01	4.789848e-02	2.292000e+00
1.0	1.280000e+03	4.096000e+04	3.853617e-01	5.256062e-02	2.292000e+00
1.0	1.536000e+03	4.096000e+04	4.137478e-01	5.290788e-02	2.292000e+00
1.0	1.280000e+02	4.096000e+04	3.864581e-01	2.061234e-02	2.296000e+00
1.0	2.560000e+02	4.096000e+04	3.865890e-01	2.790785e-02	2.296000e+00
1.0	3.840000e+02	4.096000e+04	3.945565e-01	3.233884e-02	2.296000e+00
1.0	5.120000e+02	4.096000e+04	3.864090e-01	3.811450e-02	2.296000e+00
1.0	6.400000e+02	4.096000e+04	3.867512e-01	4.087698e-02	2.296000e+00
1.0	7.580000e+02	4.096000e+04	3.985863e-01	4.119500e-02	2.296000e+00
1.0	8.760000e+02	4.096000e+04	3.999950e-01	4.115344e-02	2.296000e+00
1.0	1.024000e+03	4.096000e+04	3.863993e-01	4.512101e-02	2.296000e+00
1.0	1.280000e+03	4.096000e+04	3.866707e-01	5.147080e-02	2.296000e+00
1.0	1.536000e+03	4.096000e+04	3.982579e-01	5.788710e-02	2.296000e+00
1.0	1.280000e+02	4.096000e+04	3.087214e-01	1.949321e-02	2.300000e+00
1.0	2.560000e+02	4.096000e+04	3.086721e-01	2.622050e-02	2.300000e+00
1.0	3.840000e+02	4.096000e+04	3.130931e-01	3.052822e-02	2.300000e+00
1.0	5.120000e+02	4.096000e+04	3.087780e-01	3.328890e-02	2.300000e+00
1.0	6.400000e+02	4.096000e+04	3.085739e-01	3.792337e-02	2.300000e+00
1.0	7.580000e+02	4.096000e+04	3.153094e-01	3.563126e-02	2.300000e+00
1.0	8.760000e+02	4.096000e+04	3.204686e-01	4.077023e-02	2.300000e+00
1.0	1.024000e+03	4.096000e+04	3.083104e-01	3.948356e-02	2.300000e+00
1.0	1.280000e+03	4.096000e+04	3.088287e-01	4.685973e-02	2.300000e+00
1.0	1.536000e+03	4.096000e+04	3.273971e-01	4.669920e-02	2.300000e+00
1.0	1.280000e+02	4.096000e+04	3.471835e-01	1.943820e-02	2.304000e+00
1.0	2.560000e+02	4.096000e+04	3.470580e-01	2.579606e-02	2.304000e+00
1.0	3.840000e+02	4.096000e+04	3.509170e-01	3.092388e-02	2.304000e+00
1.0	5.120000e+02	4.096000e+04	3.473807e-01	3.439595e-02	2.304000e+00
1.0	6.400000e+02	4.096000e+04	3.474395e-01	3.814845e-02	2.304000e+00
1.0	7.580000e+02	4.096000e+04	3.511569e-01	3.889410e-02	2.304000e+00
1.0	8.760000e+02	4.096000e+04	3.516168e-01	3.914964e-02	2.304000e+00
1.0	1.024000e+03	4.096000e+04	3.472720e-01	3.841212e-02	2.304000e+00
1.0	1.280000e+03	4.096000e+04	3.470124e-01	3.983244e-02	2.304000e+00
1.0	1.536000e+03	4.096000e+04	3.501755e-01	4.023546e-02	2.304000e+00
1.0	1.280000e+02	4.096000e+04	3.003863e-01	1.716487e-02	2.308000e+00
1.0	2.560000e+02	4.096000e+04	3.003782e-01	2.109716e-02	2.308000e+00
1.0	3.840000e+02	4.096000e+04	2.959972e-01	2.439009e-02	2.308000e+00
1.0	5.120000e+02	4.096000e+04	3.002879e-01	2.277595e-02	2.308000e+00
1.0	6.400000e+02	4.096000e+04	3.002738e-01	2.875419e-02	2.308000e+00
1.0	7.580000e+02	4.096000e+04	2.991987e-01	2.725799e-02	2.308000e+00
1.0	8.760000e+02	4.096000e+04	3.036893e-01	2.234637e-02	2.308000e+00
1.0	1.024000e+03	4.096000e+04	3.004312e-01	2.550589e-02	2.308000e+00
1.0	1.280000e+03	4.096000e+04	3.003625e-01	2.742925e-02	2.308000e+00
1.0	1.536000e+03	4.096000e+04	2.976737e-01	1.895178e-02	2.308000e+00
1.0	1.280000e+02	4.096000e+04	2.908139e-01	1.830121e-02	2.312000e+00
1.0	2.560000e+02	4.096000e+04	2.906363e-01	2.428714e-02	2.312000e+00
1.0	3.840000e+02	4.096000e+04	2.831652e-01	2.699875e-02	2.312000e+00
1.0	5.120000e+02	4.096000e+04	2.905606e-01	2.969753e-02	2.312000e+00
1.0	6.400000e+02	4.096000e+04	2.904296e-01	3.164800e-02	2.312000e+00
1.0	7.580000e+02	4.096000e+04	2.796552e-01	3.035519e-02	2.312000e+00
1.0	8.760000e+02	4.096000e+04	2.787305e-01	3.629042e-02	2.312000e+00
1.0	1.024000e+03	4.096000e+04	2.906472e-01	2.914075e-02	2.312000e+00
1.0	1.280000e+03	4.096000e+04	2.903526e-01	3.750149e-02	2.312000e+00
1.0	1.536000e+03	4.096000e+04	2.748344e-01	3.203237e-02	2.312000e+00
1.0	1.280000e+02	4.096000e+04	2.488272e-01	1.584030e-02	2.316000e+00
1.0	2.560000e+02	4.096000e+04	2.487717e-01	2.050005e-02	2.316000e+00
1.0	3.840000e+02	4.096000e+04	2.486977e-01	2.308475e-02	2.316000e+00
1.0	5.120000e+02	4.096000e+04	2.488876e-01	2.250505e-02	2.316000e+00
1.0	6.400000e+02	4.096000e+04	2.487593e-01	2.524593e-02	2.316000e+00
1.0	7.580000e+02	4.096000e+04	2.498734e-01	2.695201e-02	2.316000e+00
1.0	8.760000e+02	4.096000e+04	2.515564e-01	2.698266e-02	2.316000e+00
1.0	1.024000e+03	4.096000e+04	2.488665e-01	2.546775e-02	2.316000e+00
1.0	1.280000e+03	4.096000e+04	2.490344e-01	2.849966e-02	2.316000e+00
1.0	1.536000e+03	4.096000e+04	2.524651e-01	3.007552e-02	2.316000e+00
1.0	1.280000e+02	4.096000e+04	2.091659e-01	1.254043e-02	2.320000e+00
1.0	2.560000e+02	4.096000e+04	2.090858e-01	1.596708e-02	2.320000e+00
1.0	3.840000e+02	4.096000e+04	2.103238e-01	1.782254e-02	2.320000e+00
1.0	5.120000e+02	4.096000e+04	2.091345e-01	1.913660e-02	2.320000e+00
1.0	6.400000e+02	4.096000e+04	2.090777e-01	1.850244e-02	2.320000e+00
1.0	7.580000e+02	4.096000e+04	2.090582e-01	1.887922e-02	2.320000e+00
1.0	8.760000e+02	4.096000e+04	2.080085e-01	1.864773e-02	2.320000e+00
1.0	1.024000e+03	4.096000e+04	2.090575e-01	1.863425e-02	2.320000e+00
1.0	1.280000e+03	4.096000e+04	2.090462e-01	1.968530e-02	2.320000e+00
1.0	1.536000e+03	4.096000e+04	2.053990e-01	1.677229e-02	2.320000e+00
1.0	1.280000e+02	4.096000e+04	2.210333e-01	1.323158e-02	2.324000e+00
1.0	2.560000e+02	4.096000e+04	2.210086e-01	1.571274e-02	2.324000e+00
1.0	3.840000e+02	4.096000e+04	2.179838e-01	1.748751e-02	2.324000e+00
1.0	5.120000e+02	4.096000e+04	2.210395e-01	1.917185e-02	2.324000e+00
1.0	6.400000e+02	4.096000e+04	2.211325e-01	2.000389e-02	2.324000e+00
1.0	7.580000e+02	4.096000e+04	2.168728e-01	2.176487e-02	2.324000e+00
1.0	8.760000e+02	4.096000e+04	2.176806e-01	2.183735e-02	2.324000e+00
1.0	1.024000e+03	4.096000e+04	2.212228e-01	2.450462e-02	2.324000e+00
1.0	1.280000e+03	4.096000e+04	2.211584e-01	2.243245e-02	2.324000e+00
1.0	1.536000e+03	4.096000e+04	2.135544e-01	2.195233e-02	2.324000e+00
1.0	1.280000e+02	4.096000e+04	2.090960e-01	1.352724e-02	2.328000e+00
1.0	2.560000e+02	4.096000e+04	2.089780e-01	1.740621e-02	2.328000e+00
1.0	3.840000e+02	4.096000e+04	2.126404e-01	1.892472e-02	2.328000e+00
1.0	5.120000e+02	4.096000e+04	2.090544e-01	2.207028e-02	2.328000e+00
1.0	6.400000e+02	4.096000e+04	2.089810e-01	2.119821e-02	2.328000e+00
1.0	7.580000e+02	4.096000e+04	2.142951e-01	2.143388e-02	2.328000e+00
1.0	8.760000e+02	4.096000e+04	2.166693e-01	2.191228e-02	2.328000e+00
1.0	1.024000e+03	4.096000e+04	2.088401e-01	2.815951e-02	2.328000e+00
1.0	1.280000e+03	4.096000e+04	2.091059e-01	2.153818e-02	2.328000e+00
1.0	1.536000e+03	4.096000e+04	2.226785e-01	1.929453e-02	2.328000e+00
1.0	1.280000e+02	4.096000e+04	2.012199e-01	1.392959e-02	2.332000e+00
1.0	2.560000e+02	4.096000e+04	2.011343e-01	1.801824e-02	2.332000e+00
1.0	3.840000e+02	4.096000e+04	2.034422e-01	1.937406e-02	2.332000e+00
1.0	5.120000e+02	4.096000e+04	2.011974e-01	2.133755e-02	2.332000e+00
1.0	6.400000e+02	4.096000e+04	2.013791e-01	2.379572e-02	2.332000e+00
1.0	7.580000e+02	4.096000e+04	2.050894e-01	2.207705e-02	2.332000e+00
1.0	8.760000e+02	4.096000e+04	2.082221e-01	1.817217e-02	2.332000e+00
1.0	1.024000e+03	4.096000e+04	2.010327e-01	2.484248e-02	2.332000e+00
1.0	1.280000e+03	4.096000e+04	2.012904e-01	2.154480e-02	2.332000e+00
1.0	1.536000e+03	4.096000e+04	2.145523e-01	1.531449e-02	2.332000e+00
1.0	1.280000e+02	4.096000e+04	2.480804e-01	1.601617e-02	2.336000e+00
1.0	2.560000e+02	4.096000e+04	2.480359e-01	2.050031e-02	2.336000e+00
1.0	3.840000e+02	4.096000e+04	2.431237e-01	2.175241e-02	2.336000e+00
1.0	5.120000e+02	4.096000e+04	2.479974e-01	2.482065e-02	2.336000e+00
1.0	6.400000e+02	4.096000e+04	2.479223e-01	2.353600e-02	2.336000e+00
1.0	7.580000e+02	4.096000e+04	2.450132e-01	2.516345e-02	2.336000e+00
1.0	8.760000e+02	4.096000e+04	2.464484e-01	2.865634e-02	2.336000e+00
1.0	1.024000e+03	4.096000e+04	2.481476e-01	2.552236e-02	2.336000e+00
1.0	1.280000e+03	4.096000e+04	2.483363e-01	3.113948e-02	2.336000e+00
1.0	1.536000e+03	4.096000e+04	2.454101e-01	2.378527e-02	2.336000e+00
1.0	1.280000e+02	4.096000e+04	2.151185e-01	1.232838e-02	2.340000e+00
1.0	2.560000e+02	4.096000e+04	2.152433e-01	1.404199e-02	2.340000e+00
1.0	3.840000e+02	4.096000e+04	2.167065e-01	1.524317e-02	2.340000e+00
1.0	5.120000e+02	4.096000e+04	2.151174e-01	1.444315e-02	2.340000e+00
1.0	6.400000e+02	4.096000e+04	2.151799e-01	1.625755e-02	2.340000e+00
1.0	7.580000e+02	4.096000e+04	2.164986e-01	1.671649e-02	2.340000e+00
1.0	8.760000e+02	4.096000e+04	2.181257e-01	1.645291e-02	2.340000e+00
1.0	1.024000e+03	4.096000e+04	2.151198e-01	1.696506e-02	2.340000e+00
1.0	1.280000e+03	4.096000e+04	2.152679e-01	1.780580e-02	2.340000e+00
1.0	1.536000e+03	4.096000e+04	2.180333e-01	2.086659e-02	2.340000e+00
1.0	1.280000e+02	4.096000e+04	1.504584e-01	1.083834e-02	2.344000e+00
1.0	2.560000e+02	4.096000e+04	1.506559e-01	1.252324e-02	2.344000e+00
1.0	3.840000e+02	4.096000e+04	1.519837e-01	1.247436e-02	2.344000e+00
1.0	5.120000e+02	4.096000e+04	1.505653e-01	1.331045e-02	2.344000e+00
1.0	6.400000e+02	4.096000e+04	1.505963e-01	1.201416e-02	2.344000e+00
1.0	7.580000e+02	4.096000e+04	1.533226e-01	1.432182e-02	2.344000e+00
1.0	8.760000e+02	4.096000e+04	1.503613e-01	1.049157e-02	2.344000e+00
1.0	1.024000e+03	4.096000e+04	1.506154e-01	8.067796e-03	2.344000e+00
1.0	1.280000e+03	4.096000e+04	1.504965e-01	8.206291e-03	2.344000e+00
1.0	1.536000e+03	4.096000e+04	1.479486e-01	1.018555e-02	2.344000e+00
1.0	1.280000e+02	4.096000e+04	1.555948e-01	9.629060e-03	2.348000e+00
1.0	2.560000e+02	4.096000e+04	1.555505e-01	1.168185e-02	2.348000e+00
1.0	3.840000e+02	4.096000e+04	1.559979e-01	1.190992e-02	2.348000e+00
1.0	5.120000e+02	4.096000e+04	1.556255e-01	1.455653e-02	2.348000e+00
1.0	6.400000e+02	4.096000e+04	1.555356e-01	1.282308e-02	2.348000e+00
1.0	7.580000e+02	4.096000e+04	1.551246e-01	1.296220e-02	2.348000e+00
1.0	8.760000e+02	4.096000e+04	1.544082e-01	1.554417e-02	2.348000e+00
1.0	1.024000e+03	4.096000e+04	1.555123e-01	1.469650e-02	2.348000e+00
1.0	1.280000e+03	4.096000e+04	1.554324e-01	1.681430e-02	2.348000e+00
1.0	1.536000e+03	4.096000e+04	1.515836e-01	1.725210e-02	2.348000e+00
1.0	1.280000e+02	4.096000e+04	1.415921e-01	9.184470e-03	2.352000e+00
1.0	2.560000e+02	4.096000e+04	1.414806e-01	1.007281e-02	2.352000e+00
1.0	3.840000e+02	4.096000e+04	1.407495e-01	1.108779e-02	2.352000e+00
1.0	5.120000e+02	4.096000e+04	1.416403e-01	1.194970e-02	2.352000e+00
1.0	6.400000e+02	4.096000e+04	1.415065e-01	1.121243e-02	2.352000e+00
1.0	7.580000e+02	4.096000e+04	1.399399e-01	1.057179e-02	2.352000e+00
1.0	8.760000e+02	4.096000e+04	1.407192e-01	1.085730e-02	2.352000e+00
1.0	1.024000e+03	4.096000e+04	1.415222e-01	8.704751e-03	2.352000e+00
1.0	1.280000e+03	4.096000e+04	1.415818e-01	1.061078e-02	2.352000e+00
1.0	1.536000e+03	4.096000e+04	1.430234e-01	1.001359e-02	2.352000e+00
1.0	1.280000e+02	4.096000e+04	1.435977e-01	1.028373e-02	2.356000e+00
1.0	2.560000e+02	4.096000e+04	1.436243e-01	1.258528e-02	2.356000e+00
1.0	3.840000e+02	4.096000e+04	1.416304e-01	1.291861e-02	2.356000e+00
1.0	5.120000e+02	4.096000e+04	1.435119e-01	1.258373e-02	2.356000e+00
1.0	6.400000e+02	4.096000e+04	1.435690e-01	1.415645e-02	2.356000e+00
1.0	7.580000e+02	4.096000e+04	1.406487e-01	1.400165e-02	2.356000e+00
1.0	8.760000e+02	4.096000e+04	1.377759e-01	1.434860e-02	2.356000e+00
1.0	1.024000e+03	4.096000e+04	1.435239e-01	1.540095e-02	2.356000e+00
1.0	1.280000e+03	4.096000e+04	1.435290e-01	1.541891e-02	2.356000e+00
1.0	1.536000e+03	4.096000e+04	1.384318e-01	1.175311e-02	2.356000e+00
1.0	1.280000e+02	4.096000e+04	1.382747e-01	9.356828e-03	2.360000e+00
1.0	2.560000e+02	4.096000e+04	1.383617e-01	1.241078e-02	2.360000e+00
1.0	3.840000e+02	4.096000e+04	1.372071e-01	1.378179e-02	2.360000e+00
1.0	5.120000e+02	4.096000e+04	1.384223e-01	1.263916e-02	2.360000e+00
1.0	6.400000e+02	4.096000e+04	1.380997e-01	1.235870e-02	2.360000e+00
1.0	7.580000e+02	4.096000e+04	1.383847e-01	1.035984e-02	2.360000e+00
1.0	8.760000e+02	4.096000e+04	1.402067e-01	1.011983e-02	2.360000e+00
1.0	1.024000e+03	4.096000e+04	1.381926e-01	7.279553e-03	2.360000e+00
1.0	1.280000e+03	4.096000e+04	1.381963e-01	8.385823e-03	2.360000e+00
1.0	1.536000e+03	4.096000e+04	1.425083e-01	7.497960e-03	2.360000e+00
1.0	1.280000e+02	4.096000e+04	1.272662e-01	7.355198e-03	2.364000e+00
1.0	2.560000e+02	4.096000e+04	1.272485e-01	9.527624e-03	2.364000e+00
1.0	3.840000e+02	4.096000e+04	1.279714e-01	8.722339e-03	2.364000e+00
1.0	5.120000e+02	4.096000e+04	1.272581e-01	9.085261e-03	2.364000e+00
1.0	6.400000e+02	4.096000e+04	1.272443e-01	8.379370e-03	2.364000e+00
1.0	7.580000e+02	4.096000e+04	1.287947e-01	8.274314e-03	2.364000e+00
1.0	8.760000e+02	4.096000e+04	1.306128e-01	9.278771e-03	2.364000e+00
1.0	1.024000e+03	4.096000e+04	1.272154e-01	1.034292e-02	2.364000e+00
1.0	1.280000e+03	4.096000e+04	1.272660e-01	1.012285e-02	2.364000e+00
1.0	1.536000e+03	4.096000e+04	1.333444e-01	4.973495e-03	2.364000e+00
1.0	1.280000e+02	4.096000e+04	1.398900e-01	9.519750e-03	2.368000e+00
1.0	2.560000e+02	4.096000e+04	1.398981e-01	1.189106e-02	2.368000e+00
1.0	3.840000e+02	4.096000e+04	1.413181e-01	1.154500e-02	2.368000e+00
1.0	5.120000e+02	4.096000e+04	1.398169e-01	1.316709e-02	2.368000e+00
1.0	6.400000e+02	4.096000e+04	1.397834e-01	1.429386e-02	2.368000e+00
1.0	7.580000e+02	4.096000e+04	1.418653e-01	1.272058e-02	2.368000e+00
1.0	8.760000e+02	4.096000e+04	1.423874e-01	1.473547e-02	2.368000e+00
1.0	1.024000e+03	4.096000e+04	1.399176e-01	1.192337e-02	2.368000e+00
1.0	1.280000e+03	4.096000e+04	1.398697e-01	1.327672e-02	2.368000e+00
1.0	1.536000e+03	4.096000e+04	1.396960e-01	1.178462e-02	2.368000e+00
1.0	1.280000e+02	4.096000e+04	1.237324e-01	8.089823e-03	2.372000e+00
1.0	2.560000e+02	4.096000e+04	1.237979e-01	9.168701e-03	2.372000e+00
1.0	3.840000e+02	4.096000e+04	1.243108e-01	9.270960e-03	2.372000e+00
1.0	5.120000e+02	4.096000e+04	1.237666e-01	9.890082e-03	2.372000e+00
1.0	6.400000e+02	4.096000e+04	1.237863e-01	7.344935e-03	2.372000e+00
1.0	7.580000e+02	4.096000e+04	1.245969e-01	8.036194e-03	2.372000e+00
1.0	8.760000e+02	4.096000e+04	1.255986e-01	9.106604e-03	2.372000e+00
1.0	1.024000e+03	4.096000e+04	1.237482e-01	7.712621e-03	2.372000e+00
1.0	1.280000e+03	4.096000e+04	1.238167e-01	8.553741e-03	2.372000e+00
1.0	1.536000e+03	4.096000e+04	1.275674e-01	6.926320e-03	2.372000e+00
1.0	1.280000e+02	4.096000e+04	1.189252e-01	5.852879e-03	2.376000e+00
1.0	2.560000e+02	4.096000e+04	1.189167e-01	6.953771e-03	2.376000e+00
1.0	3.840000e+02	4.096000e+04	1.197747e-01	7.051876e-03	2.376000e+00
1.0	5.120000e+02	4.096000e+04	1.189643e-01	8.127032e-03	2.376000e+00
1.0	6.400000e+02	4.096000e+04	1.188584e-01	5.992628e-03	2.376000e+00
1.0	7.580000e+02	4.096000e+04	1.199632e-01	7.279728e-03	2.376000e+00
1.0	8.760000e+02	4.096000e+04	1.188542e-01	6.888355e-03	2.376000e+00
1.0	1.024000e+03	4.096000e+04	1.188323e-01	7.916424e-03	2.376000e+00
1.0	1.280000e+03	4.096000e+04	1.189007e-01	4.954129e-03	2.376000e+00
1.0	1.536000e+03	4.096000e+04	1.201863e-01	7.882606e-03	2.376000e+00
1.0	1.280000e+02	4.096000e+04	1.281513e-01	7.242997e-03	2.380000e+00
1.0	2.560000e+02	4.096000e+04	1.281652e-01	8.393921e-03	2.380000e+00
1.0	3.840000e+02	4.096000e+04	1.279299e-01	9.221253e-03	2.380000e+00
1.0	5.120000e+02	4.096000e+04	1.281853e-01	8.672603e-03	2.380000e+00
1.0	6.400000e+02	4.096000e+04	1.280667e-01	8.598494e-03	2.380000e+00
1.0	7.580000e+02	4.096000e+04	1.283740e-01	9.021447e-03	2.380000e+00
1.0	8.760000e+02	4.096000e+04	1.298510e-01	9.966051e-03	2.380000e+00
1.0	1.024000e+03	4.096000e+04	1.282418e-01	9.784404e-03	2.380000e+00
1.0	1.280000e+03	4.096000e+04	1.281784e-01	9.383369e-03	2.380000e+00
1.0	1.536000e+03	4.096000e+04	1.288130e-01	1.256883e-02	2.380000e+00
1.0	1.280000e+02	4.096000e+04	1.115031e-01	5.957658e-03	2.384000e+00
1.0	2.560000e+02	4.096000e+04	1.115406e-01	6.366862e-03	2.384000e+00
1.0	3.840000e+02	4.096000e+04	1.126404e-01	6.193845e-03	2.384000e+00
1.0	5.120000e+02	4.096000e+04	1.115027e-01	6.311967e-03	2.384000e+00
1.0	6.400000e+02	4.096000e+04	1.115319e-01	5.632301e-03	2.384000e+00
1.0	7.580000e+02	4.096000e+04	1.119694e-01	5.512485e-03	2.384000e+00
1.0	8.760000e+02	4.096000e+04	1.089923e-01	5.122715e-03	2.384000e+00
1.0	1.024000e+03	4.096000e+04	1.115060e-01	5.191655e-03	2.384000e+00
1.0	1.280000e+03	4.096000e+04	1.115381e-01	5.423623e-03	2.384000e+00
1.0	1.536000e+03	4.096000e+04	1.092036e-01	5.970024e-03	2.384000e+00
1.0	1.280000e+02	4.096000e+04	1.138864e-01	6.139989e-03	2.388000e+00
1.0	2.560000e+02	4.096000e+04	1.138781e-01	6.244172e-03	2.388000e+00
1.0	3.840000e+02	4.096000e+04	1.127127e-01	6.614944e-03	2.388000e+00
1.0	5.120000e+02	4.096000e+04	1.138670e-01	6.647442e-03	2.388000e+00
1.0	6.400000e+02	4.096000e+04	1.139450e-01	4.749790e-03	2.388000e+00
1.0	7.580000e+02	4.096000e+04	1.122919e-01	5.426157e-03	2.388000e+00
1.0	8.760000e+02	4.096000e+04	1.127777e-01	6.020020e-03	2.388000e+00
1.0	1.024000e+03	4.096000e+04	1.138527e-01	6.539702e-03	2.388000e+00
1.0	1.280000e+03	4.096000e+04	1.138868e-01	3.849017e-03	2.388000e+00
1.0	1.536000e+03	4.096000e+04	1.137638e-01	4.276916e-03	2.388000e+00
1.0	1.280000e+02	4.096000e+04	1.099664e-01	5.419133e-03	2.392000e+00
1.0	2.560000e+02	4.096000e+04	1.099170e-01	5.780100e-03	2.392000e+00
1.0	3.840000e+02	4.096000e+04	1.083522e-01	5.395237e-03	2.392000e+00
1.0	5.120000e+02	4.096000e+04	1.099115e-01	4.662808e-03	2.392000e+00
1.0	6.400000e+02	4.096000e+04	1.099365e-01	4.420988e-03	2.392000e+00
1.0	7.580000e+02	4.096000e+04	1.091083e-01	4.099762e-03	2.392000e+00
1.0	8.760000e+02	4.096000e+04	1.095808e-01	4.263564e-03	2.392000e+00
1.0	1.024000e+03	4.096000e+04	1.099462e-01	4.094826e-03	2.392000e+00
1.0	1.280000e+03	4.096000e+04	1.098882e-01	4.527644e-03	2.392000e+00
1.0	1.536000e+03	4.096000e+04	1.086537e-01	3.345710e-03	2.392000e+00
1.0	1.280000e+02	4.096000e+04	1.035462e-01	5.508639e-03	2.396000e+00
1.0	2.560000e+02	4.096000e+04	1.035344e-01	5.946306e-03	2.396000e+00
1.0	3.840000e+02	4.096000e+04	1.044326e-01	6.685610e-03	2.396000e+00
1.0	5.120000e+02	4.096000e+04	1.035740e-01	5.469720e-03	2.396000e+00
1.0	6.400000e+02	4.096000e+04	1.035066e-01	5.969854e-03	2.396000e+00
1.0	7.580000e+02	4.096000e+04	1.044501e-01	6.278319e-03	2.396000e+00
1.0	8.760000e+02	4.096000e+04	1.019762e-01	5.997130e-03	2.396000e+00
1.0	1.024000e+03	4.096000e+04	1.035660e-01	6.805280e-03	2.396000e+00
1.0	1.280000e+03	4.096000e+04	1.035368e-01	6.348786e-03	2.396000e+00
1.0	1.536000e+03	4.096000e+04	1.032978e-01	7.072022e-03	2.396000e+00
1.0	1.280000e+02	4.096000e+04	9.507304e-02	5.335745e-03	2.400000e+00
1.0	2.560000e+02	4.096000e+04	9.509563e-02	6.089908e-03	2.400000e+00
1.0	3.840000e+02	4.096000e+04	9.586719e-02	5.180816e-03	2.400000e+00
1.0	5.120000e+02	4.096000e+04	9.503416e-02	6.383607e-03	2.400000e+00
1.0	6.400000e+02	4.096000e+04	9.503874e-02	5.899150e-03	2.400000e+00
1.0	7.580000e+02	4.096000e+04	9.604807e-02	6.472719e-03	2.400000e+00
1.0	8.760000e+02	4.096000e+04	9.592455e-02	6.269113e-03	2.400000e+00
1.0	1.024000e+03	4.096000e+04	9.505055e-02	4.453939e-03	2.400000e+00
1.0	1.280000e+03	4.096000e+04	9.498322e-02	7.192355e-03	2.400000e+00
1.0	1.536000e+03	4.096000e+04	9.338843e-02	7.668600e-03	2.400000e+00
1.0	1.280000e+02	4.096000e+04	8.930011e-02	4.113960e-03	2.416000e+00
1.0	2.560000e+02	4.096000e+04	8.921436e-02	4.589170e-03	2.416000e+00
1.0	3.840000e+02	4.096000e+04	8.949408e-02	4.915186e-03	2.416000e+00
1.0	5.120000e+02	4.096000e+04	8.927119e-02	4.435532e-03	2.416000e+00
1.0	6.400000e+02	4.096000e+04	8.923320e-02	5.230890e-03	2.416000e+00
1.0	7.580000e+02	4.096000e+04	8.950485e-02	5.921184e-03	2.416000e+00
1.0	8.760000e+02	4.096000e+04	8.899931e-02	5.040718e-03	2.416000e+00
1.0	1.024000e+03	4.096000e+04	8.924069e-02	4.024473e-03	2.416000e+00
1.0	1.280000e+03	4.096000e+04	8.923948e-02	5.304041e-03	2.416000e+00
1.0	1.536000e+03	4.096000e+04	8.969002e-02	5.998145e-03	2.416000e+00
1.0	1.280000e+02	4.096000e+04	1.015025e-01	5.134296e-03	2.432000e+00
1.0	2.560000e+02	4.096000e+04	1.015395e-01	5.264719e-03	2.432000e+00
1.0	3.840000e+02	4.096000e+04	1.007841e-01	4.740227e-03	2.432000e+00
1.0	5.120000e+02	4.096000e+04	1.015513e-01	5.344388e-03	2.432000e+00
1.0	6.400000e+02	4.096000e+04	1.015453e-01	4.230965e-03	2.432000e+00
1.0	7.580000e+02	4.096000e+04	1.010704e-01	5.684702e-03	2.432000e+00
1.0	8.760000e+02	4.096000e+04	1.001686e-01	4.353372e-03	2.432000e+00
1.0	1.024000e+03	4.096000e+04	1.015782e-01	5.358629e-03	2.432000e+00
1.0	1.280000e+03	4.096000e+04	1.015702e-01	4.837308e-03	2.432000e+00
1.0	1.536000e+03	4.096000e+04	9.844811e-02	5.427103e-03	2.432000e+00
1.0	1.280000e+02	4.096000e+04	7.451707e-02	3.238243e-03	2.448000e+00
1.0	2.560000e+02	4.096000e+04	7.449646e-02	3.243630e-03	2.448000e+00
1.0	3.840000e+02	4.096000e+04	7.426208e-02	3.261794e-03	2.448000e+00
1.0	5.120000e+02	4.096000e+04	7.450481e-02	2.699238e-03	2.448000e+00
1.0	6.400000e+02	4.096000e+04	7.451301e-02	4.037446e-03	2.448000e+00
1.0	7.580000e+02	4.096000e+04	7.465899e-02	2.841771e-03	2.448000e+00
1.0	8.760000e+02	4.096000e+04	7.421516e-02	2.499321e-03	2.448000e+00
1.0	1.024000e+03	4.096000e+04	7.450544e-02	2.946022e-03	2.448000e+00
1.0	1.280000e+03	4.096000e+04	7.453426e-02	3.596933e-03	2.448000e+00
1.0	1.536000e+03	4.096000e+04	7.438961e-02	3.242794e-03	2.448000e+00
1.0	1.280000e+02	4.096000e+04	7.203744e-02	3.038417e-03	2.464000e+00
1.0	2.560000e+02	4.096000e+04	7.202401e-02	2.846078e-03	2.464000e+00
1.0	3.840000e+02	4.096000e+04	7.179729e-02	2.772402e-03	2.464000e+00
1.0	5.120000e+02	4.096000e+04	7.202437e-02	2.421979e-03	2.464000e+00
1.0	6.400000e+02	4.096000e+04	7.206413e-02	2.947061e-03	2.464000e+00
1.0	7.580000e+02	4.096000e+04	7.178221e-02	2.343688e-03	2.464000e+00
1.0	8.760000e+02	4.096000e+04	7.239854e-02	2.606823e-03	2.464000e+00
1.0	1.024000e+03	4.096000e+04	7.203249e-02	2.205541e-03	2.464000e+00
1.0	1.280000e+03	4.096000e+04	7.201185e-02	2.792461e-03	2.464000e+00
1.0	1.536000e+03	4.096000e+04	7.108085e-02	1.994366e-03	2.464000e+00
1.0	1.280000e+02	4.096000e+04	7.128474e-02	2.816594e-03	2.480000e+00
1.0	2.560000e+02	4.096000e+04	7.131002e-02	2.819375e-03	2.480000e+00
1.0	3.840000e+02	4.096000e+04	7.112851e-02	2.188093e-03	2.480000e+00
1.0	5.120000e+02	4.096000e+04	7.129795e-02	2.220608e-03	2.480000e+00
1.0	6.400000e+02	4.096000e+04	7.130440e-02	2.407633e-03	2.480000e+00
1.0	7.580000e+02	4.096000e+04	7.128275e-02	2.470297e-03	2.480000e+00
1.0	8.760000e+02	4.096000e+04	7.180757e-02	2.513449e-03	2.480000e+00
1.0	1.024000e+03	4.096000e+04	7.129377e-02	2.446015e-03	2.480000e+00
1.0	1.280000e+03	4.096000e+04	7.130604e-02	2.403667e-03	2.480000e+00
1.0	1.536000e+03	4.096000e+04	7.133911e-02	2.585306e-03	2.480000e+00
1.0	1.280000e+02	4.096000e+04	7.288246e-02	2.896672e-03	2.496000e+00
1.0	2.560000e+02	4.096000e+04	7.289952e-02	3.251224e-03	2.496000e+00
1.0	3.840000e+02	4.096000e+04	7.201258e-02	3.184715e-03	2.496000e+00
1.0	5.120000e+02	4.096000e+04	7.291561e-02	2.732221e-03	2.496000e+00
1.0	6.400000e+02	4.096000e+04	7.289237e-02	2.823897e-03	2.496000e+00
1.0	7.580000e+02	4.096000e+04	7.243848e-02	3.408088e-03	2.496000e+00
1.0	8.760000e+02	4.096000e+04	7.303750e-02	3.543722e-03	2.496000e+00
1.0	1.024000e+03	4.096000e+04	7.292891e-02	3.291177e-03	2.496000e+00
1.0	1.280000e+03	4.096000e+04	7.291923e-02	2.242786e-03	2.496000e+00
1.0	1.536000e+03	4.096000e+04	7.410190e-02	2.244805e-03	2.496000e+00
1.0	1.280000e+02	4.096000e+04	6.372722e-02	2.066487e-03	2.512000e+00
1.0	2.560000e+02	4.096000e+04	6.373816e-02	1.834447e-03	2.512000e+00
1.0	3.840000e+02	4.096000e+04	6.344640e-02	1.943556e-03	2.512000e+00
1.0	5.120000e+02	4.096000e+04	6.372441e-02	2.195121e-03	2.512000e+00
1.0	6.400000e+02	4.096000e+04	6.374491e-02	1.967800e-03	2.512000e+00
1.0	7.580000e+02	4.096000e+04	6.384890e-02	1.780268e-03	2.512000e+00
1.0	8.760000e+02	4.096000e+04	6.390851e-02	1.576324e-03	2.512000e+00
1.0	1.024000e+03	4.096000e+04	6.374446e-02	1.520834e-03	2.512000e+00
1.0	1.280000e+03	4.096000e+04	6.374487e-02	1.404940e-03	2.512000e+00
1.0	1.536000e+03	4.096000e+04	6.463974e-02	1.522267e-03	2.512000e+00
1.0	1.280000e+02	4.096000e+04	5.688888e-02	1.680805e-03	2.528000e+00
1.0	2.560000e+02	4.096000e+04	5.687203e-02	1.867770e-03	2.528000e+00
1.0	3.840000e+02	4.096000e+04	5.662619e-02	1.615945e-03	2.528000e+00
1.0	5.120000e+02	4.096000e+04	5.688776e-02	1.984727e-03	2.528000e+00
1.0	6.400000e+02	4.096000e+04	5.688929e-02	1.612815e-03	2.528000e+00
1.0	7.580000e+02	4.096000e+04	5.679062e-02	1.660490e-03	2.528000e+00
1.0	8.760000e+02	4.096000e+04	5.710468e-02	1.748965e-03	2.528000e+00
1.0	1.024000e+03	4.096000e+04	5.687379e-02	1.554843e-03	2.528000e+00
1.0	1.280000e+03	4.096000e+04	5.691229e-02	1.671385e-03	2.528000e+00
1.0	1.536000e+03	4.096000e+04	5.669994e-02	1.503584e-03	2.528000e+00
1.0	1.280000e+02	4.096000e+04	5.812104e-02	1.904958e-03	2.544000e+00
1.0	2.560000e+02	4.096000e+04	5.813620e-02	1.977847e-03	2.544000e+00
1.0	3.840000e+02	4.096000e+04	5.810364e-02	1.465501e-03	2.544000e+00
1.0	5.120000e+02	4.096000e+04	5.812966e-02	1.660594e-03	2.544000e+00
1.0	6.400000e+02	4.096000e+04	5.811536e-02	2.029996e-03	2.544000e+00
1.0	7.580000e+02	4.096000e+04	5.837526e-02	1.879899e-03	2.544000e+00
1.0	8.760000e+02	4.096000e+04	5.836346e-02	1.738896e-03	2.544000e+00
1.0	1.024000e+03	4.096000e+04	5.812320e-02	1.592903e-03	2.544000e+00
1.0	1.280000e+03	4.096000e+04	5.812745e-02	1.840374e-03	2.544000e+00
1.0	1.536000e+03	4.096000e+04	5.856674e-02	1.677376e-03	2.544000e+00
1.0	1.280000e+02	4.096000e+04	5.450479e-02	1.716090e-03	2.560000e+00
1.0	2.560000e+02	4.096000e+04	5.452645e-02	1.880856e-03	2.560000e+00
1.0	3.840000e+02	4.096000e+04	5.423526e-02	1.863694e-03	2.560000e+00
1.0	5.120000e+02	4.096000e+04	5.451533e-02	1.599104e-03	2.560000e+00
1.0	6.400000e+02	4.096000e+04	5.450196e-02	1.759309e-03	2.560000e+00
1.0	7.580000e+02	4.096000e+04	5.443083e-02	1.675038e-03	2.560000e+00
1.0	8.760000e+02	4.096000e+04	5.476152e-02	1.694611e-03	2.560000e+00
1.0	1.024000e+03	4.096000e+04	5.452382e-02	1.897886e-03	2.560000e+00
1.0	1.280000e+03	4.096000e+04	5.450976e-02	1.789117e-03	2.560000e+00
1.0	1.536000e+03	4.096000e+04	5.502345e-02	2.135447e-03	2.560000e+00
1.0	1.280000e+02	4.096000e+04	5.342062e-02	1.506082e-03	2.576000e+00
1.0	2.560000e+02	4.096000e+04	5.341617e-02	1.539672e-03	2.576000e+00
1.0	3.840000e+02	4.096000e+04	5.290824e-02	1.381160e-03	2.576000e+00
1.0	5.120000e+02	4.096000e+04	5.341765e-02	1.733044e-03	2.576000e+00
1.0	6.400000e+02	4.096000e+04	5.341264e-02	1.927341e-03	2.576000e+00
1.0	7.580000e+02	4.096000e+04	5.284305e-02	1.723341e-03	2.576000e+00
1.0	8.760000e+02	4.096000e+04	5.274586e-02	1.515045e-03	2.576000e+00
1.0	1.024000e+03	4.096000e+04	5.341290e-02	1.620309e-03	2.576000e+00
1.0	1.280000e+03	4.096000e+04	5.342463e-02	1.758565e-03	2.576000e+00
1.0	1.536000e+03	4.096000e+04	5.262620e-02	2.122309e-03	2.576000e+00
1.0	1.280000e+02	4.096000e+04	4.962158e-02	1.224032e-03	2.592000e+00
1.0	2.560000e+02	4.096000e+04	4.961960e-02	1.114021e-03	2.592000e+00
1.0	3.840000e+02	4.096000e+04	4.954823e-02	9.781448e-04	2.592000e+00
1.0	5.120000e+02	4.096000e+04	4.961072e-02	1.002083e-03	2.592000e+00
1.0	6.400000e+02	4.096000e+04	4.961427e-02	1.076752e-03	2.592000e+00
1.0	7.580000e+02	4.096000e+04	4.974869e-02	1.102708e-03	2.592000e+00
1.0	8.760000e+02	4.096000e+04	4.952355e-02	1.240194e-03	2.592000e+00
1.0	1.024000e+03	4.096000e+04	4.961462e-02	1.230361e-03	2.592000e+00
1.0	1.280000e+03	4.096000e+04	4.962265e-02	1.032169e-03	2.592000e+00
1.0	1.536000e+03	4.096000e+04	4.965144e-02	1.218186e-03	2.592000e+00
1.0	1.280000e+02	4.096000e+04	5.065717e-02	1.253530e-03	2.608000e+00
1.0	2.560000e+02	4.096000e+04	5.063690e-02	1.257109e-03	2.608000e+00
1.0	3.840000e+02	4.096000e+04	5.029402e-02	1.487010e-03	2.608000e+00
1.0	5.120000e+02	4.096000e+04	5.066058e-02	1.245352e-03	2.608000e+00
1.0	6.400000e+02	4.096000e+04	5.065964e-02	1.285130e-03	2.608000e+00
1.0	7.580000e+02	4.096000e+04	5.025148e-02	1.245306e-03	2.608000e+00
1.0	8.760000e+02	4.096000e+04	5.023004e-02	1.336124e-03	2.608000e+00
1.0	1.024000e+03	4.096000e+04	5.065559e-02	1.257622e-03	2.608000e+00
1.0	1.280000e+03	4.096000e+04	5.064061e-02	1.372082e-03	2.608000e+00
1.0	1.536000e+03	4.096000e+04	5.005374e-02	1.710915e-03	2.608000e+00
1.0	1.280000e+02	4.096000e+04	4.554155e-02	1.031183e-03	2.624000e+00
1.0	2.560000e+02	4.096000e+04	4.554448e-02	1.150382e-03	2.624000e+00
1.0	3.840000e+02	4.096000e+04	4.545829e-02	1.067983e-03	2.624000e+00
1.0	5.120000e+02	4.096000e+04	4.555032e-02	1.184218e-03	2.624000e+00
1.0	6.400000e+02	4.096000e+04	4.554345e-02	1.317914e-03	2.624000e+00
1.0	7.580000e+02	4.096000e+04	4.533550e-02	1.399254e-03	2.624000e+00
1.0	8.760000e+02	4.096000e+04	4.522776e-02	1.403340e-03	2.624000e+00
1.0	1.024000e+03	4.096000e+04	4.555031e-02	1.071262e-03	2.624000e+00
1.0	1.280000e+03	4.096000e+04	4.554217e-02	1.558341e-03	2.624000e+00
1.0	1.536000e+03	4.096000e+04	4.553061e-02	1.296558e-03	2.624000e+00
1.0	1.280000e+02	4.096000e+04	4.510469e-02	1.109620e-03	2.640000e+00
1.0	2.560000e+02	4.096000e+04	4.509016e-02	1.294514e-03	2.640000e+00
1.0	3.840000e+02	4.096000e+04	4.501599e-02	1.271753e-03	2.640000e+00
1.0	5.120000e+02	4.096000e+04	4.510996e-02	1.325455e-03	2.640000e+00
1.0	6.400000e+02	4.096000e+04	4.510057e-02	1.003494e-03	2.640000e+00
1.0	7.580000e+02	4.096000e+04	4.518801e-02	1.146141e-03	2.640000e+00
1.0	8.760000e+02	4.096000e+04	4.507144e-02	1.038924e-03	2.640000e+00
1.0	1.024000e+03	4.096000e+04	4.509887e-02	1.441120e-03	2.640000e+00
1.0	1.280000e+03	4.096000e+04	4.512255e-02	1.148478e-03	2.640000e+00
1.0	1.536000e+03	4.096000e+04	4.438750e-02	1.309090e-03	2.640000e+00
1.0	1.280000e+02	4.096000e+04	4.333887e-02	9.524457e-04	2.656000e+00
1.0	2.560000e+02	4.096000e+04	4.333713e-02	9.781383e-04	2.656000e+00
1.0	3.840000e+02	4.096000e+04	4.333911e-02	1.019494e-03	2.656000e+00
1.0	5.120000e+02	4.096000e+04	4.333966e-02	1.018646e-03	2.656000e+00
1.0	6.400000e+02	4.096000e+04	4.333423e-02	7.850398e-04	2.656000e+00
1.0	7.580000e+02	4.096000e+04	4.350459e-02	1.038814e-03	2.656000e+00
1.0	8.760000e+02	4.096000e+04	4.320929e-02	1.116856e-03	2.656000e+00
1.0	1.024000e+03	4.096000e+04	4.333685e-02	1.241799e-03	2.656000e+00
1.0	1.280000e+03	4.096000e+04	4.334239e-02	8.617718e-04	2.656000e+00
1.0	1.536000e+03	4.096000e+04	4.336704e-02	1.112124e-03	2.656000e+00
1.0	1.280000e+02	4.096000e+04	4.356670e-02	9.943114e-04	2.672000e+00
1.0	2.560000e+02	4.096000e+04	4.357323e-02	9.987985e-04	2.672000e+00
1.0	3.840000e+02	4.096000e+04	4.366792e-02	9.880809e-04	2.672000e+00
1.0	5.120000e+02	4.096000e+04	4.356945e-02	9.553050e-04	2.672000e+00
1.0	6.400000e+02	4.096000e+04	4.356024e-02	9.507590e-04	2.672000e+00
1.0	7.580000e+02	4.096000e+04	4.372293e-02	9.245550e-04	2.672000e+00
1.0	8.760000e+02	4.096000e+04	4.373588e-02	7.892921e-04	2.672000e+00
1.0	1.024000e+03	4.096000e+04	4.356622e-02	8.791985e-04	2.672000e+00
1.0	1.280000e+03	4.096000e+04	4.356316e-02	1.029334e-03	2.672000e+00
1.0	1.536000e+03	4.096000e+04	4.361899e-02	8.619735e-04	2.672000e+00
1.0	1.280000e+02	4.096000e+04	4.163755e-02	8.301288e-04	2.688000e+00
1.0	2.560000e+02	4.096000e+04	4.164513e-02	8.088459e-04	2.688000e+00
1.0	3.840000e+02	4.096000e+04	4.153212e-02	8.866805e-04	2.688000e+00
1.0	5.120000e+02	4.096000e+04	4.163676e-02	7.081265e-04	2.688000e+00
1.0	6.400000e+02	4.096000e+04	4.164643e-02	8.795485e-04	2.688000e+00
1.0	7.580000e+02	4.096000e+04	4.168729e-02	7.955963e-04	2.688000e+00
1.0	8.760000e+02	4.096000e+04	4.182694e-02	7.147969e-04	2.688000e+00
1.0	1.024000e+03	4.096000e+04	4.163805e-02	6.167402e-04	2.688000e+00
1.0	1.280000e+03	4.096000e+04	4.164278e-02	7.996331e-04	2.688000e+00
1.0	1.536000e+03	4.096000e+04	4.152818e-02	6.589502e-04	2.688000e+00
1.0	1.280000e+02	4.096000e+04	4.087283e-02	7.803606e-04	2.704000e+00
1.0	2.560000e+02	4.096000e+04	4.086472e-02	8.304895e-04	2.704000e+00
1.0	3.840000e+02	4.096000e+04	4.107796e-02	8.692241e-04	2.704000e+00
1.0	5.120000e+02	4.096000e+04	4.086137e-02	8.769053e-04	2.704000e+00
1.0	6.400000e+02	4.096000e+04	4.086904e-02	9.040311e-04	2.704000e+00
1.0	7.580000e+02	4.096000e+04	4.125656e-02	8.310468e-04	2.704000e+00
1.0	8.760000e+02	4.096000e+04	4.151311e-02	8.405889e-04	2.704000e+00
1.0	1.024000e+03	4.096000e+04	4.086926e-02	9.607716e-04	2.704000e+00
1.0	1.280000e+03	4.096000e+04	4.087490e-02	8.493119e-04	2.704000e+00
1.0	1.536000e+03	4.096000e+04	4.148948e-02	8.677705e-04	2.704000e+00
1.0	1.280000e+02	4.096000e+04	3.931368e-02	7.458642e-04	2.720000e+00
1.0	2.560000e+02	4.096000e+04	3.931141e-02	7.076478e-04	2.720000e+00
1.0	3.840000e+02	4.096000e+04	3.940238e-02	6.648303e-04	2.720000e+00
1.0	5.120000e+02	4.096000e+04	3.931211e-02	7.014110e-04	2.720000e+00
1.0	6.400000e+02	4.096000e+04	3.931192e-02	6.434667e-04	2.720000e+00
1.0	7.580000e+02	4.096000e+04	3.937844e-02	6.491661e-04	2.720000e+00
1.0	8.760000e+02	4.096000e+04	3.939621e-02	9.776851e-04	2.720000e+00
1.0	1.024000e+03	4.096000e+04	3.931981e-02	7.448672e-04	2.720000e+00
1.0	1.280000e+03	4.096000e+04	3.931970e-02	5.991071e-04	2.720000e+00
1.0	1.536000e+03	4.096000e+04	3.943499e-02	6.228771e-04	2.720000e+00
1.0	1.280000e+02	4.096000e+04	3.764596e-02	7.231638e-04	2.736000e+00
1.0	2.560000e+02	4.096000e+04	3.763556e-02	7.929848e-04	2.736000e+00
1.0	3.840000e+02	4.096000e+04	3.768467e-02	9.094520e-04	2.736000e+00
1.0	5.120000e+02	4.096000e+04	3.764380e-02	8.612319e-04	2.736000e+00
1.0	6.400000e+02	4.096000e+04	3.764502e-02	9.735073e-04	2.736000e+00
1.0	7.580000e+02	4.096000e+04	3.770299e-02	8.969334e-04	2.736000e+00
1.0	8.760000e+02	4.096000e+04	3.777189e-02	1.175542e-03	2.736000e+00
1.0	1.024000e+03	4.096000e+04	3.764312e-02	8.754616e-04	2.736000e+00
1.0	1.280000e+03	4.096000e+04	3.764426e-02	7.774116e-04	2.736000e+00
1.0	1.536000e+03	4.096000e+04	3.753940e-02	9.152129e-04	2.736000e+00
1.0	1.280000e+02	4.096000e+04	3.719712e-02	7.400593e-04	2.752000e+00
1.0	2.560000e+02	4.096000e+04	3.719475e-02	7.230291e-04	2.752000e+00
1.0	3.840000e+02	4.096000e+04	3.698387e-02	5.897146e-04	2.752000e+00
1.0	5.120000e+02	4.096000e+04	3.719371e-02	7.281034e-04	2.752000e+00
1.0	6.400000e+02	4.096000e+04	3.719215e-02	4.733981e-04	2.752000e+00
1.0	7.580000e+02	4.096000e+04	3.681951e-02	3.882912e-04	2.752000e+00
1.0	8.760000e+02	4.096000e+04	3.682785e-02	5.181493e-04	2.752000e+00
1.0	1.024000e+03	4.096000e+04	3.719254e-02	5.649398e-04	2.752000e+00
1.0	1.280000e+03	4.096000e+04	3.719331e-02	3.287184e-04	2.752000e+00
1.0	1.536000e+03	4.096000e+04	3.690428e-02	5.263274e-04	2.752000e+00
1.0	1.280000e+02	4.096000e+04	3.562130e-02	6.765757e-04	2.792000e+00
1.0	2.560000e+02	4.096000e+04	3.561669e-02	6.502189e-04	2.792000e+00
1.0	3.840000e+02	4.096000e+04	3.565822e-02	7.461564e-04	2.792000e+00
1.0	5.120000e+02	4.096000e+04	3.561433e-02	6.313086e-04	2.792000e+00
1.0	6.400000e+02	4.096000e+04	3.561553e-02	5.515329e-04	2.792000e+00
1.0	7.580000e+02	4.096000e+04	3.568085e-02	7.481444e-04	2.792000e+00
1.0	8.760000e+02	4.096000e+04	3.578679e-02	5.779557e-04	2.792000e+00
1.0	1.024000e+03	4.096000e+04	3.561960e-02	6.222084e-04	2.792000e+00
1.0	1.280000e+03	4.096000e+04	3.562112e-02	5.853150e-04	2.792000e+00
1.0	1.536000e+03	4.096000e+04	3.601510e-02	3.925597e-04	2.792000e+00
1.0	1.280000e+02	4.096000e+04	3.331272e-02	5.586015e-04	2.856000e+00
1.0	2.560000e+02	4.096000e+04	3.330925e-02	5.648557e-04	2.856000e+00
1.0	3.840000e+02	4.096000e+04	3.356055e-02	4.620373e-04	2.856000e+00
1.0	5.120000e+02	4.096000e+04	3.330636e-02	5.765494e-04	2.856000e+00
1.0	6.400000e+02	4.096000e+04	3.331192e-02	6.132575e-04	2.856000e+00
1.0	7.580000e+02	4.096000e+04	3.347618e-02	4.663440e-04	2.856000e+00
1.0	8.760000e+02	4.096000e+04	3.363180e-02	4.957542e-04	2.856000e+00
1.0	1.024000e+03	4.096000e+04	3.331004e-02	5.739512e-04	2.856000e+00
1.0	1.280000e+03	4.096000e+04	3.330701e-02	3.510658e-04	2.856000e+00
1.0	1.536000e+03	4.096000e+04	3.357520e-02	4.513097e-04	2.856000e+00
1.0	1.280000e+02	4.096000e+04	3.117428e-02	5.078022e-04	2.920000e+00
1.0	2.560000e+02	4.096000e+04	3.116841e-02	5.208533e-04	2.920000e+00
1.0	3.840000e+02	4.096000e+04	3.116596e-02	4.845618e-04	2.920000e+00
1.0	5.120000e+02	4.096000e+04	3.116621e-02	5.278601e-04	2.920000e+00
1.0	6.400000e+02	4.096000e+04	3.116678e-02	4.644459e-04	2.920000e+00
1.0	7.580000e+02	4.096000e+04	3.118078e-02	5.890471e-04	2.920000e+00
1.0	8.760000e+02	4.096000e+04	3.113966e-02	5.744179e-04	2.920000e+00
1.0	1.024000e+03	4.096000e+04	3.116859e-02	4.449225e-04	2.920000e+00
1.0	1.280000e+03	4.096000e+04	3.116517e-02	5.246966e-04	2.920000e+00
1.0	1.536000e+03	4.096000e+04	3.125488e-02	4.558141e-04	2.920000e+00
1.0	1.280000e+02	4.096000e+04	2.859461e-02	4.156120e-04	2.984000e+00
1.0	2.560000e+02	4.096000e+04	2.859700e-02	3.730064e-04	2.984000e+00
1.0	3.840000e+02	4.096000e+04	2.862441e-02	3.741543e-04	2.984000e+00
1.0	5.120000e+02	4.096000e+04	2.859539e-02	4.320366e-04	2.984000e+00
1.0	6.400000e+02	4.096000e+04	2.859560e-02	3.855432e-04	2.984000e+00
1.0	7.580000e+02	4.096000e+04	2.860526e-02	4.311735e-04	2.984000e+00
1.0	8.760000e+02	4.096000e+04	2.869151e-02	2.171277e-04	2.984000e+00
1.0	1.024000e+03	4.096000e+04	2.859476e-02	3.521912e-04	2.984000e+00
1.0	1.280000e+03	4.096000e+04	2.859452e-02	3.449090e-04	2.984000e+00
1.0	1.536000e+03	4.096000e+04	2.882103e-02	3.278538e-04	2.984000e+00
1.0	1.280000e+02	4.096000e+04	2.743491e-02	3.550997e-04	3.048000e+00
1.0	2.560000e+02	4.096000e+04	2.743519e-02	2.961027e-04	3.048000e+00
1.0	3.840000e+02	4.096000e+04	2.729902e-02	3.450813e-04	3.048000e+00
1.0	5.120000e+02	4.096000e+04	2.743367e-02	3.282061e-04	3.048000e+00
1.0	6.400000e+02	4.096000e+04	2.743341e-02	3.433596e-04	3.048000e+00
1.0	7.580000e+02	4.096000e+04	2.735584e-02	3.468591e-04	3.048000e+00
1.0	8.760000e+02	4.096000e+04	2.735295e-02	2.301647e-04	3.048000e+00
1.0	1.024000e+03	4.096000e+04	2.743239e-02	2.403919e-04	3.048000e+00
1.0	1.280000e+03	4.096000e+04	2.743363e-02	2.854234e-04	3.048000e+00
1.0	1.536000e+03	4.096000e+04	2.734930e-02	2.238821e-04	3.048000e+00
1.0	1.280000e+02	4.096000e+04	2.579101e-02	3.924016e-04	3.112000e+00
1.0	2.560000e+02	4.096000e+04	2.578720e-02	4.506361e-04	3.112000e+00
1.0	3.840000e+02	4.096000e+04	2.574891e-02	4.742554e-04	3.112000e+00
1.0	5.120000e+02	4.096000e+04	2.579025e-02	4.316514e-04	3.112000e+00
1.0	6.400000e+02	4.096000e+04	2.579106e-02	3.418820e-04	3.112000e+00
1.0	7.580000e+02	4.096000e+04	2.581650e-02	4.641072e-04	3.112000e+00
1.0	8.760000e+02	4.096000e+04	2.576616e-02	3.774462e-04	3.112000e+00
1.0	1.024000e+03	4.096000e+04	2.579296e-02	5.391430e-04	3.112000e+00
1.0	1.280000e+03	4.096000e+04	2.578772e-02	3.459986e-04	3.112000e+00
1.0	1.536000e+03	4.096000e+04	2.588516e-02	5.644779e-04	3.112000e+00
1.0	1.280000e+02	4.096000e+04	2.469469e-02	3.095532e-04	3.176000e+00
1.0	2.560000e+02	4.096000e+04	2.469912e-02	2.742543e-04	3.176000e+00
1.0	3.840000e+02	4.096000e+04	2.475009e-02	3.059081e-04	3.176000e+00
1.0	5.120000e+02	4.096000e+04	2.469743e-02	2.685844e-04	3.176000e+00
1.0	6.400000e+02	4.096000e+04	2.469671e-02	2.895916e-04	3.176000e+00
1.0	7.580000e+02	4.096000e+04	2.475702e-02	3.674669e-04	3.176000e+00
1.0	8.760000e+02	4.096000e+04	2.459911e-02	3.135723e-04	3.176000e+00
1.0	1.024000e+03	4.096000e+04	2.469655e-02	3.100491e-04	3.176000e+00
1.0	1.280000e+03	4.096000e+04	2.469934e-02	3.877469e-04	3.176000e+00
1.0	1.536000e+03	4.096000e+04	2.455842e-02	4.046837e-04	3.176000e+00
1.0	1.280000e+02	4.096000e+04	2.383626e-02	2.596676e-04	3.240000e+00
1.0	2.560000e+02	4.096000e+04	2.383783e-02	2.605301e-04	3.240000e+00
1.0	3.840000e+02	4.096000e+04	2.389339e-02	2.376311e-04	3.240000e+00
1.0	5.120000e+02	4.096000e+04	2.383623e-02	1.974358e-04	3.240000e+00
1.0	6.400000e+02	4.096000e+04	2.383551e-02	2.695346e-04	3.240000e+00
1.0	7.580000e+02	4.096000e+04	2.389993e-02	1.655756e-04	3.240000e+00
1.0	8.760000e+02	4.096000e+04	2.391032e-02	2.295895e-04	3.240000e+00
1.0	1.024000e+03	4.096000e+04	2.383468e-02	1.792414e-04	3.240000e+00
1.0	1.280000e+03	4.096000e+04	2.383550e-02	2.647995e-04	3.240000e+00
1.0	1.536000e+03	4.096000e+04	2.387201e-02	2.136186e-04	3.240000e+00
1.0	1.280000e+02	4.096000e+04	2.296361e-02	2.610447e-04	3.304000e+00
1.0	2.560000e+02	4.096000e+04	2.296397e-02	2.563752e-04	3.304000e+00
1.0	3.840000e+02	4.096000e+04	2.295987e-02	2.485864e-04	3.304000e+00
1.0	5.120000e+02	4.096000e+04	2.296336e-02	1.922682e-04	3.304000e+00
1.0	6.400000e+02	4.096000e+04	2.296332e-02	1.734603e-04	3.304000e+00
1.0	7.580000e+02	4.096000e+04	2.299276e-02	1.618721e-04	3.304000e+00
1.0	8.760000e+02	4.096000e+04	2.296290e-02	1.478333e-04	3.304000e+00
1.0	1.024000e+03	4.096000e+04	2.296427e-02	1.644638e-04	3.304000e+00
1.0	1.280000e+03	4.096000e+04	2.296349e-02	1.307319e-04	3.304000e+00
1.0	1.536000e+03	4.096000e+04	2.297535e-02	1.258012e-04	3.304000e+00
1.0	1.280000e+02	4.096000e+04	2.163765e-02	2.470847e-04	3.368000e+00
1.0	2.560000e+02	4.096000e+04	2.163871e-02	2.350101e-04	3.368000e+00
1.0	3.840000e+02	4.096000e+04	2.156956e-02	1.889353e-04	3.368000e+00
1.0	5.120000e+02	4.096000e+04	2.163944e-02	1.688377e-04	3.368000e+00
1.0	6.400000e+02	4.096000e+04	2.163899e-02	1.893892e-04	3.368000e+00
1.0	7.580000e+02	4.096000e+04	2.157075e-02	2.292903e-04	3.368000e+00
1.0	8.760000e+02	4.096000e+04	2.165668e-02	2.136792e-04	3.368000e+00
1.0	1.024000e+03	4.096000e+04	2.163992e-02	1.752300e-04	3.368000e+00
1.0	1.280000e+03	4.096000e+04	2.163911e-02	1.617400e-04	3.368000e+00
1.0	1.536000e+03	4.096000e+04	2.166848e-02	1.708614e-04	3.368000e+00
1.0	1.280000e+02	4.096000e+04	2.112677e-02	2.131738e-04	3.432000e+00
1.0	2.560000e+02	4.096000e+04	2.112803e-02	2.239447e-04	3.432000e+00
1.0	3.840000e+02	4.096000e+04	2.110555e-02	2.540377e-04	3.432000e+00
1.0	5.120000e+02	4.096000e+04	2.112778e-02	2.413331e-04	3.432000e+00
1.0	6.400000e+02	4.096000e+04	2.112759e-02	2.307066e-04	3.432000e+00
1.0	7.580000e+02	4.096000e+04	2.110622e-02	2.577008e-04	3.432000e+00
1.0	8.760000e+02	4.096000e+04	2.111652e-02	2.770378e-04	3.432000e+00
1.0	1.024000e+03	4.096000e+04	2.112917e-02	2.979294e-04	3.432000e+00
1.0	1.280000e+03	4.096000e+04	2.112918e-02	2.747653e-04	3.432000e+00
1.0	1.536000e+03	4.096000e+04	2.102705e-02	3.407783e-04	3.432000e+00
1.0	1.280000e+02	4.096000e+04	2.027808e-02	2.307688e-04	3.496000e+00
1.0	2.560000e+02	4.096000e+04	2.027785e-02	2.350153e-04	3.496000e+00
1.0	3.840000e+02	4.096000e+04	2.024016e-02	2.370158e-04	3.496000e+00
1.0	5.120000e+02	4.096000e+04	2.027682e-02	2.685905e-04	3.496000e+00
1.0	6.400000e+02	4.096000e+04	2.027613e-02	2.506341e-04	3.496000e+00
1.0	7.580000e+02	4.096000e+04	2.020920e-02	2.104372e-04	3.496000e+00
1.0	8.760000e+02	4.096000e+04	2.017317e-02	2.871979e-04	3.496000e+00
1.0	1.024000e+03	4.096000e+04	2.027811e-02	2.547255e-04	3.496000e+00
1.0	1.280000e+03	4.096000e+04	2.027646e-02	3.105565e-04	3.496000e+00
1.0	1.536000e+03	4.096000e+04	2.010631e-02	2.063599e-04	3.496000e+00
1.0	1.280000e+02	4.096000e+04	2.004929e-02	2.312848e-04	3.560000e+00
1.0	2.560000e+02	4.096000e+04	2.005207e-02	2.299987e-04	3.560000e+00
1.0	3.840000e+02	4.096000e+04	2.006647e-02	2.023332e-04	3.560000e+00
1.0	5.120000e+02	4.096000e+04	2.004983e-02	2.331455e-04	3.560000e+00
1.0	6.400000e+02	4.096000e+04	2.004981e-02	2.152030e-04	3.560000e+00
1.0	7.580000e+02	4.096000e+04	2.005383e-02	2.616617e-04	3.560000e+00
1.0	8.760000e+02	4.096000e+04	2.007326e-02	1.705771e-04	3.560000e+00
1.0	1.024000e+03	4.096000e+04	2.004966e-02	1.995339e-04	3.560000e+00
1.0	1.280000e+03	4.096000e+04	2.004987e-02	1.610777e-04	3.560000e+00
1.0	1.536000e+03	4.096000e+04	2.001997e-02	2.154867e-04	3.560000e+00
1.0	1.280000e+02	4.096000e+04	1.949418e-02	2.102060e-04	3.624000e+00
1.0	2.560000e+02	4.096000e+04	1.949359e-02	2.085960e-04	3.624000e+00
1.0	3.840000e+02	4.096000e+04	1.955000e-02	1.975796e-04	3.624000e+00
1.0	5.120000e+02	4.096000e+04	1.949420e-02	1.843624e-04	3.624000e+00
1.0	6.400000e+02	4.096000e+04	1.949344e-02	1.755820e-04	3.624000e+00
1.0	7.580000e+02	4.096000e+04	1.955817e-02	1.464336e-04	3.624000e+00
1.0	8.760000e+02	4.096000e+04	1.953001e-02	1.920740e-04	3.624000e+00
1.0	1.024000e+03	4.096000e+04	1.949360e-02	1.689546e-04	3.624000e+00
1.0	1.280000e+03	4.096000e+04	1.949384e-02	1.761232e-04	3.624000e+00
1.0	1.536000e+03	4.096000e+04	1.950976e-02	1.734212e-04	3.624000e+00
