1.0	1.280000e+02	4.096000e+04	1.000000e+00	0.000000e+00	5.000000e-02
1.0	2.560000e+02	4.096000e+04	1.000000e+00	0.000000e+00	5.000000e-02
1.0	3.840000e+02	4.096000e+04	1.000000e+00	0.000000e+00	5.000000e-02
1.0	5.120000e+02	4.096000e+04	1.000000e+00	0.000000e+00	5.000000e-02
1.0	6.400000e+02	4.096000e+04	1.000000e+00	0.000000e+00	5.000000e-02
1.0	7.580000e+02	4.096000e+04	1.000000e+00	0.000000e+00	5.000000e-02
1.0	8.760000e+02	4.096000e+04	1.000000e+00	0.000000e+00	5.000000e-02
1.0	1.024000e+03	4.096000e+04	1.000000e+00	0.000000e+00	5.000000e-02
1.0	1.280000e+03	4.096000e+04	1.000000e+00	0.000000e+00	5.000000e-02
1.0	1.536000e+03	4.096000e+04	1.000000e+00	0.000000e+00	5.000000e-02
1.0	1.280000e+02	4.096000e+04	1.000000e+00	0.000000e+00	2.500000e-01
1.0	2.560000e+02	4.096000e+04	1.000000e+00	0.000000e+00	2.500000e-01
1.0	3.840000e+02	4.096000e+04	1.000000e+00	0.000000e+00	2.500000e-01
1.0	5.120000e+02	4.096000e+04	1.000000e+00	0.000000e+00	2.500000e-01
1.0	6.400000e+02	4.096000e+04	1.000000e+00	0.000000e+00	2.500000e-01
1.0	7.580000e+02	4.096000e+04	1.000000e+00	0.000000e+00	2.500000e-01
1.0	8.760000e+02	4.096000e+04	1.000000e+00	0.000000e+00	2.500000e-01
1.0	1.024000e+03	4.096000e+04	1.000000e+00	0.000000e+00	2.500000e-01
1.0	1.280000e+03	4.096000e+04	1.000000e+00	0.000000e+00	2.500000e-01
1.0	1.536000e+03	4.096000e+04	1.000000e+00	0.000000e+00	2.500000e-01
1.0	1.280000e+02	4.096000e+04	1.000000e+00	0.000000e+00	4.500000e-01
1.0	2.560000e+02	4.096000e+04	1.000000e+00	0.000000e+00	4.500000e-01
1.0	3.840000e+02	4.096000e+04	1.000000e+00	0.000000e+00	4.500000e-01
1.0	5.120000e+02	4.096000e+04	1.000000e+00	0.000000e+00	4.500000e-01
1.0	6.400000e+02	4.096000e+04	1.000000e+00	0.000000e+00	4.500000e-01
1.0	7.580000e+02	4.096000e+04	1.000000e+00	0.000000e+00	4.500000e-01
1.0	8.760000e+02	4.096000e+04	1.000000e+00	0.000000e+00	4.500000e-01
1.0	1.024000e+03	4.096000e+04	1.000000e+00	0.000000e+00	4.500000e-01
1.0	1.280000e+03	4.096000e+04	1.000000e+00	0.000000e+00	4.500000e-01
1.0	1.536000e+03	4.096000e+04	1.000000e+00	0.000000e+00	4.500000e-01
1.0	1.280000e+02	4.096000e+04	9.999915e-01	1.702609e-06	6.500000e-01
1.0	2.560000e+02	4.096000e+04	9.999915e-01	1.780979e-06	6.500000e-01
1.0	3.840000e+02	4.096000e+04	9.999913e-01	1.673408e-06	6.500000e-01
1.0	5.120000e+02	4.096000e+04	9.999915e-01	1.788004e-06	6.500000e-01
1.0	6.400000e+02	4.096000e+04	9.999915e-01	1.914478e-06	6.500000e-01
1.0	7.580000e+02	4.096000e+04	9.999915e-01	1.654580e-06	6.500000e-01
1.0	8.760000e+02	4.096000e+04	9.999913e-01	1.748515e-06	6.500000e-01
1.0	1.024000e+03	4.096000e+04	9.999915e-01	1.938031e-06	6.500000e-01
1.0	1.280000e+03	4.096000e+04	9.999915e-01	1.760899e-06	6.500000e-01
1.0	1.536000e+03	4.096000e+04	9.999909e-01	1.769964e-06	6.500000e-01
1.0	1.280000e+02	4.096000e+04	9.998341e-01	8.051202e-06	8.500000e-01
1.0	2.560000e+02	4.096000e+04	9.998342e-01	8.589852e-06	8.500000e-01
1.0	3.840000e+02	4.096000e+04	9.998366e-01	9.145168e-06	8.500000e-01
1.0	5.120000e+02	4.096000e+04	9.998341e-01	8.619475e-06	8.500000e-01
1.0	6.400000e+02	4.096000e+04	9.998342e-01	7.325899e-06	8.500000e-01
1.0	7.580000e+02	4.096000e+04	9.998365e-01	6.401885e-06	8.500000e-01
1.0	8.760000e+02	4.096000e+04	9.998353e-01	8.400257e-06	8.500000e-01
1.0	1.024000e+03	4.096000e+04	9.998341e-01	8.219090e-06	8.500000e-01
1.0	1.280000e+03	4.096000e+04	9.998342e-01	7.575377e-06	8.500000e-01
1.0	1.536000e+03	4.096000e+04	9.998365e-01	6.766847e-06	8.500000e-01
1.0	1.280000e+02	4.096000e+04	9.989313e-01	2.203069e-05	1.050000e+00
1.0	2.560000e+02	4.096000e+04	9.989313e-01	1.980983e-05	1.050000e+00
1.0	3.840000e+02	4.096000e+04	9.989341e-01	1.972068e-05	1.050000e+00
1.0	5.120000e+02	4.096000e+04	9.989313e-01	1.826478e-05	1.050000e+00
1.0	6.400000e+02	4.096000e+04	9.989312e-01	1.434066e-05	1.050000e+00
1.0	7.580000e+02	4.096000e+04	9.989298e-01	1.737313e-05	1.050000e+00
1.0	8.760000e+02	4.096000e+04	9.989311e-01	2.116691e-05	1.050000e+00
1.0	1.024000e+03	4.096000e+04	9.989311e-01	1.772030e-05	1.050000e+00
1.0	1.280000e+03	4.096000e+04	9.989312e-01	1.311534e-05	1.050000e+00
1.0	1.536000e+03	4.096000e+04	9.989402e-01	8.492343e-06	1.050000e+00
1.0	1.280000e+02	4.096000e+04	9.959546e-01	3.643046e-05	1.250000e+00
1.0	2.560000e+02	4.096000e+04	9.959547e-01	3.875526e-05	1.250000e+00
1.0	3.840000e+02	4.096000e+04	9.959601e-01	4.010595e-05	1.250000e+00
1.0	5.120000e+02	4.096000e+04	9.959550e-01	4.746445e-05	1.250000e+00
1.0	6.400000e+02	4.096000e+04	9.959552e-01	4.413843e-05	1.250000e+00
1.0	7.580000e+02	4.096000e+04	9.959645e-01	4.909521e-05	1.250000e+00
1.0	8.760000e+02	4.096000e+04	9.959682e-01	5.061357e-05	1.250000e+00
1.0	1.024000e+03	4.096000e+04	9.959549e-01	4.847075e-05	1.250000e+00
1.0	1.280000e+03	4.096000e+04	9.959548e-01	5.686874e-05	1.250000e+00
1.0	1.536000e+03	4.096000e+04	9.959867e-01	6.308544e-05	1.250000e+00
1.0	1.280000e+02	4.096000e+04	9.891834e-01	8.964373e-05	1.450000e+00
1.0	2.560000e+02	4.096000e+04	9.891838e-01	9.266652e-05	1.450000e+00
1.0	3.840000e+02	4.096000e+04	9.891729e-01	8.801165e-05	1.450000e+00
1.0	5.120000e+02	4.096000e+04	9.891840e-01	8.744417e-05	1.450000e+00
1.0	6.400000e+02	4.096000e+04	9.891844e-01	9.664196e-05	1.450000e+00
1.0	7.580000e+02	4.096000e+04	9.891722e-01	7.870222e-05	1.450000e+00
1.0	8.760000e+02	4.096000e+04	9.891662e-01	6.578741e-05	1.450000e+00
1.0	1.024000e+03	4.096000e+04	9.891833e-01	6.988277e-05	1.450000e+00
1.0	1.280000e+03	4.096000e+04	9.891834e-01	9.365396e-05	1.450000e+00
1.0	1.536000e+03	4.096000e+04	9.891414e-01	7.575267e-05	1.450000e+00
1.0	1.280000e+02	4.096000e+04	9.752908e-01	1.600326e-04	1.650000e+00
1.0	2.560000e+02	4.096000e+04	9.752929e-01	1.661229e-04	1.650000e+00
1.0	3.840000e+02	4.096000e+04	9.753533e-01	1.799087e-04	1.650000e+00
1.0	5.120000e+02	4.096000e+04	9.752896e-01	1.927200e-04	1.650000e+00
1.0	6.400000e+02	4.096000e+04	9.752917e-01	1.569275e-04	1.650000e+00
1.0	7.580000e+02	4.096000e+04	9.753413e-01	1.590244e-04	1.650000e+00
1.0	8.760000e+02	4.096000e+04	9.753689e-01	1.663138e-04	1.650000e+00
1.0	1.024000e+03	4.096000e+04	9.752911e-01	2.208580e-04	1.650000e+00
1.0	1.280000e+03	4.096000e+04	9.752912e-01	1.667254e-04	1.650000e+00
1.0	1.536000e+03	4.096000e+04	9.753915e-01	1.953071e-04	1.650000e+00
1.0	1.280000e+02	4.096000e+04	9.482980e-01	3.725898e-04	1.850000e+00
1.0	2.560000e+02	4.096000e+04	9.483019e-01	3.809506e-04	1.850000e+00
1.0	3.840000e+02	4.096000e+04	9.483191e-01	4.064271e-04	1.850000e+00
1.0	5.120000e+02	4.096000e+04	9.483018e-01	4.097356e-04	1.850000e+00
1.0	6.400000e+02	4.096000e+04	9.483019e-01	5.214702e-04	1.850000e+00
1.0	7.580000e+02	4.096000e+04	9.483409e-01	4.571370e-04	1.850000e+00
1.0	8.760000e+02	4.096000e+04	9.482687e-01	4.701166e-04	1.850000e+00
1.0	1.024000e+03	4.096000e+04	9.483002e-01	4.234641e-04	1.850000e+00
1.0	1.280000e+03	4.096000e+04	9.482996e-01	4.996897e-04	1.850000e+00
1.0	1.536000e+03	4.096000e+04	9.482722e-01	4.929938e-04	1.850000e+00
1.0	1.280000e+02	4.096000e+04	9.125133e-01	7.982172e-04	2.000000e+00
1.0	2.560000e+02	4.096000e+04	9.125130e-01	8.217592e-04	2.000000e+00
1.0	3.840000e+02	4.096000e+04	9.128396e-01	6.156177e-04	2.000000e+00
1.0	5.120000e+02	4.096000e+04	9.125111e-01	6.788878e-04	2.000000e+00
1.0	6.400000e+02	4.096000e+04	9.125138e-01	5.591368e-04	2.000000e+00
1.0	7.580000e+02	4.096000e+04	9.129093e-01	7.349674e-04	2.000000e+00
1.0	8.760000e+02	4.096000e+04	9.127118e-01	6.837868e-04	2.000000e+00
1.0	1.024000e+03	4.096000e+04	9.125200e-01	4.818581e-04	2.000000e+00
1.0	1.280000e+03	4.096000e+04	9.125238e-01	6.450454e-04	2.000000e+00
1.0	1.536000e+03	4.096000e+04	9.124783e-01	6.854488e-04	2.000000e+00
1.0	1.280000e+02	4.096000e+04	9.062722e-01	1.029011e-03	2.016000e+00
1.0	2.560000e+02	4.096000e+04	9.062674e-01	9.718174e-04	2.016000e+00
1.0	3.840000e+02	4.096000e+04	9.063024e-01	9.342460e-04	2.016000e+00
1.0	5.120000e+02	4.096000e+04	9.062745e-01	9.309455e-04	2.016000e+00
1.0	6.400000e+02	4.096000e+04	9.062623e-01	8.123505e-04	2.016000e+00
1.0	7.580000e+02	4.096000e+04	9.062616e-01	6.604014e-04	2.016000e+00
1.0	8.760000e+02	4.096000e+04	9.059271e-01	8.586661e-04	2.016000e+00
1.0	1.024000e+03	4.096000e+04	9.062638e-01	6.752980e-04	2.016000e+00
1.0	1.280000e+03	4.096000e+04	9.062667e-01	6.878614e-04	2.016000e+00
1.0	1.536000e+03	4.096000e+04	9.063138e-01	8.053569e-04	2.016000e+00
1.0	1.280000e+02	4.096000e+04	8.974245e-01	1.451715e-03	2.032000e+00
1.0	2.560000e+02	4.096000e+04	8.974362e-01	1.384952e-03	2.032000e+00
1.0	3.840000e+02	4.096000e+04	8.972405e-01	1.411905e-03	2.032000e+00
1.0	5.120000e+02	4.096000e+04	8.974410e-01	1.267163e-03	2.032000e+00
1.0	6.400000e+02	4.096000e+04	8.974423e-01	1.569656e-03	2.032000e+00
1.0	7.580000e+02	4.096000e+04	8.972969e-01	1.229048e-03	2.032000e+00
1.0	8.760000e+02	4.096000e+04	8.973054e-01	1.667029e-03	2.032000e+00
1.0	1.024000e+03	4.096000e+04	8.974353e-01	1.542232e-03	2.032000e+00
1.0	1.280000e+03	4.096000e+04	8.974309e-01	1.496473e-03	2.032000e+00
1.0	1.536000e+03	4.096000e+04	8.976709e-01	9.717740e-04	2.032000e+00
1.0	1.280000e+02	4.096000e+04	8.940236e-01	1.054444e-03	2.048000e+00
1.0	2.560000e+02	4.096000e+04	8.940334e-01	8.885937e-04	2.048000e+00
1.0	3.840000e+02	4.096000e+04	8.940420e-01	9.302220e-04	2.048000e+00
1.0	5.120000e+02	4.096000e+04	8.940322e-01	6.991942e-04	2.048000e+00
1.0	6.400000e+02	4.096000e+04	8.940320e-01	7.236184e-04	2.048000e+00
1.0	7.580000e+02	4.096000e+04	8.939495e-01	8.349654e-04	2.048000e+00
1.0	8.760000e+02	4.096000e+04	8.939809e-01	9.273654e-04	2.048000e+00
1.0	1.024000e+03	4.096000e+04	8.940348e-01	7.290242e-04	2.048000e+00
1.0	1.280000e+03	4.096000e+04	8.940341e-01	7.796835e-04	2.048000e+00
1.0	1.536000e+03	4.096000e+04	8.936948e-01	6.706583e-04	2.048000e+00
1.0	1.280000e+02	4.096000e+04	8.867628e-01	1.212754e-03	2.064000e+00
1.0	2.560000e+02	4.096000e+04	8.867595e-01	1.187125e-03	2.064000e+00
1.0	3.840000e+02	4.096000e+04	8.870448e-01	1.339388e-03	2.064000e+00
1.0	5.120000e+02	4.096000e+04	8.867642e-01	1.273825e-03	2.064000e+00
1.0	6.400000e+02	4.096000e+04	8.867638e-01	1.303224e-03	2.064000e+00
1.0	7.580000e+02	4.096000e+04	8.875359e-01	9.576301e-04	2.064000e+00
1.0	8.760000e+02	4.096000e+04	8.873321e-01	1.153393e-03	2.064000e+00
1.0	1.024000e+03	4.096000e+04	8.867679e-01	1.380225e-03	2.064000e+00
1.0	1.280000e+03	4.096000e+04	8.867638e-01	1.340077e-03	2.064000e+00
1.0	1.536000e+03	4.096000e+04	8.875233e-01	1.019296e-03	2.064000e+00
1.0	1.280000e+02	4.096000e+04	8.803852e-01	1.305979e-03	2.080000e+00
1.0	2.560000e+02	4.096000e+04	8.804051e-01	1.302310e-03	2.080000e+00
1.0	3.840000e+02	4.096000e+04	8.801585e-01	1.347748e-03	2.080000e+00
1.0	5.120000e+02	4.096000e+04	8.803967e-01	1.250717e-03	2.080000e+00
1.0	6.400000e+02	4.096000e+04	8.804119e-01	1.318082e-03	2.080000e+00
1.0	7.580000e+02	4.096000e+04	8.801836e-01	1.328977e-03	2.080000e+00
1.0	8.760000e+02	4.096000e+04	8.801702e-01	1.356355e-03	2.080000e+00
1.0	1.024000e+03	4.096000e+04	8.804041e-01	1.214703e-03	2.080000e+00
1.0	1.280000e+03	4.096000e+04	8.804112e-01	1.612395e-03	2.080000e+00
1.0	1.536000e+03	4.096000e+04	8.799110e-01	1.508669e-03	2.080000e+00
1.0	1.280000e+02	4.096000e+04	8.692487e-01	1.596793e-03	2.096000e+00
1.0	2.560000e+02	4.096000e+04	8.692630e-01	1.502940e-03	2.096000e+00
1.0	3.840000e+02	4.096000e+04	8.697703e-01	1.617997e-03	2.096000e+00
1.0	5.120000e+02	4.096000e+04	8.692411e-01	1.447998e-03	2.096000e+00
1.0	6.400000e+02	4.096000e+04	8.692398e-01	1.411581e-03	2.096000e+00
1.0	7.580000e+02	4.096000e+04	8.695986e-01	2.116948e-03	2.096000e+00
1.0	8.760000e+02	4.096000e+04	8.693982e-01	1.461014e-03	2.096000e+00
1.0	1.024000e+03	4.096000e+04	8.692488e-01	1.320260e-03	2.096000e+00
1.0	1.280000e+03	4.096000e+04	8.692440e-01	1.389122e-03	2.096000e+00
1.0	1.536000e+03	4.096000e+04	8.693175e-01	1.313734e-03	2.096000e+00
1.0	1.280000e+02	4.096000e+04	8.593004e-01	3.171506e-03	2.112000e+00
1.0	2.560000e+02	4.096000e+04	8.593301e-01	3.725958e-03	2.112000e+00
1.0	3.840000e+02	4.096000e+04	8.588999e-01	3.838667e-03	2.112000e+00
1.0	5.120000e+02	4.096000e+04	8.593182e-01	4.191150e-03	2.112000e+00
1.0	6.400000e+02	4.096000e+04	8.593185e-01	4.046497e-03	2.112000e+00
1.0	7.580000e+02	4.096000e+04	8.592935e-01	4.202026e-03	2.112000e+00
1.0	8.760000e+02	4.096000e+04	8.588536e-01	4.825725e-03	2.112000e+00
1.0	1.024000e+03	4.096000e+04	8.593086e-01	3.845748e-03	2.112000e+00
1.0	1.280000e+03	4.096000e+04	8.592970e-01	2.917391e-03	2.112000e+00
1.0	1.536000e+03	4.096000e+04	8.587530e-01	4.821834e-03	2.112000e+00
1.0	1.280000e+02	4.096000e+04	8.502088e-01	2.415664e-03	2.128000e+00
1.0	2.560000e+02	4.096000e+04	8.502070e-01	2.638172e-03	2.128000e+00
1.0	3.840000e+02	4.096000e+04	8.498417e-01	2.603819e-03	2.128000e+00
1.0	5.120000e+02	4.096000e+04	8.502155e-01	2.852889e-03	2.128000e+00
1.0	6.400000e+02	4.096000e+04	8.501951e-01	2.642725e-03	2.128000e+00
1.0	7.580000e+02	4.096000e+04	8.498296e-01	2.782021e-03	2.128000e+00
1.0	8.760000e+02	4.096000e+04	8.500673e-01	2.540490e-03	2.128000e+00
1.0	1.024000e+03	4.096000e+04	8.501801e-01	2.934567e-03	2.128000e+00
1.0	1.280000e+03	4.096000e+04	8.502162e-01	3.031362e-03	2.128000e+00
1.0	1.536000e+03	4.096000e+04	8.494727e-01	2.426590e-03	2.128000e+00
1.0	1.280000e+02	4.096000e+04	8.420417e-01	3.362546e-03	2.144000e+00
1.0	2.560000e+02	4.096000e+04	8.420219e-01	3.386951e-03	2.144000e+00
1.0	3.840000e+02	4.096000e+04	8.417787e-01	3.405065e-03	2.144000e+00
1.0	5.120000e+02	4.096000e+04	8.420030e-01	3.319488e-03	2.144000e+00
1.0	6.400000e+02	4.096000e+04	8.419851e-01	3.875839e-03	2.144000e+00
1.0	7.580000e+02	4.096000e+04	8.417049e-01	3.318143e-03	2.144000e+00
1.0	8.760000e+02	4.096000e+04	8.412449e-01	3.178362e-03	2.144000e+00
1.0	1.024000e+03	4.096000e+04	8.420270e-01	2.644608e-03	2.144000e+00
1.0	1.280000e+03	4.096000e+04	8.420200e-01	4.214288e-03	2.144000e+00
1.0	1.536000e+03	4.096000e+04	8.412538e-01	3.927439e-03	2.144000e+00
1.0	1.280000e+02	4.096000e+04	8.335924e-01	2.349791e-03	2.160000e+00
1.0	2.560000e+02	4.096000e+04	8.335899e-01	2.465395e-03	2.160000e+00
1.0	3.840000e+02	4.096000e+04	8.332707e-01	2.384444e-03	2.160000e+00
1.0	5.120000e+02	4.096000e+04	8.335880e-01	2.219612e-03	2.160000e+00
1.0	6.400000e+02	4.096000e+04	8.336019e-01	1.969463e-03	2.160000e+00
1.0	7.580000e+02	4.096000e+04	8.332400e-01	2.065574e-03	2.160000e+00
1.0	8.760000e+02	4.096000e+04	8.329239e-01	2.536071e-03	2.160000e+00
1.0	1.024000e+03	4.096000e+04	8.335833e-01	1.498344e-03	2.160000e+00
1.0	1.280000e+03	4.096000e+04	8.336023e-01	1.947787e-03	2.160000e+00
1.0	1.536000e+03	4.096000e+04	8.332527e-01	2.431204e-03	2.160000e+00
1.0	1.280000e+02	4.096000e+04	8.148406e-01	4.166809e-03	2.176000e+00
1.0	2.560000e+02	4.096000e+04	8.148605e-01	3.859112e-03	2.176000e+00
1.0	3.840000e+02	4.096000e+04	8.150219e-01	3.981092e-03	2.176000e+00
1.0	5.120000e+02	4.096000e+04	8.148213e-01	3.893282e-03	2.176000e+00
1.0	6.400000e+02	4.096000e+04	8.148541e-01	3.664866e-03	2.176000e+00
1.0	7.580000e+02	4.096000e+04	8.147549e-01	3.775984e-03	2.176000e+00
1.0	8.760000e+02	4.096000e+04	8.140782e-01	3.281738e-03	2.176000e+00
1.0	1.024000e+03	4.096000e+04	8.148822e-01	4.410111e-03	2.176000e+00
1.0	1.280000e+03	4.096000e+04	8.148793e-01	3.610741e-03	2.176000e+00
1.0	1.536000e+03	4.096000e+04	8.134787e-01	3.589419e-03	2.176000e+00
1.0	1.280000e+02	4.096000e+04	7.989226e-01	5.110721e-03	2.192000e+00
1.0	2.560000e+02	4.096000e+04	7.989018e-01	5.180869e-03	2.192000e+00
1.0	3.840000e+02	4.096000e+04	7.984260e-01	5.443324e-03	2.192000e+00
1.0	5.120000e+02	4.096000e+04	7.989016e-01	4.402182e-03	2.192000e+00
1.0	6.400000e+02	4.096000e+04	7.989822e-01	4.858843e-03	2.192000e+00
1.0	7.580000e+02	4.096000e+04	7.983433e-01	4.532932e-03	2.192000e+00
1.0	8.760000e+02	4.096000e+04	7.989386e-01	4.388283e-03	2.192000e+00
1.0	1.024000e+03	4.096000e+04	7.989180e-01	4.264518e-03	2.192000e+00
1.0	1.280000e+03	4.096000e+04	7.989308e-01	3.987465e-03	2.192000e+00
1.0	1.536000e+03	4.096000e+04	7.974803e-01	3.360339e-03	2.192000e+00
1.0	1.280000e+02	4.096000e+04	7.811459e-01	7.787672e-03	2.208000e+00
1.0	2.560000e+02	4.096000e+04	7.811492e-01	8.339878e-03	2.208000e+00
1.0	3.840000e+02	4.096000e+04	7.813079e-01	8.386382e-03	2.208000e+00
1.0	5.120000e+02	4.096000e+04	7.810990e-01	8.494740e-03	2.208000e+00
1.0	6.400000e+02	4.096000e+04	7.811089e-01	9.180077e-03	2.208000e+00
1.0	7.580000e+02	4.096000e+04	7.809341e-01	8.512202e-03	2.208000e+00
1.0	8.760000e+02	4.096000e+04	7.801183e-01	9.054678e-03	2.208000e+00
1.0	1.024000e+03	4.096000e+04	7.811966e-01	8.045840e-03	2.208000e+00
1.0	1.280000e+03	4.096000e+04	7.811968e-01	9.199691e-03	2.208000e+00
1.0	1.536000e+03	4.096000e+04	7.783418e-01	8.528190e-03	2.208000e+00
1.0	1.280000e+02	4.096000e+04	7.490643e-01	8.852419e-03	2.224000e+00
1.0	2.560000e+02	4.096000e+04	7.489718e-01	9.775204e-03	2.224000e+00
1.0	3.840000e+02	4.096000e+04	7.485183e-01	9.567684e-03	2.224000e+00
1.0	5.120000e+02	4.096000e+04	7.490377e-01	1.168857e-02	2.224000e+00
1.0	6.400000e+02	4.096000e+04	7.490979e-01	1.026779e-02	2.224000e+00
1.0	7.580000e+02	4.096000e+04	7.479888e-01	9.214100e-03	2.224000e+00
1.0	8.760000e+02	4.096000e+04	7.473304e-01	9.531951e-03	2.224000e+00
1.0	1.024000e+03	4.096000e+04	7.490264e-01	9.412084e-03	2.224000e+00
1.0	1.280000e+03	4.096000e+04	7.489822e-01	9.877920e-03	2.224000e+00
1.0	1.536000e+03	4.096000e+04	7.458678e-01	1.141451e-02	2.224000e+00
1.0	1.280000e+02	4.096000e+04	7.501125e-01	7.540444e-03	2.228000e+00
1.0	2.560000e+02	4.096000e+04	7.500432e-01	9.174389e-03	2.228000e+00
1.0	3.840000e+02	4.096000e+04	7.505670e-01	8.260892e-03	2.228000e+00
1.0	5.120000e+02	4.096000e+04	7.501343e-01	8.361289e-03	2.228000e+00
1.0	6.400000e+02	4.096000e+04	7.500892e-01	8.480090e-03	2.228000e+00
1.0	7.580000e+02	4.096000e+04	7.496986e-01	7.870279e-03	2.228000e+00
1.0	8.760000e+02	4.096000e+04	7.487130e-01	8.146454e-03	2.228000e+00
1.0	1.024000e+03	4.096000e+04	7.500998e-01	7.744041e-03	2.228000e+00
1.0	1.280000e+03	4.096000e+04	7.499661e-01	1.062163e-02	2.228000e+00
1.0	1.536000e+03	4.096000e+04	7.480947e-01	9.454390e-03	2.228000e+00
1.0	1.280000e+02	4.096000e+04	7.511120e-01	6.890485e-03	2.232000e+00
1.0	2.560000e+02	4.096000e+04	7.510574e-01	6.785086e-03	2.232000e+00
1.0	3.840000e+02	4.096000e+04	7.499565e-01	7.431051e-03	2.232000e+00
1.0	5.120000e+02	4.096000e+04	7.511502e-01	8.114440e-03	2.232000e+00
1.0	6.400000e+02	4.096000e+04	7.510921e-01	7.758089e-03	2.232000e+00
1.0	7.580000e+02	4.096000e+04	7.494222e-01	7.837505e-03	2.232000e+00
1.0	8.760000e+02	4.096000e+04	7.482727e-01	9.457813e-03	2.232000e+00
1.0	1.024000e+03	4.096000e+04	7.510980e-01	7.581352e-03	2.232000e+00
1.0	1.280000e+03	4.096000e+04	7.510472e-01	6.046582e-03	2.232000e+00
1.0	1.536000e+03	4.096000e+04	7.491693e-01	1.008414e-02	2.232000e+00
1.0	1.280000e+02	4.096000e+04	7.456003e-01	7.161887e-03	2.236000e+00
1.0	2.560000e+02	4.096000e+04	7.456618e-01	7.411745e-03	2.236000e+00
1.0	3.840000e+02	4.096000e+04	7.458949e-01	7.404978e-03	2.236000e+00
1.0	5.120000e+02	4.096000e+04	7.456578e-01	8.365673e-03	2.236000e+00
1.0	6.400000e+02	4.096000e+04	7.456398e-01	8.435182e-03	2.236000e+00
1.0	7.580000e+02	4.096000e+04	7.497424e-01	8.072739e-03	2.236000e+00
1.0	8.760000e+02	4.096000e+04	7.499100e-01	6.380638e-03	2.236000e+00
1.0	1.024000e+03	4.096000e+04	7.456478e-01	8.180165e-03	2.236000e+00
1.0	1.280000e+03	4.096000e+04	7.456178e-01	6.699367e-03	2.236000e+00
1.0	1.536000e+03	4.096000e+04	7.497922e-01	7.252064e-03	2.236000e+00
1.0	1.280000e+02	4.096000e+04	7.297897e-01	1.105467e-02	2.240000e+00
1.0	2.560000e+02	4.096000e+04	7.298414e-01	1.221138e-02	2.240000e+00
1.0	3.840000e+02	4.096000e+04	7.301602e-01	1.152492e-02	2.240000e+00
1.0	5.120000e+02	4.096000e+04	7.298152e-01	1.204148e-02	2.240000e+00
1.0	6.400000e+02	4.096000e+04	7.296782e-01	1.263082e-02	2.240000e+00
1.0	7.580000e+02	4.096000e+04	7.311355e-01	1.046629e-02	2.240000e+00
1.0	8.760000e+02	4.096000e+04	7.380982e-01	1.124142e-02	2.240000e+00
1.0	1.024000e+03	4.096000e+04	7.297797e-01	1.328736e-02	2.240000e+00
1.0	1.280000e+03	4.096000e+04	7.296282e-01	1.124012e-02	2.240000e+00
1.0	1.536000e+03	4.096000e+04	7.380387e-01	8.472839e-03	2.240000e+00
1.0	1.280000e+02	4.096000e+04	7.196650e-01	8.979306e-03	2.244000e+00
1.0	2.560000e+02	4.096000e+04	7.197564e-01	9.620370e-03	2.244000e+00
1.0	3.840000e+02	4.096000e+04	7.189283e-01	9.781412e-03	2.244000e+00
1.0	5.120000e+02	4.096000e+04	7.197509e-01	9.601669e-03	2.244000e+00
1.0	6.400000e+02	4.096000e+04	7.196802e-01	7.620651e-03	2.244000e+00
1.0	7.580000e+02	4.096000e+04	7.177488e-01	8.285049e-03	2.244000e+00
1.0	8.760000e+02	4.096000e+04	7.172602e-01	8.496175e-03	2.244000e+00
1.0	1.024000e+03	4.096000e+04	7.197083e-01	9.107357e-03	2.244000e+00
1.0	1.280000e+03	4.096000e+04	7.196880e-01	7.381397e-03	2.244000e+00
1.0	1.536000e+03	4.096000e+04	7.183894e-01	1.085452e-02	2.244000e+00
1.0	1.280000e+02	4.096000e+04	7.310120e-01	7.796770e-03	2.248000e+00
1.0	2.560000e+02	4.096000e+04	7.310812e-01	7.945407e-03	2.248000e+00
1.0	3.840000e+02	4.096000e+04	7.331434e-01	9.071388e-03	2.248000e+00
1.0	5.120000e+02	4.096000e+04	7.310777e-01	7.696051e-03	2.248000e+00
1.0	6.400000e+02	4.096000e+04	7.309578e-01	8.676772e-03	2.248000e+00
1.0	7.580000e+02	4.096000e+04	7.323056e-01	6.634421e-03	2.248000e+00
1.0	8.760000e+02	4.096000e+04	7.310334e-01	8.506031e-03	2.248000e+00
1.0	1.024000e+03	4.096000e+04	7.310339e-01	6.933763e-03	2.248000e+00
1.0	1.280000e+03	4.096000e+04	7.310353e-01	6.868588e-03	2.248000e+00
1.0	1.536000e+03	4.096000e+04	7.323060e-01	5.303883e-03	2.248000e+00
1.0	1.280000e+02	4.096000e+04	6.924741e-01	1.122635e-02	2.252000e+00
1.0	2.560000e+02	4.096000e+04	6.923802e-01	1.186165e-02	2.252000e+00
1.0	3.840000e+02	4.096000e+04	6.911767e-01	1.152283e-02	2.252000e+00
1.0	5.120000e+02	4.096000e+04	6.925767e-01	1.099353e-02	2.252000e+00
1.0	6.400000e+02	4.096000e+04	6.925850e-01	1.238188e-02	2.252000e+00
1.0	7.580000e+02	4.096000e+04	6.932302e-01	1.193938e-02	2.252000e+00
1.0	8.760000e+02	4.096000e+04	6.931146e-01	1.003469e-02	2.252000e+00
1.0	1.024000e+03	4.096000e+04	6.924962e-01	7.091708e-03	2.252000e+00
1.0	1.280000e+03	4.096000e+04	6.924432e-01	5.461987e-03	2.252000e+00
1.0	1.536000e+03	4.096000e+04	6.910406e-01	7.836574e-03	2.252000e+00
1.0	1.280000e+02	4.096000e+04	6.988565e-01	1.085519e-02	2.256000e+00
1.0	2.560000e+02	4.096000e+04	6.988378e-01	1.121026e-02	2.256000e+00
1.0	3.840000e+02	4.096000e+04	7.028791e-01	1.208569e-02	2.256000e+00
1.0	5.120000e+02	4.096000e+04	6.988327e-01	1.260249e-02	2.256000e+00
1.0	6.400000e+02	4.096000e+04	6.988325e-01	1.231698e-02	2.256000e+00
1.0	7.580000e+02	4.096000e+04	7.032734e-01	1.288753e-02	2.256000e+00
1.0	8.760000e+02	4.096000e+04	7.069728e-01	8.968519e-03	2.256000e+00
1.0	1.024000e+03	4.096000e+04	6.988970e-01	1.463525e-02	2.256000e+00
1.0	1.280000e+03	4.096000e+04	6.987753e-01	1.363615e-02	2.256000e+00
1.0	1.536000e+03	4.096000e+04	7.129557e-01	8.204436e-03	2.256000e+00
1.0	1.280000e+02	4.096000e+04	6.960082e-01	1.002194e-02	2.260000e+00
1.0	2.560000e+02	4.096000e+04	6.958618e-01	1.063998e-02	2.260000e+00
1.0	3.840000e+02	4.096000e+04	6.977007e-01	9.896883e-03	2.260000e+00
1.0	5.120000e+02	4.096000e+04	6.958850e-01	9.171840e-03	2.260000e+00
1.0	6.400000e+02	4.096000e+04	6.960027e-01	9.731466e-03	2.260000e+00
1.0	7.580000e+02	4.096000e+04	6.977731e-01	1.015763e-02	2.260000e+00
1.0	8.760000e+02	4.096000e+04	6.984758e-01	1.076455e-02	2.260000e+00
1.0	1.024000e+03	4.096000e+04	6.959174e-01	1.170946e-02	2.260000e+00
1.0	1.280000e+03	4.096000e+04	6.959425e-01	9.655647e-03	2.260000e+00
1.0	1.536000e+03	4.096000e+04	7.031389e-01	7.106128e-03	2.260000e+00
1.0	1.280000e+02	4.096000e+04	7.022935e-01	9.197020e-03	2.264000e+00
1.0	2.560000e+02	4.096000e+04	7.022390e-01	9.855965e-03	2.264000e+00
1.0	3.840000e+02	4.096000e+04	7.072436e-01	7.893517e-03	2.264000e+00
1.0	5.120000e+02	4.096000e+04	7.023303e-01	1.044807e-02	2.264000e+00
1.0	6.400000e+02	4.096000e+04	7.022704e-01	1.044440e-02	2.264000e+00
1.0	7.580000e+02	4.096000e+04	7.083533e-01	8.765321e-03	2.264000e+00
1.0	8.760000e+02	4.096000e+04	7.087218e-01	8.835622e-03	2.264000e+00
1.0	1.024000e+03	4.096000e+04	7.022313e-01	1.090709e-02	2.264000e+00
1.0	1.280000e+03	4.096000e+04	7.023410e-01	1.079086e-02	2.264000e+00
1.0	1.536000e+03	4.096000e+04	7.073543e-01	1.159948e-02	2.264000e+00
1.0	1.280000e+02	4.096000e+04	6.877144e-01	9.591912e-03	2.268000e+00
1.0	2.560000e+02	4.096000e+04	6.876716e-01	1.115533e-02	2.268000e+00
1.0	3.840000e+02	4.096000e+04	6.896511e-01	1.305301e-02	2.268000e+00
1.0	5.120000e+02	4.096000e+04	6.876652e-01	1.226586e-02	2.268000e+00
1.0	6.400000e+02	4.096000e+04	6.877315e-01	1.118334e-02	2.268000e+00
1.0	7.580000e+02	4.096000e+04	6.896052e-01	1.166171e-02	2.268000e+00
1.0	8.760000e+02	4.096000e+04	6.888015e-01	1.283060e-02	2.268000e+00
1.0	1.024000e+03	4.096000e+04	6.877035e-01	1.361330e-02	2.268000e+00
1.0	1.280000e+03	4.096000e+04	6.875684e-01	1.301959e-02	2.268000e+00
1.0	1.536000e+03	4.096000e+04	6.873749e-01	1.485567e-02	2.268000e+00
1.0	1.280000e+02	4.096000e+04	6.935518e-01	9.673531e-03	2.272000e+00
1.0	2.560000e+02	4.096000e+04	6.935532e-01	9.846672e-03	2.272000e+00
1.0	3.840000e+02	4.096000e+04	6.931390e-01	1.010870e-02	2.272000e+00
1.0	5.120000e+02	4.096000e+04	6.935484e-01	8.530616e-03	2.272000e+00
1.0	6.400000e+02	4.096000e+04	6.935767e-01	8.213500e-03	2.272000e+00
1.0	7.580000e+02	4.096000e+04	6.926199e-01	9.416041e-03	2.272000e+00
1.0	8.760000e+02	4.096000e+04	6.927590e-01	9.311313e-03	2.272000e+00
1.0	1.024000e+03	4.096000e+04	6.935697e-01	9.782074e-03	2.272000e+00
1.0	1.280000e+03	4.096000e+04	6.935629e-01	6.517554e-03	2.272000e+00
1.0	1.536000e+03	4.096000e+04	6.925372e-01	6.220332e-03	2.272000e+00
1.0	1.280000e+02	4.096000e+04	6.869912e-01	9.747537e-03	2.276000e+00
1.0	2.560000e+02	4.096000e+04	6.870107e-01	9.990783e-03	2.276000e+00
1.0	3.840000e+02	4.096000e+04	6.893313e-01	1.053539e-02	2.276000e+00
1.0	5.120000e+02	4.096000e+04	6.870454e-01	8.399232e-03	2.276000e+00
1.0	6.400000e+02	4.096000e+04	6.869107e-01	1.052692e-02	2.276000e+00
1.0	7.580000e+02	4.096000e+04	6.889924e-01	9.640858e-03	2.276000e+00
1.0	8.760000e+02	4.096000e+04	6.886653e-01	9.399184e-03	2.276000e+00
1.0	1.024000e+03	4.096000e+04	6.869610e-01	9.446629e-03	2.276000e+00
1.0	1.280000e+03	4.096000e+04	6.870256e-01	1.032928e-02	2.276000e+00
1.0	1.536000e+03	4.096000e+04	6.906814e-01	1.246052e-02	2.276000e+00
1.0	1.280000e+02	4.096000e+04	6.456097e-01	1.314075e-02	2.280000e+00
1.0	2.560000e+02	4.096000e+04	6.456162e-01	1.274941e-02	2.280000e+00
1.0	3.840000e+02	4.096000e+04	6.447904e-01	1.479039e-02	2.280000e+00
1.0	5.120000e+02	4.096000e+04	6.456770e-01	1.191524e-02	2.280000e+00
1.0	6.400000e+02	4.096000e+04	6.456786e-01	1.213506e-02	2.280000e+00
1.0	7.580000e+02	4.096000e+04	6.442985e-01	1.359077e-02	2.280000e+00
1.0	8.760000e+02	4.096000e+04	6.440259e-01	1.310661e-02	2.280000e+00
1.0	1.024000e+03	4.096000e+04	6.456534e-01	1.367890e-02	2.280000e+00
1.0	1.280000e+03	4.096000e+04	6.457877e-01	1.193745e-02	2.280000e+00
1.0	1.536000e+03	4.096000e+04	6.419732e-01	9.903634e-03	2.280000e+00
1.0	1.280000e+02	4.096000e+04	6.495675e-01	1.138986e-02	2.284000e+00
1.0	2.560000e+02	4.096000e+04	6.495400e-01	1.146697e-02	2.284000e+00
1.0	3.840000e+02	4.096000e+04	6.474929e-01	1.122840e-02	2.284000e+00
1.0	5.120000e+02	4.096000e+04	6.495135e-01	1.110023e-02	2.284000e+00
1.0	6.400000e+02	4.096000e+04	6.494866e-01	1.053768e-02	2.284000e+00
1.0	7.580000e+02	4.096000e+04	6.485658e-01	1.181563e-02	2.284000e+00
1.0	8.760000e+02	4.096000e+04	6.479390e-01	1.148791e-02	2.284000e+00
1.0	1.024000e+03	4.096000e+04	6.494379e-01	9.701837e-03	2.284000e+00
1.0	1.280000e+03	4.096000e+04	6.496070e-01	1.173438e-02	2.284000e+00
1.0	1.536000e+03	4.096000e+04	6.452706e-01	1.084520e-02	2.284000e+00
1.0	1.280000e+02	4.096000e+04	6.276829e-01	1.187467e-02	2.288000e+00
1.0	2.560000e+02	4.096000e+04	6.275741e-01	1.252672e-02	2.288000e+00
1.0	3.840000e+02	4.096000e+04	6.305893e-01	1.122503e-02	2.288000e+00
1.0	5.120000e+02	4.096000e+04	6.277584e-01	1.376219e-02	2.288000e+00
1.0	6.400000e+02	4.096000e+04	6.275531e-01	1.330395e-02	2.288000e+00
1.0	7.580000e+02	4.096000e+04	6.323598e-01	1.095748e-02	2.288000e+00
1.0	8.760000e+02	4.096000e+04	6.356536e-01	1.122765e-02	2.288000e+00
1.0	1.024000e+03	4.096000e+04	6.276946e-01	1.500857e-02	2.288000e+00
1.0	1.280000e+03	4.096000e+04	6.276526e-01	1.371181e-02	2.288000e+00
1.0	1.536000e+03	4.096000e+04	6.358079e-01	9.476094e-03	2.288000e+00
1.0	1.280000e+02	4.096000e+04	6.266363e-01	1.214689e-02	2.292000e+00
1.0	2.560000e+02	4.096000e+04	6.266391e-01	1.245091e-02	2.292000e+00
1.0	3.840000e+02	4.096000e+04	6.268673e-01	1.468845e-02	2.292000e+00
1.0	5.120000e+02	4.096000e+04	6.266521e-01	1.266650e-02	2.292000e+00
1.0	6.400000e+02	4.096000e+04	6.266474e-01	1.488547e-02	2.292000e+00
1.0	7.580000e+02	4.096000e+04	6.262253e-01	1.501408e-02	2.292000e+00
1.0	8.760000e+02	4.096000e+04	6.257476e-01	1.521008e-02	2.292000e+00
1.0	1.024000e+03	4.096000e+04	6.267481e-01	1.010470e-02	2.292000e+00
1.0	1.280000e+03	4.096000e+04	6.266513e-01	1.054998e-02	2.292000e+00
1.0	1.536000e+03	4.096000e+04	6.272473e-01	1.424752e-02	2.292000e+00
1.0	1.280000e+02	4.096000e+04	6.113872e-01	1.363175e-02	2.296000e+00
1.0	2.560000e+02	4.096000e+04	6.113262e-01	1.464699e-02	2.296000e+00
1.0	3.840000e+02	4.096000e+04	6.139543e-01	1.433462e-02	2.296000e+00
1.0	5.120000e+02	4.096000e+04	6.114882e-01	1.427082e-02	2.296000e+00
1.0	6.400000e+02	4.096000e+04	6.113633e-01	1.497878e-02	2.296000e+00
1.0	7.580000e+02	4.096000e+04	6.135272e-01	1.551038e-02	2.296000e+00
1.0	8.760000e+02	4.096000e+04	6.149680e-01	1.653007e-02	2.296000e+00
1.0	1.024000e+03	4.096000e+04	6.113259e-01	1.710911e-02	2.296000e+00
1.0	1.280000e+03	4.096000e+04	6.113787e-01	1.408034e-02	2.296000e+00
1.0	1.536000e+03	4.096000e+04	6.158601e-01	1.758031e-02	2.296000e+00
1.0	1.280000e+02	4.096000e+04	5.876044e-01	1.354767e-02	2.300000e+00
1.0	2.560000e+02	4.096000e+04	5.878015e-01	1.330444e-02	2.300000e+00
1.0	3.840000e+02	4.096000e+04	5.850724e-01	1.409759e-02	2.300000e+00
1.0	5.120000e+02	4.096000e+04	5.875759e-01	1.191207e-02	2.300000e+00
1.0	6.400000e+02	4.096000e+04	5.876242e-01	1.139928e-02	2.300000e+00
1.0	7.580000e+02	4.096000e+04	5.854032e-01	1.769538e-02	2.300000e+00
1.0	8.760000e+02	4.096000e+04	5.859860e-01	1.389354e-02	2.300000e+00
1.0	1.024000e+03	4.096000e+04	5.876539e-01	1.212441e-02	2.300000e+00
1.0	1.280000e+03	4.096000e+04	5.877103e-01	1.257158e-02	2.300000e+00
1.0	1.536000e+03	4.096000e+04	5.868306e-01	1.738359e-02	2.300000e+00
1.0	1.280000e+02	4.096000e+04	6.070525e-01	1.440953e-02	2.304000e+00
1.0	2.560000e+02	4.096000e+04	6.072194e-01	1.685833e-02	2.304000e+00
1.0	3.840000e+02	4.096000e+04	6.116050e-01	1.620886e-02	2.304000e+00
1.0	5.120000e+02	4.096000e+04	6.070417e-01	1.617751e-02	2.304000e+00
1.0	6.400000e+02	4.096000e+04	6.069295e-01	1.907053e-02	2.304000e+00
1.0	7.580000e+02	4.096000e+04	6.101132e-01	2.032462e-02	2.304000e+00
1.0	8.760000e+02	4.096000e+04	6.084103e-01	1.606012e-02	2.304000e+00
1.0	1.024000e+03	4.096000e+04	6.070599e-01	1.571425e-02	2.304000e+00
1.0	1.280000e+03	4.096000e+04	6.071740e-01	1.553370e-02	2.304000e+00
1.0	1.536000e+03	4.096000e+04	6.127257e-01	1.714665e-02	2.304000e+00
1.0	1.280000e+02	4.096000e+04	5.916452e-01	1.212217e-02	2.308000e+00
1.0	2.560000e+02	4.096000e+04	5.916733e-01	1.161238e-02	2.308000e+00
1.0	3.840000e+02	4.096000e+04	5.911168e-01	9.716170e-03	2.308000e+00
1.0	5.120000e+02	4.096000e+04	5.916606e-01	9.046047e-03	2.308000e+00
1.0	6.400000e+02	4.096000e+04	5.916455e-01	9.569826e-03	2.308000e+00
1.0	7.580000e+02	4.096000e+04	5.908148e-01	1.059562e-02	2.308000e+00
1.0	8.760000e+02	4.096000e+04	5.883252e-01	1.426390e-02	2.308000e+00
1.0	1.024000e+03	4.096000e+04	5.917025e-01	9.448511e-03	2.308000e+00
1.0	1.280000e+03	4.096000e+04	5.915647e-01	1.013884e-02	2.308000e+00
1.0	1.536000e+03	4.096000e+04	5.869384e-01	1.090267e-02	2.308000e+00
1.0	1.280000e+02	4.096000e+04	5.945904e-01	1.280491e-02	2.312000e+00
1.0	2.560000e+02	4.096000e+04	5.946701e-01	1.374325e-02	2.312000e+00
1.0	3.840000e+02	4.096000e+04	5.914269e-01	1.489946e-02	2.312000e+00
1.0	5.120000e+02	4.096000e+04	5.946179e-01	1.599006e-02	2.312000e+00
1.0	6.400000e+02	4.096000e+04	5.946905e-01	1.530450e-02	2.312000e+00
1.0	7.580000e+02	4.096000e+04	5.926342e-01	1.481223e-02	2.312000e+00
1.0	8.760000e+02	4.096000e+04	5.959312e-01	1.353615e-02	2.312000e+00
1.0	1.024000e+03	4.096000e+04	5.945286e-01	1.539652e-02	2.312000e+00
1.0	1.280000e+03	4.096000e+04	5.945762e-01	1.524687e-02	2.312000e+00
1.0	1.536000e+03	4.096000e+04	6.033782e-01	1.408348e-02	2.312000e+00
1.0	1.280000e+02	4.096000e+04	5.749465e-01	1.414852e-02	2.316000e+00
1.0	2.560000e+02	4.096000e+04	5.748042e-01	1.510663e-02	2.316000e+00
1.0	3.840000e+02	4.096000e+04	5.760972e-01	1.374684e-02	2.316000e+00
1.0	5.120000e+02	4.096000e+04	5.748965e-01	1.360344e-02	2.316000e+00
1.0	6.400000e+02	4.096000e+04	5.749251e-01	1.367724e-02	2.316000e+00
1.0	7.580000e+02	4.096000e+04	5.761350e-01	1.020970e-02	2.316000e+00
1.0	8.760000e+02	4.096000e+04	5.798718e-01	1.688144e-02	2.316000e+00
1.0	1.024000e+03	4.096000e+04	5.747795e-01	1.079047e-02	2.316000e+00
1.0	1.280000e+03	4.096000e+04	5.748406e-01	8.803058e-03	2.316000e+00
1.0	1.536000e+03	4.096000e+04	5.754667e-01	1.181255e-02	2.316000e+00
1.0	1.280000e+02	4.096000e+04	6.025853e-01	1.207962e-02	2.320000e+00
1.0	2.560000e+02	4.096000e+04	6.024683e-01	1.215056e-02	2.320000e+00
1.0	3.840000e+02	4.096000e+04	6.002012e-01	1.174524e-02	2.320000e+00
1.0	5.120000e+02	4.096000e+04	6.023790e-01	1.114488e-02	2.320000e+00
1.0	6.400000e+02	4.096000e+04	6.026057e-01	1.224952e-02	2.320000e+00
1.0	7.580000e+02	4.096000e+04	6.022332e-01	9.448671e-03	2.320000e+00
1.0	8.760000e+02	4.096000e+04	6.042710e-01	1.064687e-02	2.320000e+00
1.0	1.024000e+03	4.096000e+04	6.025544e-01	1.027396e-02	2.320000e+00
1.0	1.280000e+03	4.096000e+04	6.024729e-01	7.295405e-03	2.320000e+00
1.0	1.536000e+03	4.096000e+04	6.059046e-01	8.111731e-03	2.320000e+00
1.0	1.280000e+02	4.096000e+04	5.697926e-01	1.287519e-02	2.324000e+00
1.0	2.560000e+02	4.096000e+04	5.699461e-01	1.331773e-02	2.324000e+00
1.0	3.840000e+02	4.096000e+04	5.703393e-01	1.226314e-02	2.324000e+00
1.0	5.120000e+02	4.096000e+04	5.696715e-01	1.391264e-02	2.324000e+00
1.0	6.400000e+02	4.096000e+04	5.699755e-01	1.536046e-02	2.324000e+00
1.0	7.580000e+02	4.096000e+04	5.702195e-01	1.327695e-02	2.324000e+00
1.0	8.760000e+02	4.096000e+04	5.696959e-01	1.573223e-02	2.324000e+00
1.0	1.024000e+03	4.096000e+04	5.697138e-01	1.451438e-02	2.324000e+00
1.0	1.280000e+03	4.096000e+04	5.700017e-01	1.639207e-02	2.324000e+00
1.0	1.536000e+03	4.096000e+04	5.706776e-01	1.770171e-02	2.324000e+00
1.0	1.280000e+02	4.096000e+04	5.435098e-01	1.229717e-02	2.328000e+00
1.0	2.560000e+02	4.096000e+04	5.434139e-01	1.215562e-02	2.328000e+00
1.0	3.840000e+02	4.096000e+04	5.428973e-01	1.234592e-02	2.328000e+00
1.0	5.120000e+02	4.096000e+04	5.433704e-01	1.221514e-02	2.328000e+00
1.0	6.400000e+02	4.096000e+04	5.434042e-01	9.994750e-03	2.328000e+00
1.0	7.580000e+02	4.096000e+04	5.459450e-01	9.915142e-03	2.328000e+00
1.0	8.760000e+02	4.096000e+04	5.485054e-01	1.152775e-02	2.328000e+00
1.0	1.024000e+03	4.096000e+04	5.435064e-01	1.089230e-02	2.328000e+00
1.0	1.280000e+03	4.096000e+04	5.434326e-01	1.039416e-02	2.328000e+00
1.0	1.536000e+03	4.096000e+04	5.491393e-01	7.305281e-03	2.328000e+00
1.0	1.280000e+02	4.096000e+04	5.381553e-01	1.333611e-02	2.332000e+00
1.0	2.560000e+02	4.096000e+04	5.381988e-01	1.331251e-02	2.332000e+00
1.0	3.840000e+02	4.096000e+04	5.342816e-01	1.313878e-02	2.332000e+00
1.0	5.120000e+02	4.096000e+04	5.381127e-01	1.480375e-02	2.332000e+00
1.0	6.400000e+02	4.096000e+04	5.380288e-01	1.428304e-02	2.332000e+00
1.0	7.580000e+02	4.096000e+04	5.350680e-01	1.381543e-02	2.332000e+00
1.0	8.760000e+02	4.096000e+04	5.344358e-01	1.238317e-02	2.332000e+00
1.0	1.024000e+03	4.096000e+04	5.382182e-01	1.451321e-02	2.332000e+00
1.0	1.280000e+03	4.096000e+04	5.381877e-01	1.240651e-02	2.332000e+00
1.0	1.536000e+03	4.096000e+04	5.337087e-01	1.425288e-02	2.332000e+00
1.0	1.280000e+02	4.096000e+04	5.452596e-01	1.322616e-02	2.336000e+00
1.0	2.560000e+02	4.096000e+04	5.452508e-01	1.364713e-02	2.336000e+00
1.0	3.840000e+02	4.096000e+04	5.440780e-01	1.424570e-02	2.336000e+00
1.0	5.120000e+02	4.096000e+04	5.452706e-01	1.542159e-02	2.336000e+00
1.0	6.400000e+02	4.096000e+04	5.452484e-01	1.173493e-02	2.336000e+00
1.0	7.580000e+02	4.096000e+04	5.449182e-01	1.159805e-02	2.336000e+00
1.0	8.760000e+02	4.096000e+04	5.470105e-01	1.528366e-02	2.336000e+00
1.0	1.024000e+03	4.096000e+04	5.452323e-01	1.264568e-02	2.336000e+00
1.0	1.280000e+03	4.096000e+04	5.452910e-01	8.691693e-03	2.336000e+00
1.0	1.536000e+03	4.096000e+04	5.456136e-01	7.972125e-03	2.336000e+00
1.0	1.280000e+02	4.096000e+04	5.289423e-01	1.257628e-02	2.340000e+00
1.0	2.560000e+02	4.096000e+04	5.291095e-01	1.301757e-02	2.340000e+00
1.0	3.840000e+02	4.096000e+04	5.296771e-01	1.286124e-02	2.340000e+00
1.0	5.120000e+02	4.096000e+04	5.289007e-01	1.378442e-02	2.340000e+00
1.0	6.400000e+02	4.096000e+04	5.290436e-01	1.440054e-02	2.340000e+00
1.0	7.580000e+02	4.096000e+04	5.275111e-01	1.279670e-02	2.340000e+00
1.0	8.760000e+02	4.096000e+04	5.291545e-01	1.401330e-02	2.340000e+00
1.0	1.024000e+03	4.096000e+04	5.290334e-01	1.639136e-02	2.340000e+00
1.0	1.280000e+03	4.096000e+04	5.291934e-01	1.756107e-02	2.340000e+00
1.0	1.536000e+03	4.096000e+04	5.278581e-01	1.651014e-02	2.340000e+00
1.0	1.280000e+02	4.096000e+04	5.096885e-01	1.444785e-02	2.344000e+00
1.0	2.560000e+02	4.096000e+04	5.096006e-01	1.476755e-02	2.344000e+00
1.0	3.840000e+02	4.096000e+04	5.099104e-01	1.225752e-02	2.344000e+00
1.0	5.120000e+02	4.096000e+04	5.096125e-01	1.279708e-02	2.344000e+00
1.0	6.400000e+02	4.096000e+04	5.096757e-01	1.475633e-02	2.344000e+00
1.0	7.580000e+02	4.096000e+04	5.085184e-01	1.468718e-02	2.344000e+00
1.0	8.760000e+02	4.096000e+04	5.094790e-01	1.291330e-02	2.344000e+00
1.0	1.024000e+03	4.096000e+04	5.096927e-01	1.191885e-02	2.344000e+00
1.0	1.280000e+03	4.096000e+04	5.097040e-01	1.362173e-02	2.344000e+00
1.0	1.536000e+03	4.096000e+04	5.096378e-01	1.848180e-02	2.344000e+00
1.0	1.280000e+02	4.096000e+04	5.034027e-01	1.446619e-02	2.348000e+00
1.0	2.560000e+02	4.096000e+04	5.034116e-01	1.657684e-02	2.348000e+00
1.0	3.840000e+02	4.096000e+04	5.010679e-01	1.674834e-02	2.348000e+00
1.0	5.120000e+02	4.096000e+04	5.034096e-01	1.957085e-02	2.348000e+00
1.0	6.400000e+02	4.096000e+04	5.034462e-01	1.752061e-02	2.348000e+00
1.0	7.580000e+02	4.096000e+04	5.011172e-01	1.578746e-02	2.348000e+00
1.0	8.760000e+02	4.096000e+04	4.988609e-01	1.807320e-02	2.348000e+00
1.0	1.024000e+03	4.096000e+04	5.034417e-01	2.102843e-02	2.348000e+00
1.0	1.280000e+03	4.096000e+04	5.032622e-01	2.090789e-02	2.348000e+00
1.0	1.536000e+03	4.096000e+04	4.973019e-01	2.175228e-02	2.348000e+00
1.0	1.280000e+02	4.096000e+04	4.803869e-01	1.313171e-02	2.352000e+00
1.0	2.560000e+02	4.096000e+04	4.803810e-01	1.300429e-02	2.352000e+00
1.0	3.840000e+02	4.096000e+04	4.816432e-01	1.450123e-02	2.352000e+00
1.0	5.120000e+02	4.096000e+04	4.805701e-01	1.446800e-02	2.352000e+00
1.0	6.400000e+02	4.096000e+04	4.804521e-01	1.669211e-02	2.352000e+00
1.0	7.580000e+02	4.096000e+04	4.802179e-01	1.759554e-02	2.352000e+00
1.0	8.760000e+02	4.096000e+04	4.828659e-01	1.544104e-02	2.352000e+00
1.0	1.024000e+03	4.096000e+04	4.804268e-01	1.218540e-02	2.352000e+00
1.0	1.280000e+03	4.096000e+04	4.804066e-01	1.879095e-02	2.352000e+00
1.0	1.536000e+03	4.096000e+04	4.832699e-01	1.653102e-02	2.352000e+00
1.0	1.280000e+02	4.096000e+04	4.875480e-01	1.321070e-02	2.356000e+00
1.0	2.560000e+02	4.096000e+04	4.875261e-01	1.335521e-02	2.356000e+00
1.0	3.840000e+02	4.096000e+04	4.895719e-01	1.374696e-02	2.356000e+00
1.0	5.120000e+02	4.096000e+04	4.876346e-01	1.217417e-02	2.356000e+00
1.0	6.400000e+02	4.096000e+04	4.875972e-01	7.952312e-03	2.356000e+00
1.0	7.580000e+02	4.096000e+04	4.895716e-01	1.326068e-02	2.356000e+00
1.0	8.760000e+02	4.096000e+04	4.887631e-01	7.188187e-03	2.356000e+00
1.0	1.024000e+03	4.096000e+04	4.874537e-01	9.645810e-03	2.356000e+00
1.0	1.280000e+03	4.096000e+04	4.874715e-01	5.641421e-03	2.356000e+00
1.0	1.536000e+03	4.096000e+04	4.855471e-01	6.197788e-03	2.356000e+00
1.0	1.280000e+02	4.096000e+04	4.733671e-01	1.360029e-02	2.360000e+00
1.0	2.560000e+02	4.096000e+04	4.732763e-01	1.403696e-02	2.360000e+00
1.0	3.840000e+02	4.096000e+04	4.749509e-01	1.261241e-02	2.360000e+00
1.0	5.120000e+02	4.096000e+04	4.733211e-01	1.270573e-02	2.360000e+00
1.0	6.400000e+02	4.096000e+04	4.732589e-01	1.308658e-02	2.360000e+00
1.0	7.580000e+02	4.096000e+04	4.755867e-01	1.307910e-02	2.360000e+00
1.0	8.760000e+02	4.096000e+04	4.750563e-01	1.634346e-02	2.360000e+00
1.0	1.024000e+03	4.096000e+04	4.733899e-01	1.136593e-02	2.360000e+00
1.0	1.280000e+03	4.096000e+04	4.733571e-01	9.396769e-03	2.360000e+00
1.0	1.536000e+03	4.096000e+04	4.766279e-01	1.595818e-02	2.360000e+00
1.0	1.280000e+02	4.096000e+04	4.613598e-01	1.367024e-02	2.364000e+00
1.0	2.560000e+02	4.096000e+04	4.613878e-01	1.423406e-02	2.364000e+00
1.0	3.840000e+02	4.096000e+04	4.602903e-01	1.213344e-02	2.364000e+00
1.0	5.120000e+02	4.096000e+04	4.614346e-01	1.255887e-02	2.364000e+00
1.0	6.400000e+02	4.096000e+04	4.615193e-01	1.282400e-02	2.364000e+00
1.0	7.580000e+02	4.096000e+04	4.585411e-01	1.269453e-02	2.364000e+00
1.0	8.760000e+02	4.096000e+04	4.587031e-01	1.624218e-02	2.364000e+00
1.0	1.024000e+03	4.096000e+04	4.613268e-01	1.237144e-02	2.364000e+00
1.0	1.280000e+03	4.096000e+04	4.614146e-01	1.210950e-02	2.364000e+00
1.0	1.536000e+03	4.096000e+04	4.574459e-01	9.798664e-03	2.364000e+00
1.0	1.280000e+02	4.096000e+04	4.746323e-01	1.240446e-02	2.368000e+00
1.0	2.560000e+02	4.096000e+04	4.746864e-01	1.405078e-02	2.368000e+00
1.0	3.840000e+02	4.096000e+04	4.785063e-01	1.310738e-02	2.368000e+00
1.0	5.120000e+02	4.096000e+04	4.747026e-01	1.209334e-02	2.368000e+00
1.0	6.400000e+02	4.096000e+04	4.747741e-01	1.140938e-02	2.368000e+00
1.0	7.580000e+02	4.096000e+04	4.788946e-01	7.737298e-03	2.368000e+00
1.0	8.760000e+02	4.096000e+04	4.765749e-01	8.044776e-03	2.368000e+00
1.0	1.024000e+03	4.096000e+04	4.746955e-01	5.129924e-03	2.368000e+00
1.0	1.280000e+03	4.096000e+04	4.747797e-01	8.584575e-03	2.368000e+00
1.0	1.536000e+03	4.096000e+04	4.759637e-01	7.015072e-03	2.368000e+00
1.0	1.280000e+02	4.096000e+04	4.720587e-01	1.238394e-02	2.372000e+00
1.0	2.560000e+02	4.096000e+04	4.719525e-01	1.285484e-02	2.372000e+00
1.0	3.840000e+02	4.096000e+04	4.723613e-01	1.348586e-02	2.372000e+00
1.0	5.120000e+02	4.096000e+04	4.720188e-01	1.416281e-02	2.372000e+00
1.0	6.400000e+02	4.096000e+04	4.720991e-01	1.335101e-02	2.372000e+00
1.0	7.580000e+02	4.096000e+04	4.701148e-01	1.558732e-02	2.372000e+00
1.0	8.760000e+02	4.096000e+04	4.711052e-01	1.530863e-02	2.372000e+00
1.0	1.024000e+03	4.096000e+04	4.721015e-01	1.461158e-02	2.372000e+00
1.0	1.280000e+03	4.096000e+04	4.720158e-01	1.603125e-02	2.372000e+00
1.0	1.536000e+03	4.096000e+04	4.721169e-01	1.546162e-02	2.372000e+00
1.0	1.280000e+02	4.096000e+04	4.415552e-01	1.152803e-02	2.376000e+00
1.0	2.560000e+02	4.096000e+04	4.415228e-01	1.331581e-02	2.376000e+00
1.0	3.840000e+02	4.096000e+04	4.393676e-01	1.304950e-02	2.376000e+00
1.0	5.120000e+02	4.096000e+04	4.417126e-01	1.415081e-02	2.376000e+00
1.0	6.400000e+02	4.096000e+04	4.416084e-01	1.511815e-02	2.376000e+00
1.0	7.580000e+02	4.096000e+04	4.384172e-01	1.430165e-02	2.376000e+00
1.0	8.760000e+02	4.096000e+04	4.365659e-01	1.096816e-02	2.376000e+00
1.0	1.024000e+03	4.096000e+04	4.416107e-01	1.396961e-02	2.376000e+00
1.0	1.280000e+03	4.096000e+04	4.416289e-01	1.461952e-02	2.376000e+00
1.0	1.536000e+03	4.096000e+04	4.342165e-01	1.500327e-02	2.376000e+00
1.0	1.280000e+02	4.096000e+04	4.591330e-01	1.227117e-02	2.380000e+00
1.0	2.560000e+02	4.096000e+04	4.593117e-01	1.139974e-02	2.380000e+00
1.0	3.840000e+02	4.096000e+04	4.579787e-01	1.291451e-02	2.380000e+00
1.0	5.120000e+02	4.096000e+04	4.593237e-01	1.171368e-02	2.380000e+00
1.0	6.400000e+02	4.096000e+04	4.592586e-01	1.314162e-02	2.380000e+00
1.0	7.580000e+02	4.096000e+04	4.564784e-01	1.297708e-02	2.380000e+00
1.0	8.760000e+02	4.096000e+04	4.546957e-01	1.532807e-02	2.380000e+00
1.0	1.024000e+03	4.096000e+04	4.591285e-01	1.337339e-02	2.380000e+00
1.0	1.280000e+03	4.096000e+04	4.591564e-01	1.608341e-02	2.380000e+00
1.0	1.536000e+03	4.096000e+04	4.512527e-01	1.416149e-02	2.380000e+00
1.0	1.280000e+02	4.096000e+04	4.448918e-01	1.127956e-02	2.384000e+00
1.0	2.560000e+02	4.096000e+04	4.447985e-01	1.012665e-02	2.384000e+00
1.0	3.840000e+02	4.096000e+04	4.441552e-01	1.128399e-02	2.384000e+00
1.0	5.120000e+02	4.096000e+04	4.448476e-01	1.023336e-02	2.384000e+00
1.0	6.400000e+02	4.096000e+04	4.449725e-01	9.445340e-03	2.384000e+00
1.0	7.580000e+02	4.096000e+04	4.478919e-01	1.182896e-02	2.384000e+00
1.0	8.760000e+02	4.096000e+04	4.462544e-01	1.011638e-02	2.384000e+00
1.0	1.024000e+03	4.096000e+04	4.448926e-01	8.845225e-03	2.384000e+00
1.0	1.280000e+03	4.096000e+04	4.448524e-01	7.311363e-03	2.384000e+00
1.0	1.536000e+03	4.096000e+04	4.461037e-01	1.251530e-02	2.384000e+00
1.0	1.280000e+02	4.096000e+04	4.241106e-01	1.167355e-02	2.388000e+00
1.0	2.560000e+02	4.096000e+04	4.240932e-01	1.166271e-02	2.388000e+00
1.0	3.840000e+02	4.096000e+04	4.238944e-01	1.214599e-02	2.388000e+00
1.0	5.120000e+02	4.096000e+04	4.240745e-01	1.280603e-02	2.388000e+00
1.0	6.400000e+02	4.096000e+04	4.240547e-01	1.332710e-02	2.388000e+00
1.0	7.580000e+02	4.096000e+04	4.272257e-01	1.306829e-02	2.388000e+00
1.0	8.760000e+02	4.096000e+04	4.296646e-01	1.385903e-02	2.388000e+00
1.0	1.024000e+03	4.096000e+04	4.239582e-01	1.568387e-02	2.388000e+00
1.0	1.280000e+03	4.096000e+04	4.240157e-01	1.563854e-02	2.388000e+00
1.0	1.536000e+03	4.096000e+04	4.289550e-01	1.501753e-02	2.388000e+00
1.0	1.280000e+02	4.096000e+04	3.920249e-01	1.155891e-02	2.392000e+00
1.0	2.560000e+02	4.096000e+04	3.920426e-01	1.125387e-02	2.392000e+00
1.0	3.840000e+02	4.096000e+04	3.922979e-01	1.022303e-02	2.392000e+00
1.0	5.120000e+02	4.096000e+04	3.921722e-01	1.264763e-02	2.392000e+00
1.0	6.400000e+02	4.096000e+04	3.920316e-01	1.159094e-02	2.392000e+00
1.0	7.580000e+02	4.096000e+04	3.913318e-01	1.426710e-02	2.392000e+00
1.0	8.760000e+02	4.096000e+04	3.930958e-01	1.196091e-02	2.392000e+00
1.0	1.024000e+03	4.096000e+04	3.920790e-01	1.155918e-02	2.392000e+00
1.0	1.280000e+03	4.096000e+04	3.920832e-01	1.215359e-02	2.392000e+00
1.0	1.536000e+03	4.096000e+04	3.959520e-01	9.021195e-03	2.392000e+00
1.0	1.280000e+02	4.096000e+04	3.907251e-01	1.036011e-02	2.396000e+00
1.0	2.560000e+02	4.096000e+04	3.906275e-01	1.023921e-02	2.396000e+00
1.0	3.840000e+02	4.096000e+04	3.922738e-01	9.811023e-03	2.396000e+00
1.0	5.120000e+02	4.096000e+04	3.905983e-01	9.726842e-03	2.396000e+00
1.0	6.400000e+02	4.096000e+04	3.906156e-01	9.191838e-03	2.396000e+00
1.0	7.580000e+02	4.096000e+04	3.930733e-01	8.949098e-03	2.396000e+00
1.0	8.760000e+02	4.096000e+04	3.915840e-01	6.140890e-03	2.396000e+00
1.0	1.024000e+03	4.096000e+04	3.906178e-01	9.452181e-03	2.396000e+00
1.0	1.280000e+03	4.096000e+04	3.906370e-01	8.634255e-03	2.396000e+00
1.0	1.536000e+03	4.096000e+04	3.912731e-01	8.544777e-03	2.396000e+00
1.0	1.280000e+02	4.096000e+04	3.974891e-01	1.235266e-02	2.400000e+00
1.0	2.560000e+02	4.096000e+04	3.974878e-01	1.320953e-02	2.400000e+00
1.0	3.840000e+02	4.096000e+04	3.955825e-01	1.399841e-02	2.400000e+00
1.0	5.120000e+02	4.096000e+04	3.974773e-01	1.274372e-02	2.400000e+00
1.0	6.400000e+02	4.096000e+04	3.974511e-01	1.207482e-02	2.400000e+00
1.0	7.580000e+02	4.096000e+04	3.938786e-01	1.371569e-02	2.400000e+00
1.0	8.760000e+02	4.096000e+04	3.943268e-01	1.221114e-02	2.400000e+00
1.0	1.024000e+03	4.096000e+04	3.973899e-01	1.320662e-02	2.400000e+00
1.0	1.280000e+03	4.096000e+04	3.974532e-01	9.548696e-03	2.400000e+00
1.0	1.536000e+03	4.096000e+04	3.881201e-01	7.806514e-03	2.400000e+00
1.0	1.280000e+02	4.096000e+04	3.938626e-01	1.153286e-02	2.416000e+00
1.0	2.560000e+02	4.096000e+04	3.938230e-01	1.264764e-02	2.416000e+00
1.0	3.840000e+02	4.096000e+04	3.925995e-01	1.272235e-02	2.416000e+00
1.0	5.120000e+02	4.096000e+04	3.939039e-01	1.218084e-02	2.416000e+00
1.0	6.400000e+02	4.096000e+04	3.939187e-01	1.332549e-02	2.416000e+00
1.0	7.580000e+02	4.096000e+04	3.909845e-01	1.493865e-02	2.416000e+00
1.0	8.760000e+02	4.096000e+04	3.909730e-01	1.433851e-02	2.416000e+00
1.0	1.024000e+03	4.096000e+04	3.938748e-01	1.480079e-02	2.416000e+00
1.0	1.280000e+03	4.096000e+04	3.938260e-01	1.327399e-02	2.416000e+00
1.0	1.536000e+03	4.096000e+04	3.909442e-01	1.150942e-02	2.416000e+00
1.0	1.280000e+02	4.096000e+04	3.542519e-01	1.120099e-02	2.432000e+00
1.0	2.560000e+02	4.096000e+04	3.543411e-01	1.231480e-02	2.432000e+00
1.0	3.840000e+02	4.096000e+04	3.545764e-01	1.314888e-02	2.432000e+00
1.0	5.120000e+02	4.096000e+04	3.542773e-01	1.273477e-02	2.432000e+00
1.0	6.400000e+02	4.096000e+04	3.542823e-01	1.496853e-02	2.432000e+00
1.0	7.580000e+02	4.096000e+04	3.550281e-01	1.481557e-02	2.432000e+00
1.0	8.760000e+02	4.096000e+04	3.552767e-01	1.520132e-02	2.432000e+00
1.0	1.024000e+03	4.096000e+04	3.542569e-01	1.414166e-02	2.432000e+00
1.0	1.280000e+03	4.096000e+04	3.542406e-01	1.405944e-02	2.432000e+00
1.0	1.536000e+03	4.096000e+04	3.544045e-01	1.312600e-02	2.432000e+00
1.0	1.280000e+02	4.096000e+04	3.259880e-01	9.901425e-03	2.448000e+00
1.0	2.560000e+02	4.096000e+04	3.259125e-01	9.790257e-03	2.448000e+00
1.0	3.840000e+02	4.096000e+04	3.288516e-01	8.282128e-03	2.448000e+00
1.0	5.120000e+02	4.096000e+04	3.260959e-01	1.086938e-02	2.448000e+00
1.0	6.400000e+02	4.096000e+04	3.260290e-01	9.078170e-03	2.448000e+00
1.0	7.580000e+02	4.096000e+04	3.297914e-01	8.320054e-03	2.448000e+00
1.0	8.760000e+02	4.096000e+04	3.287249e-01	1.023060e-02	2.448000e+00
1.0	1.024000e+03	4.096000e+04	3.260232e-01	1.025402e-02	2.448000e+00
1.0	1.280000e+03	4.096000e+04	3.259836e-01	9.692478e-03	2.448000e+00
1.0	1.536000e+03	4.096000e+04	3.294158e-01	8.667024e-03	2.448000e+00
1.0	1.280000e+02	4.096000e+04	3.022901e-01	9.537667e-03	2.464000e+00
1.0	2.560000e+02	4.096000e+04	3.023423e-01	9.866124e-03	2.464000e+00
1.0	3.840000e+02	4.096000e+04	3.017065e-01	9.935530e-03	2.464000e+00
1.0	5.120000e+02	4.096000e+04	3.022729e-01	9.325443e-03	2.464000e+00
1.0	6.400000e+02	4.096000e+04	3.023330e-01	1.097889e-02	2.464000e+00
1.0	7.580000e+02	4.096000e+04	2.998885e-01	1.147045e-02	2.464000e+00
1.0	8.760000e+02	4.096000e+04	3.005598e-01	1.077981e-02	2.464000e+00
1.0	1.024000e+03	4.096000e+04	3.023106e-01	7.265706e-03	2.464000e+00
1.0	1.280000e+03	4.096000e+04	3.023320e-01	6.457631e-03	2.464000e+00
1.0	1.536000e+03	4.096000e+04	3.002869e-01	1.003989e-02	2.464000e+00
1.0	1.280000e+02	4.096000e+04	2.825632e-01	8.618021e-03	2.480000e+00
1.0	2.560000e+02	4.096000e+04	2.825669e-01	9.340077e-03	2.480000e+00
1.0	3.840000e+02	4.096000e+04	2.814519e-01	9.337510e-03	2.480000e+00
1.0	5.120000e+02	4.096000e+04	2.825379e-01	1.001165e-02	2.480000e+00
1.0	6.400000e+02	4.096000e+04	2.826887e-01	1.118532e-02	2.480000e+00
1.0	7.580000e+02	4.096000e+04	2.820973e-01	1.096578e-02	2.480000e+00
1.0	8.760000e+02	4.096000e+04	2.804465e-01	8.870615e-03	2.480000e+00
1.0	1.024000e+03	4.096000e+04	2.825423e-01	9.745209e-03	2.480000e+00
1.0	1.280000e+03	4.096000e+04	2.826082e-01	1.162922e-02	2.480000e+00
1.0	1.536000e+03	4.096000e+04	2.789576e-01	8.422095e-03	2.480000e+00
1.0	1.280000e+02	4.096000e+04	2.803520e-01	6.942206e-03	2.496000e+00
1.0	2.560000e+02	4.096000e+04	2.804145e-01	6.627001e-03	2.496000e+00
1.0	3.840000e+02	4.096000e+04	2.813674e-01	7.155116e-03	2.496000e+00
1.0	5.120000e+02	4.096000e+04	2.804277e-01	7.040153e-03	2.496000e+00
1.0	6.400000e+02	4.096000e+04	2.804383e-01	7.064605e-03	2.496000e+00
1.0	7.580000e+02	4.096000e+04	2.817371e-01	8.261625e-03	2.496000e+00
1.0	8.760000e+02	4.096000e+04	2.807271e-01	7.234574e-03	2.496000e+00
1.0	1.024000e+03	4.096000e+04	2.803987e-01	7.187443e-03	2.496000e+00
1.0	1.280000e+03	4.096000e+04	2.804703e-01	7.953834e-03	2.496000e+00
1.0	1.536000e+03	4.096000e+04	2.792660e-01	1.081858e-02	2.496000e+00
1.0	1.280000e+02	4.096000e+04	2.505474e-01	6.061215e-03	2.512000e+00
1.0	2.560000e+02	4.096000e+04	2.505679e-01	5.744133e-03	2.512000e+00
1.0	3.840000e+02	4.096000e+04	2.482605e-01	5.864348e-03	2.512000e+00
1.0	5.120000e+02	4.096000e+04	2.505423e-01	5.545618e-03	2.512000e+00
1.0	6.400000e+02	4.096000e+04	2.505895e-01	7.089879e-03	2.512000e+00
1.0	7.580000e+02	4.096000e+04	2.475620e-01	7.054075e-03	2.512000e+00
1.0	8.760000e+02	4.096000e+04	2.464680e-01	7.042224e-03	2.512000e+00
1.0	1.024000e+03	4.096000e+04	2.505683e-01	6.472575e-03	2.512000e+00
1.0	1.280000e+03	4.096000e+04	2.505788e-01	5.971146e-03	2.512000e+00
1.0	1.536000e+03	4.096000e+04	2.459020e-01	6.416839e-03	2.512000e+00
1.0	1.280000e+02	4.096000e+04	2.422680e-01	6.369040e-03	2.528000e+00
1.0	2.560000e+02	4.096000e+04	2.423060e-01	6.949846e-03	2.528000e+00
1.0	3.840000e+02	4.096000e+04	2.419484e-01	6.392192e-03	2.528000e+00
1.0	5.120000e+02	4.096000e+04	2.422664e-01	7.163168e-03	2.528000e+00
1.0	6.400000e+02	4.096000e+04	2.422969e-01	8.175781e-03	2.528000e+00
1.0	7.580000e+02	4.096000e+04	2.418892e-01	7.073628e-03	2.528000e+00
1.0	8.760000e+02	4.096000e+04	2.431046e-01	6.243281e-03	2.528000e+00
1.0	1.024000e+03	4.096000e+04	2.423010e-01	7.420986e-03	2.528000e+00
1.0	1.280000e+03	4.096000e+04	2.422760e-01	7.362625e-03	2.528000e+00
1.0	1.536000e+03	4.096000e+04	2.399864e-01	6.940823e-03	2.528000e+00
1.0	1.280000e+02	4.096000e+04	2.360643e-01	6.477663e-03	2.544000e+00
1.0	2.560000e+02	4.096000e+04	2.360398e-01	6.287683e-03	2.544000e+00
1.0	3.840000e+02	4.096000e+04	2.348932e-01	6.578447e-03	2.544000e+00
1.0	5.120000e+02	4.096000e+04	2.360282e-01	6.621370e-03	2.544000e+00
1.0	6.400000e+02	4.096000e+04	2.359621e-01	6.979400e-03	2.544000e+00
1.0	7.580000e+02	4.096000e+04	2.343678e-01	7.727037e-03	2.544000e+00
1.0	8.760000e+02	4.096000e+04	2.360455e-01	9.095998e-03	2.544000e+00
1.0	1.024000e+03	4.096000e+04	2.360241e-01	6.487652e-03	2.544000e+00
1.0	1.280000e+03	4.096000e+04	2.359909e-01	8.085214e-03	2.544000e+00
1.0	1.536000e+03	4.096000e+04	2.382666e-01	7.060443e-03	2.544000e+00
1.0	1.280000e+02	4.096000e+04	2.172941e-01	6.036584e-03	2.560000e+00
1.0	2.560000e+02	4.096000e+04	2.173235e-01	5.774607e-03	2.560000e+00
1.0	3.840000e+02	4.096000e+04	2.183344e-01	6.424514e-03	2.560000e+00
1.0	5.120000e+02	4.096000e+04	2.173302e-01	5.262234e-03	2.560000e+00
1.0	6.400000e+02	4.096000e+04	2.173550e-01	6.408823e-03	2.560000e+00
1.0	7.580000e+02	4.096000e+04	2.197044e-01	6.015761e-03	2.560000e+00
1.0	8.760000e+02	4.096000e+04	2.187104e-01	6.263572e-03	2.560000e+00
1.0	1.024000e+03	4.096000e+04	2.173292e-01	4.698955e-03	2.560000e+00
1.0	1.280000e+03	4.096000e+04	2.172939e-01	5.838243e-03	2.560000e+00
1.0	1.536000e+03	4.096000e+04	2.191014e-01	6.304433e-03	2.560000e+00
1.0	1.280000e+02	4.096000e+04	2.158042e-01	5.375606e-03	2.576000e+00
1.0	2.560000e+02	4.096000e+04	2.158255e-01	5.408256e-03	2.576000e+00
1.0	3.840000e+02	4.096000e+04	2.168311e-01	5.290221e-03	2.576000e+00
1.0	5.120000e+02	4.096000e+04	2.157881e-01	4.811127e-03	2.576000e+00
1.0	6.400000e+02	4.096000e+04	2.158080e-01	4.466641e-03	2.576000e+00
1.0	7.580000e+02	4.096000e+04	2.172217e-01	3.937060e-03	2.576000e+00
1.0	8.760000e+02	4.096000e+04	2.187076e-01	4.780388e-03	2.576000e+00
1.0	1.024000e+03	4.096000e+04	2.158192e-01	3.893602e-03	2.576000e+00
1.0	1.280000e+03	4.096000e+04	2.157988e-01	3.598061e-03	2.576000e+00
1.0	1.536000e+03	4.096000e+04	2.176194e-01	5.151152e-03	2.576000e+00
1.0	1.280000e+02	4.096000e+04	2.092371e-01	6.275783e-03	2.592000e+00
1.0	2.560000e+02	4.096000e+04	2.093430e-01	6.697480e-03	2.592000e+00
1.0	3.840000e+02	4.096000e+04	2.091362e-01	4.794081e-03	2.592000e+00
1.0	5.120000e+02	4.096000e+04	2.093037e-01	4.277173e-03	2.592000e+00
1.0	6.400000e+02	4.096000e+04	2.092711e-01	5.493267e-03	2.592000e+00
1.0	7.580000e+02	4.096000e+04	2.079083e-01	4.084427e-03	2.592000e+00
1.0	8.760000e+02	4.096000e+04	2.072058e-01	4.333612e-03	2.592000e+00
1.0	1.024000e+03	4.096000e+04	2.092923e-01	3.151474e-03	2.592000e+00
1.0	1.280000e+03	4.096000e+04	2.092772e-01	5.407670e-03	2.592000e+00
1.0	1.536000e+03	4.096000e+04	2.080679e-01	2.610342e-03	2.592000e+00
1.0	1.280000e+02	4.096000e+04	1.955945e-01	4.162824e-03	2.608000e+00
1.0	2.560000e+02	4.096000e+04	1.956172e-01	3.876881e-03	2.608000e+00
1.0	3.840000e+02	4.096000e+04	1.957412e-01	3.995437e-03	2.608000e+00
1.0	5.120000e+02	4.096000e+04	1.956275e-01	4.419749e-03	2.608000e+00
1.0	6.400000e+02	4.096000e+04	1.956364e-01	3.589131e-03	2.608000e+00
1.0	7.580000e+02	4.096000e+04	1.960504e-01	4.340517e-03	2.608000e+00
1.0	8.760000e+02	4.096000e+04	1.961660e-01	4.656043e-03	2.608000e+00
1.0	1.024000e+03	4.096000e+04	1.956010e-01	4.316779e-03	2.608000e+00
1.0	1.280000e+03	4.096000e+04	1.955789e-01	3.257284e-03	2.608000e+00
1.0	1.536000e+03	4.096000e+04	1.948293e-01	4.940501e-03	2.608000e+00
1.0	1.280000e+02	4.096000e+04	1.899808e-01	4.628053e-03	2.624000e+00
1.0	2.560000e+02	4.096000e+04	1.899730e-01	4.461730e-03	2.624000e+00
1.0	3.840000e+02	4.096000e+04	1.903607e-01	4.498639e-03	2.624000e+00
1.0	5.120000e+02	4.096000e+04	1.900116e-01	5.351100e-03	2.624000e+00
1.0	6.400000e+02	4.096000e+04	1.900058e-01	4.195738e-03	2.624000e+00
1.0	7.580000e+02	4.096000e+04	1.915801e-01	4.574578e-03	2.624000e+00
1.0	8.760000e+02	4.096000e+04	1.906034e-01	4.953047e-03	2.624000e+00
1.0	1.024000e+03	4.096000e+04	1.899743e-01	6.116400e-03	2.624000e+00
1.0	1.280000e+03	4.096000e+04	1.899885e-01	4.768635e-03	2.624000e+00
1.0	1.536000e+03	4.096000e+04	1.918342e-01	3.965061e-03	2.624000e+00
1.0	1.280000e+02	4.096000e+04	1.781349e-01	3.539235e-03	2.640000e+00
1.0	2.560000e+02	4.096000e+04	1.781422e-01	3.588309e-03	2.640000e+00
1.0	3.840000e+02	4.096000e+04	1.776398e-01	3.558652e-03	2.640000e+00
1.0	5.120000e+02	4.096000e+04	1.781434e-01	2.893545e-03	2.640000e+00
1.0	6.400000e+02	4.096000e+04	1.781226e-01	2.660714e-03	2.640000e+00
1.0	7.580000e+02	4.096000e+04	1.778496e-01	3.679867e-03	2.640000e+00
1.0	8.760000e+02	4.096000e+04	1.776937e-01	2.959058e-03	2.640000e+00
1.0	1.024000e+03	4.096000e+04	1.781135e-01	1.803319e-03	2.640000e+00
1.0	1.280000e+03	4.096000e+04	1.781327e-01	1.971278e-03	2.640000e+00
1.0	1.536000e+03	4.096000e+04	1.782206e-01	1.692962e-03	2.640000e+00
1.0	1.280000e+02	4.096000e+04	1.767655e-01	3.287376e-03	2.656000e+00
1.0	2.560000e+02	4.096000e+04	1.767626e-01	3.485729e-03	2.656000e+00
1.0	3.840000e+02	4.096000e+04	1.775488e-01	3.185620e-03	2.656000e+00
1.0	5.120000e+02	4.096000e+04	1.767545e-01	3.311692e-03	2.656000e+00
1.0	6.400000e+02	4.096000e+04	1.767468e-01	2.783286e-03	2.656000e+00
1.0	7.580000e+02	4.096000e+04	1.774665e-01	3.217285e-03	2.656000e+00
1.0	8.760000e+02	4.096000e+04	1.769405e-01	2.683938e-03	2.656000e+00
1.0	1.024000e+03	4.096000e+04	1.767725e-01	2.681039e-03	2.656000e+00
1.0	1.280000e+03	4.096000e+04	1.767535e-01	2.838294e-03	2.656000e+00
1.0	1.536000e+03	4.096000e+04	1.765786e-01	4.335912e-03	2.656000e+00
1.0	1.280000e+02	4.096000e+04	1.809125e-01	3.390497e-03	2.672000e+00
1.0	2.560000e+02	4.096000e+04	1.808837e-01	3.122869e-03	2.672000e+00
1.0	3.840000e+02	4.096000e+04	1.808711e-01	3.311449e-03	2.672000e+00
1.0	5.120000e+02	4.096000e+04	1.809259e-01	3.154650e-03	2.672000e+00
1.0	6.400000e+02	4.096000e+04	1.808954e-01	3.262482e-03	2.672000e+00
1.0	7.580000e+02	4.096000e+04	1.813946e-01	2.991559e-03	2.672000e+00
1.0	8.760000e+02	4.096000e+04	1.814670e-01	3.276326e-03	2.672000e+00
1.0	1.024000e+03	4.096000e+04	1.808902e-01	3.447837e-03	2.672000e+00
1.0	1.280000e+03	4.096000e+04	1.808915e-01	2.556697e-03	2.672000e+00
1.0	1.536000e+03	4.096000e+04	1.816206e-01	2.606195e-03	2.672000e+00
1.0	1.280000e+02	4.096000e+04	1.728113e-01	3.614205e-03	2.688000e+00
1.0	2.560000e+02	4.096000e+04	1.727939e-01	3.782635e-03	2.688000e+00
1.0	3.840000e+02	4.096000e+04	1.734455e-01	3.861437e-03	2.688000e+00
1.0	5.120000e+02	4.096000e+04	1.728212e-01	3.379475e-03	2.688000e+00
1.0	6.400000e+02	4.096000e+04	1.727959e-01	4.089277e-03	2.688000e+00
1.0	7.580000e+02	4.096000e+04	1.732236e-01	4.192754e-03	2.688000e+00
1.0	8.760000e+02	4.096000e+04	1.727968e-01	3.397989e-03	2.688000e+00
1.0	1.024000e+03	4.096000e+04	1.727868e-01	2.951875e-03	2.688000e+00
1.0	1.280000e+03	4.096000e+04	1.727982e-01	3.081029e-03	2.688000e+00
1.0	1.536000e+03	4.096000e+04	1.709590e-01	3.059092e-03	2.688000e+00
1.0	1.280000e+02	4.096000e+04	1.638005e-01	3.340825e-03	2.704000e+00
1.0	2.560000e+02	4.096000e+04	1.638036e-01	2.527131e-03	2.704000e+00
1.0	3.840000e+02	4.096000e+04	1.633536e-01	2.805077e-03	2.704000e+00
1.0	5.120000e+02	4.096000e+04	1.638121e-01	2.648317e-03	2.704000e+00
1.0	6.400000e+02	4.096000e+04	1.638062e-01	2.473306e-03	2.704000e+00
1.0	7.580000e+02	4.096000e+04	1.635897e-01	2.654454e-03	2.704000e+00
1.0	8.760000e+02	4.096000e+04	1.628863e-01	2.626593e-03	2.704000e+00
1.0	1.024000e+03	4.096000e+04	1.637968e-01	2.297803e-03	2.704000e+00
1.0	1.280000e+03	4.096000e+04	1.638083e-01	2.384587e-03	2.704000e+00
1.0	1.536000e+03	4.096000e+04	1.625226e-01	1.655466e-03	2.704000e+00
1.0	1.280000e+02	4.096000e+04	1.632618e-01	2.881118e-03	2.720000e+00
1.0	2.560000e+02	4.096000e+04	1.632744e-01	2.803122e-03	2.720000e+00
1.0	3.840000e+02	4.096000e+04	1.631463e-01	2.912309e-03	2.720000e+00
1.0	5.120000e+02	4.096000e+04	1.632795e-01	3.327916e-03	2.720000e+00
1.0	6.400000e+02	4.096000e+04	1.632944e-01	3.080373e-03	2.720000e+00
1.0	7.580000e+02	4.096000e+04	1.633568e-01	4.352446e-03	2.720000e+00
1.0	8.760000e+02	4.096000e+04	1.636822e-01	3.732992e-03	2.720000e+00
1.0	1.024000e+03	4.096000e+04	1.632798e-01	3.486056e-03	2.720000e+00
1.0	1.280000e+03	4.096000e+04	1.632634e-01	3.590483e-03	2.720000e+00
1.0	1.536000e+03	4.096000e+04	1.645951e-01	3.341949e-03	2.720000e+00
1.0	1.280000e+02	4.096000e+04	1.583895e-01	2.525173e-03	2.736000e+00
1.0	2.560000e+02	4.096000e+04	1.584012e-01	2.672584e-03	2.736000e+00
1.0	3.840000e+02	4.096000e+04	1.586949e-01	2.527140e-03	2.736000e+00
1.0	5.120000e+02	4.096000e+04	1.584091e-01	1.853630e-03	2.736000e+00
1.0	6.400000e+02	4.096000e+04	1.583822e-01	1.753574e-03	2.736000e+00
1.0	7.580000e+02	4.096000e+04	1.588560e-01	1.598883e-03	2.736000e+00
1.0	8.760000e+02	4.096000e+04	1.592548e-01	2.481105e-03	2.736000e+00
1.0	1.024000e+03	4.096000e+04	1.583870e-01	1.511085e-03	2.736000e+00
1.0	1.280000e+03	4.096000e+04	1.583991e-01	1.361603e-03	2.736000e+00
1.0	1.536000e+03	4.096000e+04	1.581434e-01	1.459516e-03	2.736000e+00
1.0	1.280000e+02	4.096000e+04	1.514989e-01	2.258833e-03	2.752000e+00
1.0	2.560000e+02	4.096000e+04	1.515146e-01	2.675925e-03	2.752000e+00
1.0	3.840000e+02	4.096000e+04	1.507341e-01	2.254619e-03	2.752000e+00
1.0	5.120000e+02	4.096000e+04	1.514986e-01	2.617907e-03	2.752000e+00
1.0	6.400000e+02	4.096000e+04	1.515257e-01	2.915599e-03	2.752000e+00
1.0	7.580000e+02	4.096000e+04	1.510288e-01	3.153677e-03	2.752000e+00
1.0	8.760000e+02	4.096000e+04	1.514696e-01	3.455565e-03	2.752000e+00
1.0	1.024000e+03	4.096000e+04	1.515213e-01	2.542296e-03	2.752000e+00
1.0	1.280000e+03	4.096000e+04	1.515548e-01	3.319865e-03	2.752000e+00
1.0	1.536000e+03	4.096000e+04	1.518042e-01	2.952010e-03	2.752000e+00
1.0	1.280000e+02	4.096000e+04	1.420616e-01	2.562592e-03	2.792000e+00
1.0	2.560000e+02	4.096000e+04	1.420450e-01	2.590194e-03	2.792000e+00
1.0	3.840000e+02	4.096000e+04	1.419670e-01	2.248280e-03	2.792000e+00
1.0	5.120000e+02	4.096000e+04	1.420666e-01	2.330577e-03	2.792000e+00
1.0	6.400000e+02	4.096000e+04	1.420699e-01	2.154326e-03	2.792000e+00
1.0	7.580000e+02	4.096000e+04	1.419211e-01	2.453745e-03	2.792000e+00
1.0	8.760000e+02	4.096000e+04	1.422718e-01	2.345668e-03	2.792000e+00
1.0	1.024000e+03	4.096000e+04	1.420795e-01	2.494607e-03	2.792000e+00
1.0	1.280000e+03	4.096000e+04	1.420599e-01	1.656907e-03	2.792000e+00
1.0	1.536000e+03	4.096000e+04	1.424920e-01	2.199976e-03	2.792000e+00
1.0	1.280000e+02	4.096000e+04	1.337366e-01	1.893212e-03	2.856000e+00
1.0	2.560000e+02	4.096000e+04	1.337454e-01	1.907921e-03	2.856000e+00
1.0	3.840000e+02	4.096000e+04	1.339458e-01	2.191431e-03	2.856000e+00
1.0	5.120000e+02	4.096000e+04	1.337460e-01	1.903407e-03	2.856000e+00
1.0	6.400000e+02	4.096000e+04	1.337422e-01	1.568924e-03	2.856000e+00
1.0	7.580000e+02	4.096000e+04	1.340896e-01	1.697229e-03	2.856000e+00
1.0	8.760000e+02	4.096000e+04	1.336830e-01	1.924728e-03	2.856000e+00
1.0	1.024000e+03	4.096000e+04	1.337424e-01	1.297550e-03	2.856000e+00
1.0	1.280000e+03	4.096000e+04	1.337301e-01	1.664693e-03	2.856000e+00
1.0	1.536000e+03	4.096000e+04	1.337649e-01	2.100619e-03	2.856000e+00
1.0	1.280000e+02	4.096000e+04	1.225615e-01	1.873295e-03	2.920000e+00
1.0	2.560000e+02	4.096000e+04	1.225572e-01	1.683697e-03	2.920000e+00
1.0	3.840000e+02	4.096000e+04	1.219752e-01	1.457622e-03	2.920000e+00
1.0	5.120000e+02	4.096000e+04	1.225606e-01	1.745027e-03	2.920000e+00
1.0	6.400000e+02	4.096000e+04	1.225653e-01	1.683899e-03	2.920000e+00
1.0	7.580000e+02	4.096000e+04	1.218961e-01	1.681942e-03	2.920000e+00
1.0	8.760000e+02	4.096000e+04	1.222926e-01	1.905117e-03	2.920000e+00
1.0	1.024000e+03	4.096000e+04	1.225366e-01	1.869996e-03	2.920000e+00
1.0	1.280000e+03	4.096000e+04	1.225512e-01	1.398044e-03	2.920000e+00
1.0	1.536000e+03	4.096000e+04	1.213463e-01	1.363228e-03	2.920000e+00
1.0	1.280000e+02	4.096000e+04	1.137004e-01	1.424665e-03	2.984000e+00
1.0	2.560000e+02	4.096000e+04	1.136807e-01	1.509732e-03	2.984000e+00
1.0	3.840000e+02	4.096000e+04	1.131553e-01	1.360288e-03	2.984000e+00
1.0	5.120000e+02	4.096000e+04	1.136952e-01	1.301046e-03	2.984000e+00
1.0	6.400000e+02	4.096000e+04	1.136771e-01	1.083494e-03	2.984000e+00
1.0	7.580000e+02	4.096000e+04	1.132036e-01	1.131825e-03	2.984000e+00
1.0	8.760000e+02	4.096000e+04	1.134337e-01	1.058082e-03	2.984000e+00
1.0	1.024000e+03	4.096000e+04	1.136875e-01	1.239020e-03	2.984000e+00
1.0	1.280000e+03	4.096000e+04	1.136927e-01	8.353011e-04	2.984000e+00
1.0	1.536000e+03	4.096000e+04	1.133464e-01	7.079847e-04	2.984000e+00
1.0	1.280000e+02	4.096000e+04	1.104507e-01	1.422412e-03	3.048000e+00
1.0	2.560000e+02	4.096000e+04	1.104444e-01	1.514074e-03	3.048000e+00
1.0	3.840000e+02	4.096000e+04	1.099483e-01	1.337807e-03	3.048000e+00
1.0	5.120000e+02	4.096000e+04	1.104374e-01	1.543549e-03	3.048000e+00
1.0	6.400000e+02	4.096000e+04	1.104477e-01	1.259002e-03	3.048000e+00
1.0	7.580000e+02	4.096000e+04	1.097581e-01	1.214773e-03	3.048000e+00
1.0	8.760000e+02	4.096000e+04	1.098215e-01	1.505221e-03	3.048000e+00
1.0	1.024000e+03	4.096000e+04	1.104574e-01	1.406199e-03	3.048000e+00
1.0	1.280000e+03	4.096000e+04	1.104519e-01	1.111308e-03	3.048000e+00
1.0	1.536000e+03	4.096000e+04	1.096423e-01	9.933193e-04	3.048000e+00
1.0	1.280000e+02	4.096000e+04	1.029222e-01	1.237562e-03	3.112000e+00
1.0	2.560000e+02	4.096000e+04	1.029223e-01	1.244441e-03	3.112000e+00
1.0	3.840000e+02	4.096000e+04	1.030883e-01	1.434912e-03	3.112000e+00
1.0	5.120000e+02	4.096000e+04	1.029205e-01	1.297634e-03	3.112000e+00
1.0	6.400000e+02	4.096000e+04	1.029215e-01	1.373440e-03	3.112000e+00
1.0	7.580000e+02	4.096000e+04	1.030907e-01	1.524815e-03	3.112000e+00
1.0	8.760000e+02	4.096000e+04	1.033565e-01	9.657391e-04	3.112000e+00
1.0	1.024000e+03	4.096000e+04	1.029215e-01	1.562418e-03	3.112000e+00
1.0	1.280000e+03	4.096000e+04	1.029264e-01	1.345046e-03	3.112000e+00
1.0	1.536000e+03	4.096000e+04	1.039121e-01	9.595124e-04	3.112000e+00
1.0	1.280000e+02	4.096000e+04	9.735493e-02	1.267057e-03	3.176000e+00
1.0	2.560000e+02	4.096000e+04	9.736989e-02	1.218588e-03	3.176000e+00
1.0	3.840000e+02	4.096000e+04	9.712005e-02	1.235133e-03	3.176000e+00
1.0	5.120000e+02	4.096000e+04	9.736512e-02	8.957433e-04	3.176000e+00
1.0	6.400000e+02	4.096000e+04	9.736229e-02	1.052516e-03	3.176000e+00
1.0	7.580000e+02	4.096000e+04	9.711582e-02	1.147687e-03	3.176000e+00
1.0	8.760000e+02	4.096000e+04	9.728967e-02	7.528689e-04	3.176000e+00
1.0	1.024000e+03	4.096000e+04	9.736615e-02	7.930375e-04	3.176000e+00
1.0	1.280000e+03	4.096000e+04	9.736390e-02	7.542509e-04	3.176000e+00
1.0	1.536000e+03	4.096000e+04	9.748236e-02	6.449129e-04	3.176000e+00
1.0	1.280000e+02	4.096000e+04	9.391590e-02	1.108382e-03	3.240000e+00
1.0	2.560000e+02	4.096000e+04	9.391420e-02	1.215285e-03	3.240000e+00
1.0	3.840000e+02	4.096000e+04	9.386875e-02	1.398028e-03	3.240000e+00
1.0	5.120000e+02	4.096000e+04	9.391891e-02	1.251426e-03	3.240000e+00
1.0	6.400000e+02	4.096000e+04	9.391569e-02	1.165474e-03	3.240000e+00
1.0	7.580000e+02	4.096000e+04	9.398857e-02	1.455352e-03	3.240000e+00
1.0	8.760000e+02	4.096000e+04	9.402108e-02	1.482931e-03	3.240000e+00
1.0	1.024000e+03	4.096000e+04	9.391257e-02	1.510630e-03	3.240000e+00
1.0	1.280000e+03	4.096000e+04	9.391415e-02	1.427977e-03	3.240000e+00
1.0	1.536000e+03	4.096000e+04	9.436509e-02	1.253577e-03	3.240000e+00
1.0	1.280000e+02	4.096000e+04	9.182643e-02	1.148400e-03	3.304000e+00
1.0	2.560000e+02	4.096000e+04	9.182502e-02	1.160357e-03	3.304000e+00
1.0	3.840000e+02	4.096000e+04	9.173772e-02	1.305807e-03	3.304000e+00
1.0	5.120000e+02	4.096000e+04	9.182501e-02	1.203418e-03	3.304000e+00
1.0	6.400000e+02	4.096000e+04	9.182565e-02	1.144669e-03	3.304000e+00
1.0	7.580000e+02	4.096000e+04	9.169186e-02	1.412675e-03	3.304000e+00
1.0	8.760000e+02	4.096000e+04	9.167036e-02	1.348819e-03	3.304000e+00
1.0	1.024000e+03	4.096000e+04	9.182461e-02	1.398152e-03	3.304000e+00
1.0	1.280000e+03	4.096000e+04	9.183254e-02	1.130222e-03	3.304000e+00
1.0	1.536000e+03	4.096000e+04	9.212151e-02	1.654659e-03	3.304000e+00
1.0	1.280000e+02	4.096000e+04	8.616630e-02	1.081269e-03	3.368000e+00
1.0	2.560000e+02	4.096000e+04	8.616197e-02	1.010155e-03	3.368000e+00
1.0	3.840000e+02	4.096000e+04	8.597751e-02	1.102330e-03	3.368000e+00
1.0	5.120000e+02	4.096000e+04	8.617429e-02	1.028278e-03	3.368000e+00
1.0	6.400000e+02	4.096000e+04	8.617475e-02	9.219225e-04	3.368000e+00
1.0	7.580000e+02	4.096000e+04	8.594343e-02	8.419773e-04	3.368000e+00
1.0	8.760000e+02	4.096000e+04	8.588355e-02	9.612713e-04	3.368000e+00
1.0	1.024000e+03	4.096000e+04	8.616844e-02	1.114058e-03	3.368000e+00
1.0	1.280000e+03	4.096000e+04	8.616913e-02	8.890157e-04	3.368000e+00
1.0	1.536000e+03	4.096000e+04	8.567738e-02	9.488511e-04	3.368000e+00
1.0	1.280000e+02	4.096000e+04	8.487694e-02	8.514638e-04	3.432000e+00
1.0	2.560000e+02	4.096000e+04	8.488140e-02	9.565261e-04	3.432000e+00
1.0	3.840000e+02	4.096000e+04	8.498585e-02	8.035554e-04	3.432000e+00
1.0	5.120000e+02	4.096000e+04	8.487875e-02	9.322948e-04	3.432000e+00
1.0	6.400000e+02	4.096000e+04	8.487612e-02	1.029946e-03	3.432000e+00
1.0	7.580000e+02	4.096000e+04	8.503438e-02	9.238165e-04	3.432000e+00
1.0	8.760000e+02	4.096000e+04	8.515705e-02	8.901314e-04	3.432000e+00
1.0	1.024000e+03	4.096000e+04	8.488479e-02	7.512811e-04	3.432000e+00
1.0	1.280000e+03	4.096000e+04	8.487530e-02	9.192322e-04	3.432000e+00
1.0	1.536000e+03	4.096000e+04	8.498056e-02	8.629903e-04	3.432000e+00
1.0	1.280000e+02	4.096000e+04	8.256017e-02	8.742704e-04	3.496000e+00
1.0	2.560000e+02	4.096000e+04	8.255353e-02	8.977695e-04	3.496000e+00
1.0	3.840000e+02	4.096000e+04	8.235093e-02	8.192433e-04	3.496000e+00
1.0	5.120000e+02	4.096000e+04	8.255494e-02	6.857568e-04	3.496000e+00
1.0	6.400000e+02	4.096000e+04	8.255810e-02	8.817707e-04	3.496000e+00
1.0	7.580000e+02	4.096000e+04	8.238203e-02	6.308662e-04	3.496000e+00
1.0	8.760000e+02	4.096000e+04	8.231937e-02	7.722224e-04	3.496000e+00
1.0	1.024000e+03	4.096000e+04	8.255323e-02	4.423926e-04	3.496000e+00
1.0	1.280000e+03	4.096000e+04	8.255804e-02	7.563751e-04	3.496000e+00
1.0	1.536000e+03	4.096000e+04	8.242931e-02	6.850835e-04	3.496000e+00
1.0	1.280000e+02	4.096000e+04	8.181208e-02	7.499239e-04	3.560000e+00
1.0	2.560000e+02	4.096000e+04	8.180939e-02	7.215905e-04	3.560000e+00
1.0	3.840000e+02	4.096000e+04	8.212432e-02	6.783631e-04	3.560000e+00
1.0	5.120000e+02	4.096000e+04	8.181161e-02	6.240976e-04	3.560000e+00
1.0	6.400000e+02	4.096000e+04	8.181226e-02	8.992047e-04	3.560000e+00
1.0	7.580000e+02	4.096000e+04	8.207861e-02	9.085024e-04	3.560000e+00
1.0	8.760000e+02	4.096000e+04	8.206400e-02	6.672131e-04	3.560000e+00
1.0	1.024000e+03	4.096000e+04	8.181093e-02	7.282866e-04	3.560000e+00
1.0	1.280000e+03	4.096000e+04	8.180677e-02	1.020065e-03	3.560000e+00
1.0	1.536000e+03	4.096000e+04	8.241236e-02	4.560288e-04	3.560000e+00
1.0	1.280000e+02	4.096000e+04	7.858249e-02	7.291761e-04	3.624000e+00
1.0	2.560000e+02	4.096000e+04	7.857421e-02	8.296301e-04	3.624000e+00
1.0	3.840000e+02	4.096000e+04	7.856000e-02	8.421957e-04	3.624000e+00
1.0	5.120000e+02	4.096000e+04	7.858258e-02	8.247139e-04	3.624000e+00
1.0	6.400000e+02	4.096000e+04	7.857076e-02	9.511310e-04	3.624000e+00
1.0	7.580000e+02	4.096000e+04	7.886302e-02	7.311573e-04	3.624000e+00
1.0	8.760000e+02	4.096000e+04	7.899210e-02	8.560658e-04	3.624000e+00
1.0	1.024000e+03	4.096000e+04	7.857329e-02	7.284303e-04	3.624000e+00
1.0	1.280000e+03	4.096000e+04	7.857648e-02	8.428648e-04	3.624000e+00
1.0	1.536000e+03	4.096000e+04	7.874182e-02	9.180054e-04	3.624000e+00
