1.0	1.280000e+02	4.096000e+04	1.000000e+00	0.000000e+00	5.000000e-02
1.0	2.560000e+02	4.096000e+04	1.000000e+00	0.000000e+00	5.000000e-02
1.0	3.840000e+02	4.096000e+04	1.000000e+00	0.000000e+00	5.000000e-02
1.0	5.120000e+02	4.096000e+04	1.000000e+00	0.000000e+00	5.000000e-02
1.0	6.400000e+02	4.096000e+04	1.000000e+00	0.000000e+00	5.000000e-02
1.0	7.580000e+02	4.096000e+04	1.000000e+00	0.000000e+00	5.000000e-02
1.0	8.760000e+02	4.096000e+04	1.000000e+00	0.000000e+00	5.000000e-02
1.0	1.024000e+03	4.096000e+04	1.000000e+00	0.000000e+00	5.000000e-02
1.0	1.280000e+03	4.096000e+04	1.000000e+00	0.000000e+00	5.000000e-02
1.0	1.536000e+03	4.096000e+04	1.000000e+00	0.000000e+00	5.000000e-02
1.0	1.280000e+02	4.096000e+04	1.000000e+00	0.000000e+00	2.500000e-01
1.0	2.560000e+02	4.096000e+04	1.000000e+00	0.000000e+00	2.500000e-01
1.0	3.840000e+02	4.096000e+04	1.000000e+00	0.000000e+00	2.500000e-01
1.0	5.120000e+02	4.096000e+04	1.000000e+00	0.000000e+00	2.500000e-01
1.0	6.400000e+02	4.096000e+04	1.000000e+00	0.000000e+00	2.500000e-01
1.0	7.580000e+02	4.096000e+04	1.000000e+00	0.000000e+00	2.500000e-01
1.0	8.760000e+02	4.096000e+04	1.000000e+00	0.000000e+00	2.500000e-01
1.0	1.024000e+03	4.096000e+04	1.000000e+00	0.000000e+00	2.500000e-01
1.0	1.280000e+03	4.096000e+04	1.000000e+00	0.000000e+00	2.500000e-01
1.0	1.536000e+03	4.096000e+04	1.000000e+00	0.000000e+00	2.500000e-01
1.0	1.280000e+02	4.096000e+04	1.000000e+00	0.000000e+00	4.500000e-01
1.0	2.560000e+02	4.096000e+04	1.000000e+00	0.000000e+00	4.500000e-01
1.0	3.840000e+02	4.096000e+04	1.000000e+00	0.000000e+00	4.500000e-01
1.0	5.120000e+02	4.096000e+04	1.000000e+00	0.000000e+00	4.500000e-01
1.0	6.400000e+02	4.096000e+04	1.000000e+00	0.000000e+00	4.500000e-01
1.0	7.580000e+02	4.096000e+04	1.000000e+00	0.000000e+00	4.500000e-01
1.0	8.760000e+02	4.096000e+04	1.000000e+00	0.000000e+00	4.500000e-01
1.0	1.024000e+03	4.096000e+04	1.000000e+00	0.000000e+00	4.500000e-01
1.0	1.280000e+03	4.096000e+04	1.000000e+00	0.000000e+00	4.500000e-01
1.0	1.536000e+03	4.096000e+04	1.000000e+00	0.000000e+00	4.500000e-01
1.0	1.280000e+02	4.096000e+04	9.999946e-01	2.639152e-06	6.500000e-01
1.0	2.560000e+02	4.096000e+04	9.999946e-01	3.205078e-06	6.500000e-01
1.0	3.840000e+02	4.096000e+04	9.999945e-01	3.227935e-06	6.500000e-01
1.0	5.120000e+02	4.096000e+04	9.999946e-01	3.100686e-06	6.500000e-01
1.0	6.400000e+02	4.096000e+04	9.999946e-01	3.034148e-06	6.500000e-01
1.0	7.580000e+02	4.096000e+04	9.999944e-01	3.089072e-06	6.500000e-01
1.0	8.760000e+02	4.096000e+04	9.999943e-01	3.074078e-06	6.500000e-01
1.0	1.024000e+03	4.096000e+04	9.999946e-01	2.856125e-06	6.500000e-01
1.0	1.280000e+03	4.096000e+04	9.999946e-01	2.689230e-06	6.500000e-01
1.0	1.536000e+03	4.096000e+04	9.999954e-01	2.830664e-06	6.500000e-01
1.0	1.280000e+02	4.096000e+04	9.998114e-01	1.765244e-05	8.500000e-01
1.0	2.560000e+02	4.096000e+04	9.998115e-01	1.579754e-05	8.500000e-01
1.0	3.840000e+02	4.096000e+04	9.998178e-01	1.554327e-05	8.500000e-01
1.0	5.120000e+02	4.096000e+04	9.998115e-01	1.599148e-05	8.500000e-01
1.0	6.400000e+02	4.096000e+04	9.998115e-01	1.748950e-05	8.500000e-01
1.0	7.580000e+02	4.096000e+04	9.998168e-01	1.532864e-05	8.500000e-01
1.0	8.760000e+02	4.096000e+04	9.998185e-01	1.655041e-05	8.500000e-01
1.0	1.024000e+03	4.096000e+04	9.998116e-01	1.550996e-05	8.500000e-01
1.0	1.280000e+03	4.096000e+04	9.998116e-01	1.386629e-05	8.500000e-01
1.0	1.536000e+03	4.096000e+04	9.998132e-01	2.102321e-05	8.500000e-01
1.0	1.280000e+02	4.096000e+04	9.989435e-01	4.365273e-05	1.050000e+00
1.0	2.560000e+02	4.096000e+04	9.989434e-01	3.344134e-05	1.050000e+00
1.0	3.840000e+02	4.096000e+04	9.989429e-01	3.090366e-05	1.050000e+00
1.0	5.120000e+02	4.096000e+04	9.989434e-01	2.719074e-05	1.050000e+00
1.0	6.400000e+02	4.096000e+04	9.989436e-01	3.871797e-05	1.050000e+00
1.0	7.580000e+02	4.096000e+04	9.989457e-01	2.464919e-05	1.050000e+00
1.0	8.760000e+02	4.096000e+04	9.989436e-01	2.877184e-05	1.050000e+00
1.0	1.024000e+03	4.096000e+04	9.989434e-01	2.429805e-05	1.050000e+00
1.0	1.280000e+03	4.096000e+04	9.989434e-01	2.199987e-05	1.050000e+00
1.0	1.536000e+03	4.096000e+04	9.989377e-01	2.258760e-05	1.050000e+00
1.0	1.280000e+02	4.096000e+04	9.959430e-01	9.303136e-05	1.250000e+00
1.0	2.560000e+02	4.096000e+04	9.959447e-01	1.020504e-04	1.250000e+00
1.0	3.840000e+02	4.096000e+04	9.959647e-01	9.511183e-05	1.250000e+00
1.0	5.120000e+02	4.096000e+04	9.959442e-01	9.664189e-05	1.250000e+00
1.0	6.400000e+02	4.096000e+04	9.959443e-01	8.700918e-05	1.250000e+00
1.0	7.580000e+02	4.096000e+04	9.959601e-01	8.764291e-05	1.250000e+00
1.0	8.760000e+02	4.096000e+04	9.959494e-01	1.046128e-04	1.250000e+00
1.0	1.024000e+03	4.096000e+04	9.959458e-01	8.172937e-05	1.250000e+00
1.0	1.280000e+03	4.096000e+04	9.959444e-01	9.877161e-05	1.250000e+00
1.0	1.536000e+03	4.096000e+04	9.959850e-01	6.013795e-05	1.250000e+00
1.0	1.280000e+02	4.096000e+04	9.892923e-01	1.620226e-04	1.450000e+00
1.0	2.560000e+02	4.096000e+04	9.892906e-01	1.574236e-04	1.450000e+00
1.0	3.840000e+02	4.096000e+04	9.892878e-01	1.657590e-04	1.450000e+00
1.0	5.120000e+02	4.096000e+04	9.892918e-01	1.586898e-04	1.450000e+00
1.0	6.400000e+02	4.096000e+04	9.892928e-01	1.545476e-04	1.450000e+00
1.0	7.580000e+02	4.096000e+04	9.892691e-01	2.028512e-04	1.450000e+00
1.0	8.760000e+02	4.096000e+04	9.893337e-01	1.329675e-04	1.450000e+00
1.0	1.024000e+03	4.096000e+04	9.892919e-01	1.409798e-04	1.450000e+00
1.0	1.280000e+03	4.096000e+04	9.892921e-01	8.562878e-05	1.450000e+00
1.0	1.536000e+03	4.096000e+04	9.893580e-01	1.699570e-04	1.450000e+00
1.0	1.280000e+02	4.096000e+04	9.752174e-01	3.689615e-04	1.650000e+00
1.0	2.560000e+02	4.096000e+04	9.752159e-01	2.930998e-04	1.650000e+00
1.0	3.840000e+02	4.096000e+04	9.752159e-01	3.864548e-04	1.650000e+00
1.0	5.120000e+02	4.096000e+04	9.752190e-01	3.416267e-04	1.650000e+00
1.0	6.400000e+02	4.096000e+04	9.752128e-01	3.982489e-04	1.650000e+00
1.0	7.580000e+02	4.096000e+04	9.752337e-01	4.435890e-04	1.650000e+00
1.0	8.760000e+02	4.096000e+04	9.751694e-01	4.881467e-04	1.650000e+00
1.0	1.024000e+03	4.096000e+04	9.752185e-01	3.740577e-04	1.650000e+00
1.0	1.280000e+03	4.096000e+04	9.752198e-01	4.385445e-04	1.650000e+00
1.0	1.536000e+03	4.096000e+04	9.752259e-01	4.964471e-04	1.650000e+00
1.0	1.280000e+02	4.096000e+04	9.466980e-01	8.764018e-04	1.850000e+00
1.0	2.560000e+02	4.096000e+04	9.467088e-01	9.240348e-04	1.850000e+00
1.0	3.840000e+02	4.096000e+04	9.472129e-01	7.491335e-04	1.850000e+00
1.0	5.120000e+02	4.096000e+04	9.467043e-01	8.653529e-04	1.850000e+00
1.0	6.400000e+02	4.096000e+04	9.467075e-01	8.293566e-04	1.850000e+00
1.0	7.580000e+02	4.096000e+04	9.472667e-01	5.916652e-04	1.850000e+00
1.0	8.760000e+02	4.096000e+04	9.471528e-01	7.042968e-04	1.850000e+00
1.0	1.024000e+03	4.096000e+04	9.467069e-01	9.489679e-04	1.850000e+00
1.0	1.280000e+03	4.096000e+04	9.467063e-01	8.718031e-04	1.850000e+00
1.0	1.536000e+03	4.096000e+04	9.472725e-01	5.371908e-04	1.850000e+00
1.0	1.280000e+02	4.096000e+04	9.088056e-01	1.956878e-03	2.000000e+00
1.0	2.560000e+02	4.096000e+04	9.088299e-01	1.714860e-03	2.000000e+00
1.0	3.840000e+02	4.096000e+04	9.084956e-01	1.786399e-03	2.000000e+00
1.0	5.120000e+02	4.096000e+04	9.088236e-01	1.757022e-03	2.000000e+00
1.0	6.400000e+02	4.096000e+04	9.088318e-01	1.692708e-03	2.000000e+00
1.0	7.580000e+02	4.096000e+04	9.084465e-01	1.535367e-03	2.000000e+00
1.0	8.760000e+02	4.096000e+04	9.080376e-01	1.434187e-03	2.000000e+00
1.0	1.024000e+03	4.096000e+04	9.088247e-01	1.644779e-03	2.000000e+00
1.0	1.280000e+03	4.096000e+04	9.088340e-01	9.267661e-04	2.000000e+00
1.0	1.536000e+03	4.096000e+04	9.080618e-01	1.398698e-03	2.000000e+00
1.0	1.280000e+02	4.096000e+04	9.025080e-01	2.941924e-03	2.016000e+00
1.0	2.560000e+02	4.096000e+04	9.025290e-01	3.027964e-03	2.016000e+00
1.0	3.840000e+02	4.096000e+04	9.022060e-01	3.185074e-03	2.016000e+00
1.0	5.120000e+02	4.096000e+04	9.024952e-01	2.799519e-03	2.016000e+00
1.0	6.400000e+02	4.096000e+04	9.024893e-01	3.172546e-03	2.016000e+00
1.0	7.580000e+02	4.096000e+04	9.019913e-01	2.746737e-03	2.016000e+00
1.0	8.760000e+02	4.096000e+04	9.018963e-01	3.285792e-03	2.016000e+00
1.0	1.024000e+03	4.096000e+04	9.024672e-01	2.465418e-03	2.016000e+00
1.0	1.280000e+03	4.096000e+04	9.025004e-01	2.434681e-03	2.016000e+00
1.0	1.536000e+03	4.096000e+04	9.017070e-01	2.483715e-03	2.016000e+00
1.0	1.280000e+02	4.096000e+04	8.999907e-01	1.817762e-03	2.032000e+00
1.0	2.560000e+02	4.096000e+04	8.999663e-01	1.725286e-03	2.032000e+00
1.0	3.840000e+02	4.096000e+04	8.998498e-01	1.809144e-03	2.032000e+00
1.0	5.120000e+02	4.096000e+04	8.999584e-01	1.961759e-03	2.032000e+00
1.0	6.400000e+02	4.096000e+04	8.999723e-01	1.887847e-03	2.032000e+00
1.0	7.580000e+02	4.096000e+04	8.995856e-01	1.705515e-03	2.032000e+00
1.0	8.760000e+02	4.096000e+04	9.003482e-01	2.375448e-03	2.032000e+00
1.0	1.024000e+03	4.096000e+04	8.999779e-01	1.796568e-03	2.032000e+00
1.0	1.280000e+03	4.096000e+04	8.999822e-01	1.519355e-03	2.032000e+00
1.0	1.536000e+03	4.096000e+04	8.997278e-01	1.733238e-03	2.032000e+00
1.0	1.280000e+02	4.096000e+04	8.930365e-01	2.596050e-03	2.048000e+00
1.0	2.560000e+02	4.096000e+04	8.930652e-01	2.377898e-03	2.048000e+00
1.0	3.840000e+02	4.096000e+04	8.928911e-01	2.503596e-03	2.048000e+00
1.0	5.120000e+02	4.096000e+04	8.930619e-01	2.274702e-03	2.048000e+00
1.0	6.400000e+02	4.096000e+04	8.930546e-01	1.794804e-03	2.048000e+00
1.0	7.580000e+02	4.096000e+04	8.928982e-01	2.669540e-03	2.048000e+00
1.0	8.760000e+02	4.096000e+04	8.931310e-01	2.104646e-03	2.048000e+00
1.0	1.024000e+03	4.096000e+04	8.930379e-01	2.355286e-03	2.048000e+00
1.0	1.280000e+03	4.096000e+04	8.930550e-01	1.285673e-03	2.048000e+00
1.0	1.536000e+03	4.096000e+04	8.934942e-01	2.352181e-03	2.048000e+00
1.0	1.280000e+02	4.096000e+04	8.855287e-01	2.336053e-03	2.064000e+00
1.0	2.560000e+02	4.096000e+04	8.855194e-01	2.643368e-03	2.064000e+00
1.0	3.840000e+02	4.096000e+04	8.850058e-01	2.784839e-03	2.064000e+00
1.0	5.120000e+02	4.096000e+04	8.855331e-01	2.567936e-03	2.064000e+00
1.0	6.400000e+02	4.096000e+04	8.855293e-01	2.555582e-03	2.064000e+00
1.0	7.580000e+02	4.096000e+04	8.849381e-01	3.107898e-03	2.064000e+00
1.0	8.760000e+02	4.096000e+04	8.849197e-01	2.595742e-03	2.064000e+00
1.0	1.024000e+03	4.096000e+04	8.855416e-01	3.300275e-03	2.064000e+00
1.0	1.280000e+03	4.096000e+04	8.855447e-01	2.411964e-03	2.064000e+00
1.0	1.536000e+03	4.096000e+04	8.843410e-01	2.851139e-03	2.064000e+00
1.0	1.280000e+02	4.096000e+04	8.767034e-01	3.671438e-03	2.080000e+00
1.0	2.560000e+02	4.096000e+04	8.767325e-01	3.517588e-03	2.080000e+00
1.0	3.840000e+02	4.096000e+04	8.771064e-01	4.421173e-03	2.080000e+00
1.0	5.120000e+02	4.096000e+04	8.767264e-01	4.366076e-03	2.080000e+00
1.0	6.400000e+02	4.096000e+04	8.767080e-01	4.028545e-03	2.080000e+00
1.0	7.580000e+02	4.096000e+04	8.782846e-01	3.670326e-03	2.080000e+00
1.0	8.760000e+02	4.096000e+04	8.786783e-01	5.071769e-03	2.080000e+00
1.0	1.024000e+03	4.096000e+04	8.766871e-01	4.675406e-03	2.080000e+00
1.0	1.280000e+03	4.096000e+04	8.766902e-01	4.673156e-03	2.080000e+00
1.0	1.536000e+03	4.096000e+04	8.783915e-01	4.646356e-03	2.080000e+00
1.0	1.280000e+02	4.096000e+04	8.750052e-01	2.476409e-03	2.096000e+00
1.0	2.560000e+02	4.096000e+04	8.750034e-01	2.803041e-03	2.096000e+00
1.0	3.840000e+02	4.096000e+04	8.746164e-01	2.359681e-03	2.096000e+00
1.0	5.120000e+02	4.096000e+04	8.749973e-01	2.552824e-03	2.096000e+00
1.0	6.400000e+02	4.096000e+04	8.750139e-01	2.520581e-03	2.096000e+00
1.0	7.580000e+02	4.096000e+04	8.743835e-01	2.827062e-03	2.096000e+00
1.0	8.760000e+02	4.096000e+04	8.740476e-01	3.204981e-03	2.096000e+00
1.0	1.024000e+03	4.096000e+04	8.749969e-01	2.382318e-03	2.096000e+00
1.0	1.280000e+03	4.096000e+04	8.750160e-01	2.595432e-03	2.096000e+00
1.0	1.536000e+03	4.096000e+04	8.752049e-01	2.407378e-03	2.096000e+00
1.0	1.280000e+02	4.096000e+04	8.579014e-01	4.976231e-03	2.112000e+00
1.0	2.560000e+02	4.096000e+04	8.579307e-01	4.909686e-03	2.112000e+00
1.0	3.840000e+02	4.096000e+04	8.576970e-01	5.195698e-03	2.112000e+00
1.0	5.120000e+02	4.096000e+04	8.579276e-01	4.815735e-03	2.112000e+00
1.0	6.400000e+02	4.096000e+04	8.578951e-01	4.854317e-03	2.112000e+00
1.0	7.580000e+02	4.096000e+04	8.574356e-01	5.516273e-03	2.112000e+00
1.0	8.760000e+02	4.096000e+04	8.570051e-01	4.553952e-03	2.112000e+00
1.0	1.024000e+03	4.096000e+04	8.579516e-01	4.759556e-03	2.112000e+00
1.0	1.280000e+03	4.096000e+04	8.579636e-01	6.271513e-03	2.112000e+00
1.0	1.536000e+03	4.096000e+04	8.560512e-01	4.386039e-03	2.112000e+00
1.0	1.280000e+02	4.096000e+04	8.523203e-01	3.612478e-03	2.128000e+00
1.0	2.560000e+02	4.096000e+04	8.523424e-01	3.466105e-03	2.128000e+00
1.0	3.840000e+02	4.096000e+04	8.538498e-01	3.072167e-03	2.128000e+00
1.0	5.120000e+02	4.096000e+04	8.523193e-01	2.615966e-03	2.128000e+00
1.0	6.400000e+02	4.096000e+04	8.523344e-01	3.211483e-03	2.128000e+00
1.0	7.580000e+02	4.096000e+04	8.535150e-01	2.307791e-03	2.128000e+00
1.0	8.760000e+02	4.096000e+04	8.547727e-01	1.537337e-03	2.128000e+00
1.0	1.024000e+03	4.096000e+04	8.523411e-01	2.072275e-03	2.128000e+00
1.0	1.280000e+03	4.096000e+04	8.523394e-01	2.860235e-03	2.128000e+00
1.0	1.536000e+03	4.096000e+04	8.538211e-01	1.071970e-03	2.128000e+00
1.0	1.280000e+02	4.096000e+04	8.450827e-01	3.208086e-03	2.144000e+00
1.0	2.560000e+02	4.096000e+04	8.450646e-01	3.296939e-03	2.144000e+00
1.0	3.840000e+02	4.096000e+04	8.447665e-01	3.750368e-03	2.144000e+00
1.0	5.120000e+02	4.096000e+04	8.450609e-01	3.789378e-03	2.144000e+00
1.0	6.400000e+02	4.096000e+04	8.450601e-01	4.242264e-03	2.144000e+00
1.0	7.580000e+02	4.096000e+04	8.445509e-01	3.835842e-03	2.144000e+00
1.0	8.760000e+02	4.096000e+04	8.442024e-01	4.490387e-03	2.144000e+00
1.0	1.024000e+03	4.096000e+04	8.450719e-01	3.540478e-03	2.144000e+00
1.0	1.280000e+03	4.096000e+04	8.450733e-01	5.345948e-03	2.144000e+00
1.0	1.536000e+03	4.096000e+04	8.444120e-01	3.227649e-03	2.144000e+00
1.0	1.280000e+02	4.096000e+04	8.280402e-01	4.843335e-03	2.160000e+00
1.0	2.560000e+02	4.096000e+04	8.280340e-01	4.480738e-03	2.160000e+00
1.0	3.840000e+02	4.096000e+04	8.280136e-01	5.559239e-03	2.160000e+00
1.0	5.120000e+02	4.096000e+04	8.280882e-01	4.771788e-03	2.160000e+00
1.0	6.400000e+02	4.096000e+04	8.280834e-01	4.594370e-03	2.160000e+00
1.0	7.580000e+02	4.096000e+04	8.286710e-01	5.637169e-03	2.160000e+00
1.0	8.760000e+02	4.096000e+04	8.289280e-01	3.893433e-03	2.160000e+00
1.0	1.024000e+03	4.096000e+04	8.280324e-01	5.529692e-03	2.160000e+00
1.0	1.280000e+03	4.096000e+04	8.280665e-01	3.906011e-03	2.160000e+00
1.0	1.536000e+03	4.096000e+04	8.286534e-01	5.211872e-03	2.160000e+00
1.0	1.280000e+02	4.096000e+04	8.202565e-01	4.612989e-03	2.176000e+00
1.0	2.560000e+02	4.096000e+04	8.202233e-01	5.317667e-03	2.176000e+00
1.0	3.840000e+02	4.096000e+04	8.203288e-01	5.535151e-03	2.176000e+00
1.0	5.120000e+02	4.096000e+04	8.202669e-01	5.416306e-03	2.176000e+00
1.0	6.400000e+02	4.096000e+04	8.202934e-01	6.246654e-03	2.176000e+00
1.0	7.580000e+02	4.096000e+04	8.198182e-01	6.519758e-03	2.176000e+00
1.0	8.760000e+02	4.096000e+04	8.196938e-01	5.141246e-03	2.176000e+00
1.0	1.024000e+03	4.096000e+04	8.202610e-01	5.773748e-03	2.176000e+00
1.0	1.280000e+03	4.096000e+04	8.202432e-01	6.187261e-03	2.176000e+00
1.0	1.536000e+03	4.096000e+04	8.197415e-01	6.750370e-03	2.176000e+00
1.0	1.280000e+02	4.096000e+04	8.153525e-01	4.811843e-03	2.192000e+00
1.0	2.560000e+02	4.096000e+04	8.153300e-01	4.979613e-03	2.192000e+00
1.0	3.840000e+02	4.096000e+04	8.146010e-01	4.354278e-03	2.192000e+00
1.0	5.120000e+02	4.096000e+04	8.153736e-01	4.148727e-03	2.192000e+00
1.0	6.400000e+02	4.096000e+04	8.153309e-01	3.977623e-03	2.192000e+00
1.0	7.580000e+02	4.096000e+04	8.144003e-01	4.321500e-03	2.192000e+00
1.0	8.760000e+02	4.096000e+04	8.149532e-01	3.403105e-03	2.192000e+00
1.0	1.024000e+03	4.096000e+04	8.153491e-01	4.501451e-03	2.192000e+00
1.0	1.280000e+03	4.096000e+04	8.153304e-01	3.781826e-03	2.192000e+00
1.0	1.536000e+03	4.096000e+04	8.146120e-01	5.263954e-03	2.192000e+00
1.0	1.280000e+02	4.096000e+04	7.843356e-01	6.971899e-03	2.208000e+00
1.0	2.560000e+02	4.096000e+04	7.843148e-01	7.431803e-03	2.208000e+00
1.0	3.840000e+02	4.096000e+04	7.850017e-01	9.001429e-03	2.208000e+00
1.0	5.120000e+02	4.096000e+04	7.842803e-01	8.998045e-03	2.208000e+00
1.0	6.400000e+02	4.096000e+04	7.843199e-01	7.658513e-03	2.208000e+00
1.0	7.580000e+02	4.096000e+04	7.855520e-01	8.098909e-03	2.208000e+00
1.0	8.760000e+02	4.096000e+04	7.870183e-01	9.220885e-03	2.208000e+00
1.0	1.024000e+03	4.096000e+04	7.844018e-01	8.616399e-03	2.208000e+00
1.0	1.280000e+03	4.096000e+04	7.843975e-01	8.891923e-03	2.208000e+00
1.0	1.536000e+03	4.096000e+04	7.893950e-01	8.041702e-03	2.208000e+00
1.0	1.280000e+02	4.096000e+04	7.865636e-01	5.729151e-03	2.224000e+00
1.0	2.560000e+02	4.096000e+04	7.865097e-01	5.381053e-03	2.224000e+00
1.0	3.840000e+02	4.096000e+04	7.865355e-01	5.705151e-03	2.224000e+00
1.0	5.120000e+02	4.096000e+04	7.865246e-01	4.838124e-03	2.224000e+00
1.0	6.400000e+02	4.096000e+04	7.865651e-01	5.481750e-03	2.224000e+00
1.0	7.580000e+02	4.096000e+04	7.862392e-01	5.296763e-03	2.224000e+00
1.0	8.760000e+02	4.096000e+04	7.866076e-01	5.407556e-03	2.224000e+00
1.0	1.024000e+03	4.096000e+04	7.865606e-01	3.743914e-03	2.224000e+00
1.0	1.280000e+03	4.096000e+04	7.864857e-01	3.920303e-03	2.224000e+00
1.0	1.536000e+03	4.096000e+04	7.855533e-01	5.052057e-03	2.224000e+00
1.0	1.280000e+02	4.096000e+04	7.814722e-01	6.120006e-03	2.228000e+00
1.0	2.560000e+02	4.096000e+04	7.814660e-01	5.802844e-03	2.228000e+00
1.0	3.840000e+02	4.096000e+04	7.817816e-01	4.625184e-03	2.228000e+00
1.0	5.120000e+02	4.096000e+04	7.813937e-01	5.464704e-03	2.228000e+00
1.0	6.400000e+02	4.096000e+04	7.814310e-01	4.378546e-03	2.228000e+00
1.0	7.580000e+02	4.096000e+04	7.821686e-01	3.099923e-03	2.228000e+00
1.0	8.760000e+02	4.096000e+04	7.818844e-01	4.011383e-03	2.228000e+00
1.0	1.024000e+03	4.096000e+04	7.814225e-01	3.250773e-03	2.228000e+00
1.0	1.280000e+03	4.096000e+04	7.814524e-01	4.047113e-03	2.228000e+00
1.0	1.536000e+03	4.096000e+04	7.820171e-01	3.610306e-03	2.228000e+00
1.0	1.280000e+02	4.096000e+04	7.753828e-01	6.950666e-03	2.232000e+00
1.0	2.560000e+02	4.096000e+04	7.753555e-01	6.555206e-03	2.232000e+00
1.0	3.840000e+02	4.096000e+04	7.769354e-01	5.813337e-03	2.232000e+00
1.0	5.120000e+02	4.096000e+04	7.753699e-01	6.428665e-03	2.232000e+00
1.0	6.400000e+02	4.096000e+04	7.754171e-01	5.327484e-03	2.232000e+00
1.0	7.580000e+02	4.096000e+04	7.774528e-01	6.372977e-03	2.232000e+00
1.0	8.760000e+02	4.096000e+04	7.761948e-01	5.887611e-03	2.232000e+00
1.0	1.024000e+03	4.096000e+04	7.754253e-01	5.377850e-03	2.232000e+00
1.0	1.280000e+03	4.096000e+04	7.753995e-01	3.538319e-03	2.232000e+00
1.0	1.536000e+03	4.096000e+04	7.767154e-01	3.105226e-03	2.232000e+00
1.0	1.280000e+02	4.096000e+04	7.730600e-01	5.285741e-03	2.236000e+00
1.0	2.560000e+02	4.096000e+04	7.730245e-01	5.505137e-03	2.236000e+00
1.0	3.840000e+02	4.096000e+04	7.717678e-01	5.303151e-03	2.236000e+00
1.0	5.120000e+02	4.096000e+04	7.730692e-01	5.563267e-03	2.236000e+00
1.0	6.400000e+02	4.096000e+04	7.730248e-01	5.865763e-03	2.236000e+00
1.0	7.580000e+02	4.096000e+04	7.713891e-01	5.943988e-03	2.236000e+00
1.0	8.760000e+02	4.096000e+04	7.717337e-01	6.092617e-03	2.236000e+00
1.0	1.024000e+03	4.096000e+04	7.730609e-01	5.757514e-03	2.236000e+00
1.0	1.280000e+03	4.096000e+04	7.730661e-01	5.513181e-03	2.236000e+00
1.0	1.536000e+03	4.096000e+04	7.702317e-01	7.243628e-03	2.236000e+00
1.0	1.280000e+02	4.096000e+04	7.607503e-01	6.543666e-03	2.240000e+00
1.0	2.560000e+02	4.096000e+04	7.607985e-01	6.659733e-03	2.240000e+00
1.0	3.840000e+02	4.096000e+04	7.626863e-01	5.962369e-03	2.240000e+00
1.0	5.120000e+02	4.096000e+04	7.607243e-01	6.296182e-03	2.240000e+00
1.0	6.400000e+02	4.096000e+04	7.607526e-01	6.428362e-03	2.240000e+00
1.0	7.580000e+02	4.096000e+04	7.618576e-01	5.859325e-03	2.240000e+00
1.0	8.760000e+02	4.096000e+04	7.613670e-01	7.373883e-03	2.240000e+00
1.0	1.024000e+03	4.096000e+04	7.607863e-01	6.034153e-03	2.240000e+00
1.0	1.280000e+03	4.096000e+04	7.607708e-01	4.578300e-03	2.240000e+00
1.0	1.536000e+03	4.096000e+04	7.624339e-01	6.901808e-03	2.240000e+00
1.0	1.280000e+02	4.096000e+04	7.601893e-01	6.155272e-03	2.244000e+00
1.0	2.560000e+02	4.096000e+04	7.601698e-01	6.227150e-03	2.244000e+00
1.0	3.840000e+02	4.096000e+04	7.610926e-01	6.085033e-03	2.244000e+00
1.0	5.120000e+02	4.096000e+04	7.601681e-01	5.539356e-03	2.244000e+00
1.0	6.400000e+02	4.096000e+04	7.601612e-01	6.382568e-03	2.244000e+00
1.0	7.580000e+02	4.096000e+04	7.608252e-01	7.365460e-03	2.244000e+00
1.0	8.760000e+02	4.096000e+04	7.596722e-01	6.554005e-03	2.244000e+00
1.0	1.024000e+03	4.096000e+04	7.601314e-01	6.345155e-03	2.244000e+00
1.0	1.280000e+03	4.096000e+04	7.601985e-01	6.126292e-03	2.244000e+00
1.0	1.536000e+03	4.096000e+04	7.600122e-01	5.211445e-03	2.244000e+00
1.0	1.280000e+02	4.096000e+04	7.637934e-01	6.386973e-03	2.248000e+00
1.0	2.560000e+02	4.096000e+04	7.637676e-01	6.562234e-03	2.248000e+00
1.0	3.840000e+02	4.096000e+04	7.632863e-01	6.310475e-03	2.248000e+00
1.0	5.120000e+02	4.096000e+04	7.636786e-01	7.228236e-03	2.248000e+00
1.0	6.400000e+02	4.096000e+04	7.637695e-01	7.295555e-03	2.248000e+00
1.0	7.580000e+02	4.096000e+04	7.630940e-01	9.790261e-03	2.248000e+00
1.0	8.760000e+02	4.096000e+04	7.649317e-01	7.686347e-03	2.248000e+00
1.0	1.024000e+03	4.096000e+04	7.637624e-01	6.636318e-03	2.248000e+00
1.0	1.280000e+03	4.096000e+04	7.637317e-01	8.960408e-03	2.248000e+00
1.0	1.536000e+03	4.096000e+04	7.648154e-01	9.867866e-03	2.248000e+00
1.0	1.280000e+02	4.096000e+04	7.605901e-01	5.741749e-03	2.252000e+00
1.0	2.560000e+02	4.096000e+04	7.605942e-01	5.915908e-03	2.252000e+00
1.0	3.840000e+02	4.096000e+04	7.599783e-01	6.237745e-03	2.252000e+00
1.0	5.120000e+02	4.096000e+04	7.606265e-01	5.711824e-03	2.252000e+00
1.0	6.400000e+02	4.096000e+04	7.604977e-01	6.905069e-03	2.252000e+00
1.0	7.580000e+02	4.096000e+04	7.596456e-01	5.872195e-03	2.252000e+00
1.0	8.760000e+02	4.096000e+04	7.588059e-01	7.720112e-03	2.252000e+00
1.0	1.024000e+03	4.096000e+04	7.605707e-01	5.709999e-03	2.252000e+00
1.0	1.280000e+03	4.096000e+04	7.605879e-01	5.551554e-03	2.252000e+00
1.0	1.536000e+03	4.096000e+04	7.570696e-01	3.077874e-03	2.252000e+00
1.0	1.280000e+02	4.096000e+04	7.571491e-01	5.892787e-03	2.256000e+00
1.0	2.560000e+02	4.096000e+04	7.572131e-01	6.682989e-03	2.256000e+00
1.0	3.840000e+02	4.096000e+04	7.565305e-01	4.948866e-03	2.256000e+00
1.0	5.120000e+02	4.096000e+04	7.571157e-01	6.466667e-03	2.256000e+00
1.0	6.400000e+02	4.096000e+04	7.571485e-01	5.182726e-03	2.256000e+00
1.0	7.580000e+02	4.096000e+04	7.565773e-01	5.550497e-03	2.256000e+00
1.0	8.760000e+02	4.096000e+04	7.563554e-01	6.636917e-03	2.256000e+00
1.0	1.024000e+03	4.096000e+04	7.571405e-01	6.894166e-03	2.256000e+00
1.0	1.280000e+03	4.096000e+04	7.571512e-01	5.522883e-03	2.256000e+00
1.0	1.536000e+03	4.096000e+04	7.562948e-01	6.621144e-03	2.256000e+00
1.0	1.280000e+02	4.096000e+04	7.507844e-01	5.019112e-03	2.260000e+00
1.0	2.560000e+02	4.096000e+04	7.508168e-01	5.157445e-03	2.260000e+00
1.0	3.840000e+02	4.096000e+04	7.503248e-01	4.992017e-03	2.260000e+00
1.0	5.120000e+02	4.096000e+04	7.508006e-01	4.546770e-03	2.260000e+00
1.0	6.400000e+02	4.096000e+04	7.508338e-01	5.116833e-03	2.260000e+00
1.0	7.580000e+02	4.096000e+04	7.496650e-01	4.644463e-03	2.260000e+00
1.0	8.760000e+02	4.096000e+04	7.494360e-01	4.071720e-03	2.260000e+00
1.0	1.024000e+03	4.096000e+04	7.507887e-01	1.832094e-03	2.260000e+00
1.0	1.280000e+03	4.096000e+04	7.508397e-01	4.476583e-03	2.260000e+00
1.0	1.536000e+03	4.096000e+04	7.505086e-01	2.367771e-03	2.260000e+00
1.0	1.280000e+02	4.096000e+04	7.484673e-01	5.810420e-03	2.264000e+00
1.0	2.560000e+02	4.096000e+04	7.485267e-01	6.253740e-03	2.264000e+00
1.0	3.840000e+02	4.096000e+04	7.480733e-01	6.913103e-03	2.264000e+00
1.0	5.120000e+02	4.096000e+04	7.485125e-01	5.647813e-03	2.264000e+00
1.0	6.400000e+02	4.096000e+04	7.485181e-01	5.459550e-03	2.264000e+00
1.0	7.580000e+02	4.096000e+04	7.487079e-01	4.170318e-03	2.264000e+00
1.0	8.760000e+02	4.096000e+04	7.481415e-01	5.770843e-03	2.264000e+00
1.0	1.024000e+03	4.096000e+04	7.485371e-01	3.460223e-03	2.264000e+00
1.0	1.280000e+03	4.096000e+04	7.485470e-01	3.113779e-03	2.264000e+00
1.0	1.536000e+03	4.096000e+04	7.474537e-01	3.301324e-03	2.264000e+00
1.0	1.280000e+02	4.096000e+04	7.361876e-01	6.925643e-03	2.268000e+00
1.0	2.560000e+02	4.096000e+04	7.362458e-01	7.620359e-03	2.268000e+00
1.0	3.840000e+02	4.096000e+04	7.371952e-01	7.273911e-03	2.268000e+00
1.0	5.120000e+02	4.096000e+04	7.362861e-01	8.455711e-03	2.268000e+00
1.0	6.400000e+02	4.096000e+04	7.362662e-01	8.003392e-03	2.268000e+00
1.0	7.580000e+02	4.096000e+04	7.383283e-01	9.826100e-03	2.268000e+00
1.0	8.760000e+02	4.096000e+04	7.378219e-01	8.902166e-03	2.268000e+00
1.0	1.024000e+03	4.096000e+04	7.361960e-01	8.774911e-03	2.268000e+00
1.0	1.280000e+03	4.096000e+04	7.362531e-01	9.207530e-03	2.268000e+00
1.0	1.536000e+03	4.096000e+04	7.366354e-01	1.037614e-02	2.268000e+00
1.0	1.280000e+02	4.096000e+04	7.388235e-01	5.848341e-03	2.272000e+00
1.0	2.560000e+02	4.096000e+04	7.388137e-01	5.613405e-03	2.272000e+00
1.0	3.840000e+02	4.096000e+04	7.387819e-01	5.698335e-03	2.272000e+00
1.0	5.120000e+02	4.096000e+04	7.388396e-01	4.998508e-03	2.272000e+00
1.0	6.400000e+02	4.096000e+04	7.387994e-01	5.625855e-03	2.272000e+00
1.0	7.580000e+02	4.096000e+04	7.391451e-01	5.161723e-03	2.272000e+00
1.0	8.760000e+02	4.096000e+04	7.389592e-01	5.519404e-03	2.272000e+00
1.0	1.024000e+03	4.096000e+04	7.388038e-01	5.494241e-03	2.272000e+00
1.0	1.280000e+03	4.096000e+04	7.388242e-01	5.162366e-03	2.272000e+00
1.0	1.536000e+03	4.096000e+04	7.406375e-01	4.187948e-03	2.272000e+00
1.0	1.280000e+02	4.096000e+04	7.330964e-01	6.554262e-03	2.276000e+00
1.0	2.560000e+02	4.096000e+04	7.331129e-01	6.300530e-03	2.276000e+00
1.0	3.840000e+02	4.096000e+04	7.325296e-01	6.481157e-03	2.276000e+00
1.0	5.120000e+02	4.096000e+04	7.330364e-01	5.009826e-03	2.276000e+00
1.0	6.400000e+02	4.096000e+04	7.330955e-01	5.384068e-03	2.276000e+00
1.0	7.580000e+02	4.096000e+04	7.334642e-01	5.543080e-03	2.276000e+00
1.0	8.760000e+02	4.096000e+04	7.325546e-01	5.095036e-03	2.276000e+00
1.0	1.024000e+03	4.096000e+04	7.331006e-01	4.398070e-03	2.276000e+00
1.0	1.280000e+03	4.096000e+04	7.331256e-01	5.838481e-03	2.276000e+00
1.0	1.536000e+03	4.096000e+04	7.325093e-01	4.444849e-03	2.276000e+00
1.0	1.280000e+02	4.096000e+04	7.327043e-01	6.573082e-03	2.280000e+00
1.0	2.560000e+02	4.096000e+04	7.326193e-01	6.994972e-03	2.280000e+00
1.0	3.840000e+02	4.096000e+04	7.337880e-01	7.121019e-03	2.280000e+00
1.0	5.120000e+02	4.096000e+04	7.326547e-01	7.009440e-03	2.280000e+00
1.0	6.400000e+02	4.096000e+04	7.326574e-01	5.011251e-03	2.280000e+00
1.0	7.580000e+02	4.096000e+04	7.330788e-01	6.644492e-03	2.280000e+00
1.0	8.760000e+02	4.096000e+04	7.323664e-01	4.931422e-03	2.280000e+00
1.0	1.024000e+03	4.096000e+04	7.326735e-01	6.055292e-03	2.280000e+00
1.0	1.280000e+03	4.096000e+04	7.326968e-01	5.898869e-03	2.280000e+00
1.0	1.536000e+03	4.096000e+04	7.294734e-01	7.082403e-03	2.280000e+00
1.0	1.280000e+02	4.096000e+04	7.299282e-01	6.136610e-03	2.284000e+00
1.0	2.560000e+02	4.096000e+04	7.299549e-01	5.386424e-03	2.284000e+00
1.0	3.840000e+02	4.096000e+04	7.304773e-01	5.434353e-03	2.284000e+00
1.0	5.120000e+02	4.096000e+04	7.299268e-01	5.164999e-03	2.284000e+00
1.0	6.400000e+02	4.096000e+04	7.300010e-01	4.913287e-03	2.284000e+00
1.0	7.580000e+02	4.096000e+04	7.301450e-01	4.997992e-03	2.284000e+00
1.0	8.760000e+02	4.096000e+04	7.301140e-01	5.049117e-03	2.284000e+00
1.0	1.024000e+03	4.096000e+04	7.299663e-01	3.825774e-03	2.284000e+00
1.0	1.280000e+03	4.096000e+04	7.299815e-01	4.599470e-03	2.284000e+00
1.0	1.536000e+03	4.096000e+04	7.310880e-01	3.484244e-03	2.284000e+00
1.0	1.280000e+02	4.096000e+04	7.187169e-01	6.297454e-03	2.288000e+00
1.0	2.560000e+02	4.096000e+04	7.187852e-01	5.891449e-03	2.288000e+00
1.0	3.840000e+02	4.096000e+04	7.186684e-01	5.955556e-03	2.288000e+00
1.0	5.120000e+02	4.096000e+04	7.187406e-01	5.759811e-03	2.288000e+00
1.0	6.400000e+02	4.096000e+04	7.186996e-01	7.503753e-03	2.288000e+00
1.0	7.580000e+02	4.096000e+04	7.183846e-01	6.140477e-03	2.288000e+00
1.0	8.760000e+02	4.096000e+04	7.186201e-01	8.374500e-03	2.288000e+00
1.0	1.024000e+03	4.096000e+04	7.187515e-01	6.006973e-03	2.288000e+00
1.0	1.280000e+03	4.096000e+04	7.187586e-01	6.117149e-03	2.288000e+00
1.0	1.536000e+03	4.096000e+04	7.191069e-01	5.725969e-03	2.288000e+00
1.0	1.280000e+02	4.096000e+04	7.162171e-01	7.373718e-03	2.292000e+00
1.0	2.560000e+02	4.096000e+04	7.162433e-01	8.341762e-03	2.292000e+00
1.0	3.840000e+02	4.096000e+04	7.169256e-01	7.228596e-03	2.292000e+00
1.0	5.120000e+02	4.096000e+04	7.162484e-01	6.625124e-03	2.292000e+00
1.0	6.400000e+02	4.096000e+04	7.162708e-01	5.581423e-03	2.292000e+00
1.0	7.580000e+02	4.096000e+04	7.168851e-01	5.368022e-03	2.292000e+00
1.0	8.760000e+02	4.096000e+04	7.163947e-01	6.942124e-03	2.292000e+00
1.0	1.024000e+03	4.096000e+04	7.162796e-01	4.981355e-03	2.292000e+00
1.0	1.280000e+03	4.096000e+04	7.163076e-01	4.530965e-03	2.292000e+00
1.0	1.536000e+03	4.096000e+04	7.174465e-01	3.149610e-03	2.292000e+00
1.0	1.280000e+02	4.096000e+04	7.169265e-01	7.180728e-03	2.296000e+00
1.0	2.560000e+02	4.096000e+04	7.168792e-01	7.958621e-03	2.296000e+00
1.0	3.840000e+02	4.096000e+04	7.181417e-01	8.229032e-03	2.296000e+00
1.0	5.120000e+02	4.096000e+04	7.169102e-01	8.407816e-03	2.296000e+00
1.0	6.400000e+02	4.096000e+04	7.169016e-01	7.592301e-03	2.296000e+00
1.0	7.580000e+02	4.096000e+04	7.167602e-01	9.487437e-03	2.296000e+00
1.0	8.760000e+02	4.096000e+04	7.178024e-01	8.135356e-03	2.296000e+00
1.0	1.024000e+03	4.096000e+04	7.168445e-01	8.585920e-03	2.296000e+00
1.0	1.280000e+03	4.096000e+04	7.168147e-01	7.380108e-03	2.296000e+00
1.0	1.536000e+03	4.096000e+04	7.198291e-01	1.020915e-02	2.296000e+00
1.0	1.280000e+02	4.096000e+04	7.146291e-01	6.498411e-03	2.300000e+00
1.0	2.560000e+02	4.096000e+04	7.146177e-01	6.416294e-03	2.300000e+00
1.0	3.840000e+02	4.096000e+04	7.145490e-01	5.725669e-03	2.300000e+00
1.0	5.120000e+02	4.096000e+04	7.145827e-01	6.692892e-03	2.300000e+00
1.0	6.400000e+02	4.096000e+04	7.146243e-01	5.815495e-03	2.300000e+00
1.0	7.580000e+02	4.096000e+04	7.142430e-01	4.145556e-03	2.300000e+00
1.0	8.760000e+02	4.096000e+04	7.125655e-01	6.403251e-03	2.300000e+00
1.0	1.024000e+03	4.096000e+04	7.145587e-01	6.319223e-03	2.300000e+00
1.0	1.280000e+03	4.096000e+04	7.145742e-01	4.961780e-03	2.300000e+00
1.0	1.536000e+03	4.096000e+04	7.145702e-01	5.162259e-03	2.300000e+00
1.0	1.280000e+02	4.096000e+04	7.029330e-01	7.100363e-03	2.304000e+00
1.0	2.560000e+02	4.096000e+04	7.029317e-01	6.784518e-03	2.304000e+00
1.0	3.840000e+02	4.096000e+04	7.022483e-01	6.455597e-03	2.304000e+00
1.0	5.120000e+02	4.096000e+04	7.029208e-01	6.029176e-03	2.304000e+00
1.0	6.400000e+02	4.096000e+04	7.028767e-01	6.974305e-03	2.304000e+00
1.0	7.580000e+02	4.096000e+04	7.021712e-01	5.692378e-03	2.304000e+00
1.0	8.760000e+02	4.096000e+04	7.020334e-01	5.493823e-03	2.304000e+00
1.0	1.024000e+03	4.096000e+04	7.029211e-01	6.518493e-03	2.304000e+00
1.0	1.280000e+03	4.096000e+04	7.029019e-01	6.672589e-03	2.304000e+00
1.0	1.536000e+03	4.096000e+04	7.026873e-01	3.646759e-03	2.304000e+00
1.0	1.280000e+02	4.096000e+04	6.943390e-01	7.177396e-03	2.308000e+00
1.0	2.560000e+02	4.096000e+04	6.943215e-01	8.276811e-03	2.308000e+00
1.0	3.840000e+02	4.096000e+04	6.945797e-01	9.095244e-03	2.308000e+00
1.0	5.120000e+02	4.096000e+04	6.943342e-01	8.423285e-03	2.308000e+00
1.0	6.400000e+02	4.096000e+04	6.943003e-01	5.853814e-03	2.308000e+00
1.0	7.580000e+02	4.096000e+04	6.949140e-01	7.031747e-03	2.308000e+00
1.0	8.760000e+02	4.096000e+04	6.943185e-01	7.059516e-03	2.308000e+00
1.0	1.024000e+03	4.096000e+04	6.943503e-01	7.726976e-03	2.308000e+00
1.0	1.280000e+03	4.096000e+04	6.943266e-01	6.913056e-03	2.308000e+00
1.0	1.536000e+03	4.096000e+04	6.941504e-01	6.374301e-03	2.308000e+00
1.0	1.280000e+02	4.096000e+04	6.963427e-01	6.903992e-03	2.312000e+00
1.0	2.560000e+02	4.096000e+04	6.963802e-01	7.036447e-03	2.312000e+00
1.0	3.840000e+02	4.096000e+04	6.953342e-01	6.851298e-03	2.312000e+00
1.0	5.120000e+02	4.096000e+04	6.963823e-01	7.256196e-03	2.312000e+00
1.0	6.400000e+02	4.096000e+04	6.963789e-01	7.308632e-03	2.312000e+00
1.0	7.580000e+02	4.096000e+04	6.943044e-01	5.108141e-03	2.312000e+00
1.0	8.760000e+02	4.096000e+04	6.957181e-01	5.024592e-03	2.312000e+00
1.0	1.024000e+03	4.096000e+04	6.963411e-01	4.913233e-03	2.312000e+00
1.0	1.280000e+03	4.096000e+04	6.963874e-01	7.561115e-03	2.312000e+00
1.0	1.536000e+03	4.096000e+04	6.956196e-01	4.026369e-03	2.312000e+00
1.0	1.280000e+02	4.096000e+04	6.753557e-01	7.730504e-03	2.316000e+00
1.0	2.560000e+02	4.096000e+04	6.753266e-01	8.120278e-03	2.316000e+00
1.0	3.840000e+02	4.096000e+04	6.769051e-01	7.092719e-03	2.316000e+00
1.0	5.120000e+02	4.096000e+04	6.752989e-01	6.410222e-03	2.316000e+00
1.0	6.400000e+02	4.096000e+04	6.753593e-01	5.275262e-03	2.316000e+00
1.0	7.580000e+02	4.096000e+04	6.757062e-01	5.913722e-03	2.316000e+00
1.0	8.760000e+02	4.096000e+04	6.735299e-01	7.308791e-03	2.316000e+00
1.0	1.024000e+03	4.096000e+04	6.753571e-01	5.202576e-03	2.316000e+00
1.0	1.280000e+03	4.096000e+04	6.753076e-01	6.015058e-03	2.316000e+00
1.0	1.536000e+03	4.096000e+04	6.762480e-01	6.449622e-03	2.316000e+00
1.0	1.280000e+02	4.096000e+04	6.758851e-01	6.628698e-03	2.320000e+00
1.0	2.560000e+02	4.096000e+04	6.758644e-01	5.573907e-03	2.320000e+00
1.0	3.840000e+02	4.096000e+04	6.765903e-01	5.582836e-03	2.320000e+00
1.0	5.120000e+02	4.096000e+04	6.758763e-01	4.343042e-03	2.320000e+00
1.0	6.400000e+02	4.096000e+04	6.758620e-01	5.064954e-03	2.320000e+00
1.0	7.580000e+02	4.096000e+04	6.775364e-01	4.921872e-03	2.320000e+00
1.0	8.760000e+02	4.096000e+04	6.763341e-01	5.254837e-03	2.320000e+00
1.0	1.024000e+03	4.096000e+04	6.758419e-01	4.856215e-03	2.320000e+00
1.0	1.280000e+03	4.096000e+04	6.758824e-01	5.296727e-03	2.320000e+00
1.0	1.536000e+03	4.096000e+04	6.763358e-01	5.113240e-03	2.320000e+00
1.0	1.280000e+02	4.096000e+04	6.747676e-01	7.804970e-03	2.324000e+00
1.0	2.560000e+02	4.096000e+04	6.747244e-01	7.278604e-03	2.324000e+00
1.0	3.840000e+02	4.096000e+04	6.760526e-01	7.813179e-03	2.324000e+00
1.0	5.120000e+02	4.096000e+04	6.746905e-01	7.271322e-03	2.324000e+00
1.0	6.400000e+02	4.096000e+04	6.747628e-01	8.490043e-03	2.324000e+00
1.0	7.580000e+02	4.096000e+04	6.756783e-01	4.800610e-03	2.324000e+00
1.0	8.760000e+02	4.096000e+04	6.781023e-01	8.480943e-03	2.324000e+00
1.0	1.024000e+03	4.096000e+04	6.747543e-01	4.691693e-03	2.324000e+00
1.0	1.280000e+03	4.096000e+04	6.747429e-01	4.517352e-03	2.324000e+00
1.0	1.536000e+03	4.096000e+04	6.779757e-01	2.652309e-03	2.324000e+00
1.0	1.280000e+02	4.096000e+04	6.652211e-01	7.441999e-03	2.328000e+00
1.0	2.560000e+02	4.096000e+04	6.651589e-01	7.496964e-03	2.328000e+00
1.0	3.840000e+02	4.096000e+04	6.658685e-01	8.546096e-03	2.328000e+00
1.0	5.120000e+02	4.096000e+04	6.651355e-01	8.038026e-03	2.328000e+00
1.0	6.400000e+02	4.096000e+04	6.651663e-01	8.779394e-03	2.328000e+00
1.0	7.580000e+02	4.096000e+04	6.654616e-01	1.083303e-02	2.328000e+00
1.0	8.760000e+02	4.096000e+04	6.654351e-01	8.044683e-03	2.328000e+00
1.0	1.024000e+03	4.096000e+04	6.650706e-01	6.523452e-03	2.328000e+00
1.0	1.280000e+03	4.096000e+04	6.651212e-01	7.784252e-03	2.328000e+00
1.0	1.536000e+03	4.096000e+04	6.668954e-01	9.393931e-03	2.328000e+00
1.0	1.280000e+02	4.096000e+04	6.722138e-01	8.187816e-03	2.332000e+00
1.0	2.560000e+02	4.096000e+04	6.722284e-01	8.900411e-03	2.332000e+00
1.0	3.840000e+02	4.096000e+04	6.720109e-01	9.711848e-03	2.332000e+00
1.0	5.120000e+02	4.096000e+04	6.722127e-01	9.279533e-03	2.332000e+00
1.0	6.400000e+02	4.096000e+04	6.721817e-01	7.892880e-03	2.332000e+00
1.0	7.580000e+02	4.096000e+04	6.727445e-01	7.871565e-03	2.332000e+00
1.0	8.760000e+02	4.096000e+04	6.716476e-01	8.097737e-03	2.332000e+00
1.0	1.024000e+03	4.096000e+04	6.723006e-01	8.255039e-03	2.332000e+00
1.0	1.280000e+03	4.096000e+04	6.721861e-01	5.717220e-03	2.332000e+00
1.0	1.536000e+03	4.096000e+04	6.693091e-01	7.076547e-03	2.332000e+00
1.0	1.280000e+02	4.096000e+04	6.705372e-01	7.171886e-03	2.336000e+00
1.0	2.560000e+02	4.096000e+04	6.706076e-01	8.922726e-03	2.336000e+00
1.0	3.840000e+02	4.096000e+04	6.696703e-01	9.792372e-03	2.336000e+00
1.0	5.120000e+02	4.096000e+04	6.704987e-01	8.836184e-03	2.336000e+00
1.0	6.400000e+02	4.096000e+04	6.704948e-01	8.897648e-03	2.336000e+00
1.0	7.580000e+02	4.096000e+04	6.684927e-01	1.233167e-02	2.336000e+00
1.0	8.760000e+02	4.096000e+04	6.675522e-01	8.781641e-03	2.336000e+00
1.0	1.024000e+03	4.096000e+04	6.705354e-01	1.020131e-02	2.336000e+00
1.0	1.280000e+03	4.096000e+04	6.704966e-01	8.471027e-03	2.336000e+00
1.0	1.536000e+03	4.096000e+04	6.650832e-01	1.275600e-02	2.336000e+00
1.0	1.280000e+02	4.096000e+04	6.554084e-01	8.092202e-03	2.340000e+00
1.0	2.560000e+02	4.096000e+04	6.553494e-01	7.027528e-03	2.340000e+00
1.0	3.840000e+02	4.096000e+04	6.553349e-01	6.996448e-03	2.340000e+00
1.0	5.120000e+02	4.096000e+04	6.553938e-01	5.690408e-03	2.340000e+00
1.0	6.400000e+02	4.096000e+04	6.553881e-01	7.756095e-03	2.340000e+00
1.0	7.580000e+02	4.096000e+04	6.545407e-01	6.898530e-03	2.340000e+00
1.0	8.760000e+02	4.096000e+04	6.544966e-01	8.191649e-03	2.340000e+00
1.0	1.024000e+03	4.096000e+04	6.553548e-01	6.224417e-03	2.340000e+00
1.0	1.280000e+03	4.096000e+04	6.553292e-01	7.892822e-03	2.340000e+00
1.0	1.536000e+03	4.096000e+04	6.536402e-01	7.453065e-03	2.340000e+00
1.0	1.280000e+02	4.096000e+04	6.555322e-01	8.359941e-03	2.344000e+00
1.0	2.560000e+02	4.096000e+04	6.555303e-01	7.472130e-03	2.344000e+00
1.0	3.840000e+02	4.096000e+04	6.538295e-01	6.661624e-03	2.344000e+00
1.0	5.120000e+02	4.096000e+04	6.555943e-01	7.549572e-03	2.344000e+00
1.0	6.400000e+02	4.096000e+04	6.555346e-01	7.644405e-03	2.344000e+00
1.0	7.580000e+02	4.096000e+04	6.543799e-01	8.436805e-03	2.344000e+00
1.0	8.760000e+02	4.096000e+04	6.535257e-01	8.398187e-03	2.344000e+00
1.0	1.024000e+03	4.096000e+04	6.555876e-01	7.267515e-03	2.344000e+00
1.0	1.280000e+03	4.096000e+04	6.554556e-01	7.594265e-03	2.344000e+00
1.0	1.536000e+03	4.096000e+04	6.544643e-01	8.644416e-03	2.344000e+00
1.0	1.280000e+02	4.096000e+04	6.565935e-01	8.353307e-03	2.348000e+00
1.0	2.560000e+02	4.096000e+04	6.566331e-01	7.497600e-03	2.348000e+00
1.0	3.840000e+02	4.096000e+04	6.550450e-01	7.335379e-03	2.348000e+00
1.0	5.120000e+02	4.096000e+04	6.566843e-01	7.065903e-03	2.348000e+00
1.0	6.400000e+02	4.096000e+04	6.565664e-01	7.629372e-03	2.348000e+00
1.0	7.580000e+02	4.096000e+04	6.539428e-01	7.425362e-03	2.348000e+00
1.0	8.760000e+02	4.096000e+04	6.531009e-01	4.994841e-03	2.348000e+00
1.0	1.024000e+03	4.096000e+04	6.566074e-01	5.878731e-03	2.348000e+00
1.0	1.280000e+03	4.096000e+04	6.566408e-01	9.365867e-03	2.348000e+00
1.0	1.536000e+03	4.096000e+04	6.516651e-01	6.821662e-03	2.348000e+00
1.0	1.280000e+02	4.096000e+04	6.515532e-01	6.920717e-03	2.352000e+00
1.0	2.560000e+02	4.096000e+04	6.515279e-01	7.281478e-03	2.352000e+00
1.0	3.840000e+02	4.096000e+04	6.521735e-01	6.448089e-03	2.352000e+00
1.0	5.120000e+02	4.096000e+04	6.515228e-01	7.433929e-03	2.352000e+00
1.0	6.400000e+02	4.096000e+04	6.515481e-01	7.960114e-03	2.352000e+00
1.0	7.580000e+02	4.096000e+04	6.517160e-01	7.410478e-03	2.352000e+00
1.0	8.760000e+02	4.096000e+04	6.499147e-01	9.040429e-03	2.352000e+00
1.0	1.024000e+03	4.096000e+04	6.515702e-01	7.057206e-03	2.352000e+00
1.0	1.280000e+03	4.096000e+04	6.516389e-01	6.382686e-03	2.352000e+00
1.0	1.536000e+03	4.096000e+04	6.512001e-01	7.697807e-03	2.352000e+00
1.0	1.280000e+02	4.096000e+04	6.488489e-01	8.151194e-03	2.356000e+00
1.0	2.560000e+02	4.096000e+04	6.488331e-01	8.046026e-03	2.356000e+00
1.0	3.840000e+02	4.096000e+04	6.519712e-01	8.309361e-03	2.356000e+00
1.0	5.120000e+02	4.096000e+04	6.488093e-01	8.273339e-03	2.356000e+00
1.0	6.400000e+02	4.096000e+04	6.488730e-01	7.240329e-03	2.356000e+00
1.0	7.580000e+02	4.096000e+04	6.528812e-01	8.155789e-03	2.356000e+00
1.0	8.760000e+02	4.096000e+04	6.525124e-01	6.426137e-03	2.356000e+00
1.0	1.024000e+03	4.096000e+04	6.488365e-01	6.335705e-03	2.356000e+00
1.0	1.280000e+03	4.096000e+04	6.488205e-01	7.642608e-03	2.356000e+00
1.0	1.536000e+03	4.096000e+04	6.524404e-01	7.161961e-03	2.356000e+00
1.0	1.280000e+02	4.096000e+04	6.317263e-01	8.247559e-03	2.360000e+00
1.0	2.560000e+02	4.096000e+04	6.317381e-01	7.513465e-03	2.360000e+00
1.0	3.840000e+02	4.096000e+04	6.309139e-01	8.384571e-03	2.360000e+00
1.0	5.120000e+02	4.096000e+04	6.317216e-01	8.474181e-03	2.360000e+00
1.0	6.400000e+02	4.096000e+04	6.317240e-01	6.577260e-03	2.360000e+00
1.0	7.580000e+02	4.096000e+04	6.312098e-01	9.419391e-03	2.360000e+00
1.0	8.760000e+02	4.096000e+04	6.302234e-01	5.384476e-03	2.360000e+00
1.0	1.024000e+03	4.096000e+04	6.316989e-01	7.297189e-03	2.360000e+00
1.0	1.280000e+03	4.096000e+04	6.317522e-01	4.343947e-03	2.360000e+00
1.0	1.536000e+03	4.096000e+04	6.297711e-01	5.232888e-03	2.360000e+00
1.0	1.280000e+02	4.096000e+04	6.484967e-01	7.145568e-03	2.364000e+00
1.0	2.560000e+02	4.096000e+04	6.484448e-01	7.134302e-03	2.364000e+00
1.0	3.840000e+02	4.096000e+04	6.478777e-01	6.872574e-03	2.364000e+00
1.0	5.120000e+02	4.096000e+04	6.483040e-01	8.166426e-03	2.364000e+00
1.0	6.400000e+02	4.096000e+04	6.483583e-01	7.231873e-03	2.364000e+00
1.0	7.580000e+02	4.096000e+04	6.473640e-01	7.814864e-03	2.364000e+00
1.0	8.760000e+02	4.096000e+04	6.484191e-01	7.674170e-03	2.364000e+00
1.0	1.024000e+03	4.096000e+04	6.483805e-01	7.892432e-03	2.364000e+00
1.0	1.280000e+03	4.096000e+04	6.484675e-01	7.628502e-03	2.364000e+00
1.0	1.536000e+03	4.096000e+04	6.507866e-01	8.013508e-03	2.364000e+00
1.0	1.280000e+02	4.096000e+04	6.193936e-01	7.900427e-03	2.368000e+00
1.0	2.560000e+02	4.096000e+04	6.193853e-01	7.814914e-03	2.368000e+00
1.0	3.840000e+02	4.096000e+04	6.186218e-01	7.908113e-03	2.368000e+00
1.0	5.120000e+02	4.096000e+04	6.193185e-01	7.691976e-03	2.368000e+00
1.0	6.400000e+02	4.096000e+04	6.193672e-01	8.367889e-03	2.368000e+00
1.0	7.580000e+02	4.096000e+04	6.182971e-01	7.398537e-03	2.368000e+00
1.0	8.760000e+02	4.096000e+04	6.167553e-01	7.191573e-03	2.368000e+00
1.0	1.024000e+03	4.096000e+04	6.193609e-01	7.424770e-03	2.368000e+00
1.0	1.280000e+03	4.096000e+04	6.193700e-01	4.711741e-03	2.368000e+00
1.0	1.536000e+03	4.096000e+04	6.191804e-01	4.709542e-03	2.368000e+00
1.0	1.280000e+02	4.096000e+04	6.178379e-01	8.294498e-03	2.372000e+00
1.0	2.560000e+02	4.096000e+04	6.178630e-01	7.981222e-03	2.372000e+00
1.0	3.840000e+02	4.096000e+04	6.202153e-01	6.844040e-03	2.372000e+00
1.0	5.120000e+02	4.096000e+04	6.178317e-01	7.996977e-03	2.372000e+00
1.0	6.400000e+02	4.096000e+04	6.178035e-01	7.073257e-03	2.372000e+00
1.0	7.580000e+02	4.096000e+04	6.194554e-01	6.405248e-03	2.372000e+00
1.0	8.760000e+02	4.096000e+04	6.183951e-01	5.565610e-03	2.372000e+00
1.0	1.024000e+03	4.096000e+04	6.177679e-01	5.895321e-03	2.372000e+00
1.0	1.280000e+03	4.096000e+04	6.178663e-01	6.983269e-03	2.372000e+00
1.0	1.536000e+03	4.096000e+04	6.173883e-01	5.611453e-03	2.372000e+00
1.0	1.280000e+02	4.096000e+04	6.245953e-01	7.095420e-03	2.376000e+00
1.0	2.560000e+02	4.096000e+04	6.246042e-01	7.650985e-03	2.376000e+00
1.0	3.840000e+02	4.096000e+04	6.250100e-01	7.117241e-03	2.376000e+00
1.0	5.120000e+02	4.096000e+04	6.245909e-01	6.176291e-03	2.376000e+00
1.0	6.400000e+02	4.096000e+04	6.245809e-01	5.170024e-03	2.376000e+00
1.0	7.580000e+02	4.096000e+04	6.251342e-01	7.601592e-03	2.376000e+00
1.0	8.760000e+02	4.096000e+04	6.262589e-01	7.675644e-03	2.376000e+00
1.0	1.024000e+03	4.096000e+04	6.245446e-01	4.483105e-03	2.376000e+00
1.0	1.280000e+03	4.096000e+04	6.246289e-01	4.337404e-03	2.376000e+00
1.0	1.536000e+03	4.096000e+04	6.247209e-01	4.681426e-03	2.376000e+00
1.0	1.280000e+02	4.096000e+04	6.200746e-01	7.151510e-03	2.380000e+00
1.0	2.560000e+02	4.096000e+04	6.200936e-01	7.017870e-03	2.380000e+00
1.0	3.840000e+02	4.096000e+04	6.202801e-01	7.418040e-03	2.380000e+00
1.0	5.120000e+02	4.096000e+04	6.200981e-01	6.899631e-03	2.380000e+00
1.0	6.400000e+02	4.096000e+04	6.200601e-01	6.647694e-03	2.380000e+00
1.0	7.580000e+02	4.096000e+04	6.201267e-01	7.901624e-03	2.380000e+00
1.0	8.760000e+02	4.096000e+04	6.201770e-01	8.092777e-03	2.380000e+00
1.0	1.024000e+03	4.096000e+04	6.200061e-01	7.909923e-03	2.380000e+00
1.0	1.280000e+03	4.096000e+04	6.201088e-01	6.360643e-03	2.380000e+00
1.0	1.536000e+03	4.096000e+04	6.212160e-01	8.117420e-03	2.380000e+00
1.0	1.280000e+02	4.096000e+04	6.106693e-01	7.359224e-03	2.384000e+00
1.0	2.560000e+02	4.096000e+04	6.107200e-01	7.039639e-03	2.384000e+00
1.0	3.840000e+02	4.096000e+04	6.121339e-01	7.245263e-03	2.384000e+00
1.0	5.120000e+02	4.096000e+04	6.106684e-01	8.055704e-03	2.384000e+00
1.0	6.400000e+02	4.096000e+04	6.107606e-01	9.049841e-03	2.384000e+00
1.0	7.580000e+02	4.096000e+04	6.130115e-01	8.679366e-03	2.384000e+00
1.0	8.760000e+02	4.096000e+04	6.146710e-01	7.947050e-03	2.384000e+00
1.0	1.024000e+03	4.096000e+04	6.106675e-01	9.686485e-03	2.384000e+00
1.0	1.280000e+03	4.096000e+04	6.106400e-01	1.040786e-02	2.384000e+00
1.0	1.536000e+03	4.096000e+04	6.183656e-01	4.402064e-03	2.384000e+00
1.0	1.280000e+02	4.096000e+04	6.064021e-01	7.830496e-03	2.388000e+00
1.0	2.560000e+02	4.096000e+04	6.064578e-01	7.953439e-03	2.388000e+00
1.0	3.840000e+02	4.096000e+04	6.078774e-01	6.792045e-03	2.388000e+00
1.0	5.120000e+02	4.096000e+04	6.064119e-01	6.548386e-03	2.388000e+00
1.0	6.400000e+02	4.096000e+04	6.064179e-01	5.324174e-03	2.388000e+00
1.0	7.580000e+02	4.096000e+04	6.081599e-01	7.497197e-03	2.388000e+00
1.0	8.760000e+02	4.096000e+04	6.080462e-01	4.553718e-03	2.388000e+00
1.0	1.024000e+03	4.096000e+04	6.064180e-01	5.875706e-03	2.388000e+00
1.0	1.280000e+03	4.096000e+04	6.064384e-01	4.704885e-03	2.388000e+00
1.0	1.536000e+03	4.096000e+04	6.079933e-01	1.967455e-03	2.388000e+00
1.0	1.280000e+02	4.096000e+04	5.994212e-01	7.267306e-03	2.392000e+00
1.0	2.560000e+02	4.096000e+04	5.994483e-01	7.642292e-03	2.392000e+00
1.0	3.840000e+02	4.096000e+04	5.997691e-01	5.746124e-03	2.392000e+00
1.0	5.120000e+02	4.096000e+04	5.994462e-01	5.014036e-03	2.392000e+00
1.0	6.400000e+02	4.096000e+04	5.994322e-01	4.856582e-03	2.392000e+00
1.0	7.580000e+02	4.096000e+04	6.002445e-01	4.229595e-03	2.392000e+00
1.0	8.760000e+02	4.096000e+04	6.014064e-01	4.504880e-03	2.392000e+00
1.0	1.024000e+03	4.096000e+04	5.994708e-01	5.190857e-03	2.392000e+00
1.0	1.280000e+03	4.096000e+04	5.994180e-01	4.550041e-03	2.392000e+00
1.0	1.536000e+03	4.096000e+04	6.021005e-01	3.171977e-03	2.392000e+00
1.0	1.280000e+02	4.096000e+04	6.060818e-01	8.019879e-03	2.396000e+00
1.0	2.560000e+02	4.096000e+04	6.061203e-01	8.702856e-03	2.396000e+00
1.0	3.840000e+02	4.096000e+04	6.056871e-01	9.560210e-03	2.396000e+00
1.0	5.120000e+02	4.096000e+04	6.060708e-01	1.035188e-02	2.396000e+00
1.0	6.400000e+02	4.096000e+04	6.060762e-01	1.039716e-02	2.396000e+00
1.0	7.580000e+02	4.096000e+04	6.057996e-01	1.265393e-02	2.396000e+00
1.0	8.760000e+02	4.096000e+04	6.056314e-01	1.122430e-02	2.396000e+00
1.0	1.024000e+03	4.096000e+04	6.060941e-01	1.168560e-02	2.396000e+00
1.0	1.280000e+03	4.096000e+04	6.061473e-01	1.213564e-02	2.396000e+00
1.0	1.536000e+03	4.096000e+04	6.087425e-01	1.359813e-02	2.396000e+00
1.0	1.280000e+02	4.096000e+04	5.856540e-01	7.752148e-03	2.400000e+00
1.0	2.560000e+02	4.096000e+04	5.856147e-01	7.531898e-03	2.400000e+00
1.0	3.840000e+02	4.096000e+04	5.877049e-01	7.294473e-03	2.400000e+00
1.0	5.120000e+02	4.096000e+04	5.856119e-01	6.703495e-03	2.400000e+00
1.0	6.400000e+02	4.096000e+04	5.855955e-01	9.773058e-03	2.400000e+00
1.0	7.580000e+02	4.096000e+04	5.877015e-01	8.147154e-03	2.400000e+00
1.0	8.760000e+02	4.096000e+04	5.878611e-01	5.826022e-03	2.400000e+00
1.0	1.024000e+03	4.096000e+04	5.856260e-01	7.597830e-03	2.400000e+00
1.0	1.280000e+03	4.096000e+04	5.855657e-01	9.870551e-03	2.400000e+00
1.0	1.536000e+03	4.096000e+04	5.894495e-01	7.339176e-03	2.400000e+00
1.0	1.280000e+02	4.096000e+04	5.769798e-01	8.307667e-03	2.416000e+00
1.0	2.560000e+02	4.096000e+04	5.769159e-01	8.501841e-03	2.416000e+00
1.0	3.840000e+02	4.096000e+04	5.765571e-01	9.139178e-03	2.416000e+00
1.0	5.120000e+02	4.096000e+04	5.769205e-01	9.472488e-03	2.416000e+00
1.0	6.400000e+02	4.096000e+04	5.769293e-01	1.079555e-02	2.416000e+00
1.0	7.580000e+02	4.096000e+04	5.758419e-01	1.100646e-02	2.416000e+00
1.0	8.760000e+02	4.096000e+04	5.743193e-01	1.147164e-02	2.416000e+00
1.0	1.024000e+03	4.096000e+04	5.769163e-01	1.127352e-02	2.416000e+00
1.0	1.280000e+03	4.096000e+04	5.769008e-01	1.077798e-02	2.416000e+00
1.0	1.536000e+03	4.096000e+04	5.723378e-01	1.346491e-02	2.416000e+00
1.0	1.280000e+02	4.096000e+04	5.417787e-01	7.631258e-03	2.432000e+00
1.0	2.560000e+02	4.096000e+04	5.417608e-01	7.664866e-03	2.432000e+00
1.0	3.840000e+02	4.096000e+04	5.419491e-01	7.378316e-03	2.432000e+00
1.0	5.120000e+02	4.096000e+04	5.416688e-01	7.922065e-03	2.432000e+00
1.0	6.400000e+02	4.096000e+04	5.417511e-01	7.607256e-03	2.432000e+00
1.0	7.580000e+02	4.096000e+04	5.411118e-01	8.010403e-03	2.432000e+00
1.0	8.760000e+02	4.096000e+04	5.397466e-01	6.417976e-03	2.432000e+00
1.0	1.024000e+03	4.096000e+04	5.416791e-01	8.620810e-03	2.432000e+00
1.0	1.280000e+03	4.096000e+04	5.417069e-01	8.804794e-03	2.432000e+00
1.0	1.536000e+03	4.096000e+04	5.383493e-01	1.002163e-02	2.432000e+00
1.0	1.280000e+02	4.096000e+04	5.417846e-01	6.637774e-03	2.448000e+00
1.0	2.560000e+02	4.096000e+04	5.417370e-01	7.136300e-03	2.448000e+00
1.0	3.840000e+02	4.096000e+04	5.429142e-01	6.576324e-03	2.448000e+00
1.0	5.120000e+02	4.096000e+04	5.417625e-01	7.357636e-03	2.448000e+00
1.0	6.400000e+02	4.096000e+04	5.417624e-01	8.626269e-03	2.448000e+00
1.0	7.580000e+02	4.096000e+04	5.432125e-01	7.273260e-03	2.448000e+00
1.0	8.760000e+02	4.096000e+04	5.450833e-01	6.127931e-03	2.448000e+00
1.0	1.024000e+03	4.096000e+04	5.417694e-01	7.007001e-03	2.448000e+00
1.0	1.280000e+03	4.096000e+04	5.418044e-01	4.318919e-03	2.448000e+00
1.0	1.536000e+03	4.096000e+04	5.440580e-01	5.405037e-03	2.448000e+00
1.0	1.280000e+02	4.096000e+04	5.161852e-01	6.089195e-03	2.464000e+00
1.0	2.560000e+02	4.096000e+04	5.162145e-01	5.387472e-03	2.464000e+00
1.0	3.840000e+02	4.096000e+04	5.178036e-01	6.597554e-03	2.464000e+00
1.0	5.120000e+02	4.096000e+04	5.161610e-01	6.204207e-03	2.464000e+00
1.0	6.400000e+02	4.096000e+04	5.161584e-01	6.374292e-03	2.464000e+00
1.0	7.580000e+02	4.096000e+04	5.181690e-01	4.215358e-03	2.464000e+00
1.0	8.760000e+02	4.096000e+04	5.172877e-01	6.876179e-03	2.464000e+00
1.0	1.024000e+03	4.096000e+04	5.161747e-01	6.171397e-03	2.464000e+00
1.0	1.280000e+03	4.096000e+04	5.161672e-01	4.581505e-03	2.464000e+00
1.0	1.536000e+03	4.096000e+04	5.169934e-01	4.579925e-03	2.464000e+00
1.0	1.280000e+02	4.096000e+04	5.007873e-01	7.607373e-03	2.480000e+00
1.0	2.560000e+02	4.096000e+04	5.007016e-01	8.007015e-03	2.480000e+00
1.0	3.840000e+02	4.096000e+04	4.995643e-01	7.338850e-03	2.480000e+00
1.0	5.120000e+02	4.096000e+04	5.007438e-01	9.034149e-03	2.480000e+00
1.0	6.400000e+02	4.096000e+04	5.007955e-01	8.509570e-03	2.480000e+00
1.0	7.580000e+02	4.096000e+04	4.999437e-01	8.300422e-03	2.480000e+00
1.0	8.760000e+02	4.096000e+04	4.997277e-01	7.832629e-03	2.480000e+00
1.0	1.024000e+03	4.096000e+04	5.007115e-01	9.780980e-03	2.480000e+00
1.0	1.280000e+03	4.096000e+04	5.007727e-01	7.651783e-03	2.480000e+00
1.0	1.536000e+03	4.096000e+04	4.966772e-01	6.918663e-03	2.480000e+00
1.0	1.280000e+02	4.096000e+04	4.871050e-01	6.557530e-03	2.496000e+00
1.0	2.560000e+02	4.096000e+04	4.871305e-01	6.391544e-03	2.496000e+00
1.0	3.840000e+02	4.096000e+04	4.866046e-01	5.638819e-03	2.496000e+00
1.0	5.120000e+02	4.096000e+04	4.871039e-01	6.845930e-03	2.496000e+00
1.0	6.400000e+02	4.096000e+04	4.870934e-01	5.340069e-03	2.496000e+00
1.0	7.580000e+02	4.096000e+04	4.863499e-01	5.954167e-03	2.496000e+00
1.0	8.760000e+02	4.096000e+04	4.874674e-01	6.636837e-03	2.496000e+00
1.0	1.024000e+03	4.096000e+04	4.870901e-01	6.210577e-03	2.496000e+00
1.0	1.280000e+03	4.096000e+04	4.870955e-01	5.050433e-03	2.496000e+00
1.0	1.536000e+03	4.096000e+04	4.889073e-01	5.682658e-03	2.496000e+00
1.0	1.280000e+02	4.096000e+04	4.834206e-01	7.471718e-03	2.512000e+00
1.0	2.560000e+02	4.096000e+04	4.833859e-01	7.046369e-03	2.512000e+00
1.0	3.840000e+02	4.096000e+04	4.830989e-01	5.793332e-03	2.512000e+00
1.0	5.120000e+02	4.096000e+04	4.834347e-01	7.873712e-03	2.512000e+00
1.0	6.400000e+02	4.096000e+04	4.834027e-01	7.310459e-03	2.512000e+00
1.0	7.580000e+02	4.096000e+04	4.836110e-01	2.922024e-03	2.512000e+00
1.0	8.760000e+02	4.096000e+04	4.835602e-01	4.364942e-03	2.512000e+00
1.0	1.024000e+03	4.096000e+04	4.834010e-01	5.812061e-03	2.512000e+00
1.0	1.280000e+03	4.096000e+04	4.834361e-01	4.478399e-03	2.512000e+00
1.0	1.536000e+03	4.096000e+04	4.818272e-01	2.450116e-03	2.512000e+00
1.0	1.280000e+02	4.096000e+04	4.470357e-01	6.979908e-03	2.528000e+00
1.0	2.560000e+02	4.096000e+04	4.470350e-01	7.073687e-03	2.528000e+00
1.0	3.840000e+02	4.096000e+04	4.486982e-01	6.864617e-03	2.528000e+00
1.0	5.120000e+02	4.096000e+04	4.470923e-01	7.367966e-03	2.528000e+00
1.0	6.400000e+02	4.096000e+04	4.470116e-01	5.719864e-03	2.528000e+00
1.0	7.580000e+02	4.096000e+04	4.497044e-01	7.088567e-03	2.528000e+00
1.0	8.760000e+02	4.096000e+04	4.502609e-01	6.898838e-03	2.528000e+00
1.0	1.024000e+03	4.096000e+04	4.469549e-01	9.073447e-03	2.528000e+00
1.0	1.280000e+03	4.096000e+04	4.469578e-01	6.379773e-03	2.528000e+00
1.0	1.536000e+03	4.096000e+04	4.507269e-01	1.047628e-02	2.528000e+00
1.0	1.280000e+02	4.096000e+04	4.420820e-01	7.401846e-03	2.544000e+00
1.0	2.560000e+02	4.096000e+04	4.420620e-01	8.570763e-03	2.544000e+00
1.0	3.840000e+02	4.096000e+04	4.435987e-01	8.542204e-03	2.544000e+00
1.0	5.120000e+02	4.096000e+04	4.419931e-01	6.832162e-03	2.544000e+00
1.0	6.400000e+02	4.096000e+04	4.420488e-01	8.178322e-03	2.544000e+00
1.0	7.580000e+02	4.096000e+04	4.437082e-01	6.232364e-03	2.544000e+00
1.0	8.760000e+02	4.096000e+04	4.435832e-01	7.116717e-03	2.544000e+00
1.0	1.024000e+03	4.096000e+04	4.420420e-01	6.531496e-03	2.544000e+00
1.0	1.280000e+03	4.096000e+04	4.420187e-01	5.141001e-03	2.544000e+00
1.0	1.536000e+03	4.096000e+04	4.432135e-01	7.417110e-03	2.544000e+00
1.0	1.280000e+02	4.096000e+04	4.181177e-01	6.289180e-03	2.560000e+00
1.0	2.560000e+02	4.096000e+04	4.181444e-01	6.814902e-03	2.560000e+00
1.0	3.840000e+02	4.096000e+04	4.192546e-01	7.249171e-03	2.560000e+00
1.0	5.120000e+02	4.096000e+04	4.181012e-01	5.834239e-03	2.560000e+00
1.0	6.400000e+02	4.096000e+04	4.182162e-01	7.120237e-03	2.560000e+00
1.0	7.580000e+02	4.096000e+04	4.186213e-01	6.389844e-03	2.560000e+00
1.0	8.760000e+02	4.096000e+04	4.190468e-01	7.003523e-03	2.560000e+00
1.0	1.024000e+03	4.096000e+04	4.181232e-01	5.655659e-03	2.560000e+00
1.0	1.280000e+03	4.096000e+04	4.181252e-01	6.459400e-03	2.560000e+00
1.0	1.536000e+03	4.096000e+04	4.151774e-01	4.783857e-03	2.560000e+00
1.0	1.280000e+02	4.096000e+04	4.218442e-01	6.895818e-03	2.576000e+00
1.0	2.560000e+02	4.096000e+04	4.218409e-01	5.742480e-03	2.576000e+00
1.0	3.840000e+02	4.096000e+04	4.212467e-01	6.396232e-03	2.576000e+00
1.0	5.120000e+02	4.096000e+04	4.218613e-01	5.217611e-03	2.576000e+00
1.0	6.400000e+02	4.096000e+04	4.217853e-01	6.191388e-03	2.576000e+00
1.0	7.580000e+02	4.096000e+04	4.211858e-01	5.384287e-03	2.576000e+00
1.0	8.760000e+02	4.096000e+04	4.218794e-01	6.038423e-03	2.576000e+00
1.0	1.024000e+03	4.096000e+04	4.218296e-01	5.190783e-03	2.576000e+00
1.0	1.280000e+03	4.096000e+04	4.218634e-01	4.304949e-03	2.576000e+00
1.0	1.536000e+03	4.096000e+04	4.205844e-01	5.897110e-03	2.576000e+00
1.0	1.280000e+02	4.096000e+04	3.988563e-01	6.844168e-03	2.592000e+00
1.0	2.560000e+02	4.096000e+04	3.989132e-01	6.664826e-03	2.592000e+00
1.0	3.840000e+02	4.096000e+04	3.973900e-01	7.812260e-03	2.592000e+00
1.0	5.120000e+02	4.096000e+04	3.989319e-01	7.767783e-03	2.592000e+00
1.0	6.400000e+02	4.096000e+04	3.989263e-01	8.061409e-03	2.592000e+00
1.0	7.580000e+02	4.096000e+04	3.980506e-01	6.949123e-03	2.592000e+00
1.0	8.760000e+02	4.096000e+04	3.956322e-01	8.666679e-03	2.592000e+00
1.0	1.024000e+03	4.096000e+04	3.989610e-01	7.889946e-03	2.592000e+00
1.0	1.280000e+03	4.096000e+04	3.989890e-01	7.930218e-03	2.592000e+00
1.0	1.536000e+03	4.096000e+04	3.980034e-01	8.599206e-03	2.592000e+00
1.0	1.280000e+02	4.096000e+04	3.970147e-01	6.538837e-03	2.608000e+00
1.0	2.560000e+02	4.096000e+04	3.970972e-01	6.204389e-03	2.608000e+00
1.0	3.840000e+02	4.096000e+04	3.950063e-01	6.302834e-03	2.608000e+00
1.0	5.120000e+02	4.096000e+04	3.969904e-01	6.663943e-03	2.608000e+00
1.0	6.400000e+02	4.096000e+04	3.969957e-01	5.782136e-03	2.608000e+00
1.0	7.580000e+02	4.096000e+04	3.949238e-01	5.954600e-03	2.608000e+00
1.0	8.760000e+02	4.096000e+04	3.949854e-01	6.321450e-03	2.608000e+00
1.0	1.024000e+03	4.096000e+04	3.970126e-01	4.761536e-03	2.608000e+00
1.0	1.280000e+03	4.096000e+04	3.970054e-01	4.864638e-03	2.608000e+00
1.0	1.536000e+03	4.096000e+04	3.980290e-01	6.124706e-03	2.608000e+00
1.0	1.280000e+02	4.096000e+04	3.702293e-01	6.024930e-03	2.624000e+00
1.0	2.560000e+02	4.096000e+04	3.702575e-01	6.163580e-03	2.624000e+00
1.0	3.840000e+02	4.096000e+04	3.703708e-01	6.355517e-03	2.624000e+00
1.0	5.120000e+02	4.096000e+04	3.702432e-01	6.565269e-03	2.624000e+00
1.0	6.400000e+02	4.096000e+04	3.702809e-01	7.376379e-03	2.624000e+00
1.0	7.580000e+02	4.096000e+04	3.695885e-01	5.749739e-03	2.624000e+00
1.0	8.760000e+02	4.096000e+04	3.694434e-01	6.633722e-03	2.624000e+00
1.0	1.024000e+03	4.096000e+04	3.702914e-01	6.909168e-03	2.624000e+00
1.0	1.280000e+03	4.096000e+04	3.702070e-01	4.354907e-03	2.624000e+00
1.0	1.536000e+03	4.096000e+04	3.697212e-01	6.546979e-03	2.624000e+00
1.0	1.280000e+02	4.096000e+04	3.780051e-01	5.907297e-03	2.640000e+00
1.0	2.560000e+02	4.096000e+04	3.780628e-01	4.938517e-03	2.640000e+00
1.0	3.840000e+02	4.096000e+04	3.783244e-01	6.920270e-03	2.640000e+00
1.0	5.120000e+02	4.096000e+04	3.780422e-01	5.359695e-03	2.640000e+00
1.0	6.400000e+02	4.096000e+04	3.780683e-01	5.711437e-03	2.640000e+00
1.0	7.580000e+02	4.096000e+04	3.783399e-01	2.731144e-03	2.640000e+00
1.0	8.760000e+02	4.096000e+04	3.771054e-01	5.587988e-03	2.640000e+00
1.0	1.024000e+03	4.096000e+04	3.780508e-01	4.321456e-03	2.640000e+00
1.0	1.280000e+03	4.096000e+04	3.780512e-01	3.462138e-03	2.640000e+00
1.0	1.536000e+03	4.096000e+04	3.783756e-01	3.103054e-03	2.640000e+00
1.0	1.280000e+02	4.096000e+04	3.540972e-01	5.333249e-03	2.656000e+00
1.0	2.560000e+02	4.096000e+04	3.541424e-01	5.147404e-03	2.656000e+00
1.0	3.840000e+02	4.096000e+04	3.550988e-01	4.578937e-03	2.656000e+00
1.0	5.120000e+02	4.096000e+04	3.541624e-01	4.767170e-03	2.656000e+00
1.0	6.400000e+02	4.096000e+04	3.541423e-01	3.243338e-03	2.656000e+00
1.0	7.580000e+02	4.096000e+04	3.548601e-01	2.792681e-03	2.656000e+00
1.0	8.760000e+02	4.096000e+04	3.557612e-01	4.908857e-03	2.656000e+00
1.0	1.024000e+03	4.096000e+04	3.541164e-01	5.144480e-03	2.656000e+00
1.0	1.280000e+03	4.096000e+04	3.541231e-01	3.262002e-03	2.656000e+00
1.0	1.536000e+03	4.096000e+04	3.549710e-01	2.972582e-03	2.656000e+00
1.0	1.280000e+02	4.096000e+04	3.400643e-01	5.015959e-03	2.672000e+00
1.0	2.560000e+02	4.096000e+04	3.400284e-01	5.279720e-03	2.672000e+00
1.0	3.840000e+02	4.096000e+04	3.402844e-01	4.569802e-03	2.672000e+00
1.0	5.120000e+02	4.096000e+04	3.400129e-01	4.294554e-03	2.672000e+00
1.0	6.400000e+02	4.096000e+04	3.400338e-01	5.419666e-03	2.672000e+00
1.0	7.580000e+02	4.096000e+04	3.404307e-01	5.309633e-03	2.672000e+00
1.0	8.760000e+02	4.096000e+04	3.402297e-01	5.541653e-03	2.672000e+00
1.0	1.024000e+03	4.096000e+04	3.400122e-01	3.573110e-03	2.672000e+00
1.0	1.280000e+03	4.096000e+04	3.400259e-01	4.085389e-03	2.672000e+00
1.0	1.536000e+03	4.096000e+04	3.417584e-01	4.361999e-03	2.672000e+00
1.0	1.280000e+02	4.096000e+04	3.421217e-01	6.372101e-03	2.688000e+00
1.0	2.560000e+02	4.096000e+04	3.421476e-01	6.770394e-03	2.688000e+00
1.0	3.840000e+02	4.096000e+04	3.406538e-01	6.810357e-03	2.688000e+00
1.0	5.120000e+02	4.096000e+04	3.420657e-01	6.454582e-03	2.688000e+00
1.0	6.400000e+02	4.096000e+04	3.420679e-01	7.168937e-03	2.688000e+00
1.0	7.580000e+02	4.096000e+04	3.407723e-01	7.154518e-03	2.688000e+00
1.0	8.760000e+02	4.096000e+04	3.408203e-01	7.366959e-03	2.688000e+00
1.0	1.024000e+03	4.096000e+04	3.421370e-01	6.782469e-03	2.688000e+00
1.0	1.280000e+03	4.096000e+04	3.421054e-01	8.401041e-03	2.688000e+00
1.0	1.536000e+03	4.096000e+04	3.390067e-01	8.634638e-03	2.688000e+00
1.0	1.280000e+02	4.096000e+04	3.302843e-01	5.493308e-03	2.704000e+00
1.0	2.560000e+02	4.096000e+04	3.302823e-01	5.688453e-03	2.704000e+00
1.0	3.840000e+02	4.096000e+04	3.309736e-01	5.524963e-03	2.704000e+00
1.0	5.120000e+02	4.096000e+04	3.302782e-01	5.355110e-03	2.704000e+00
1.0	6.400000e+02	4.096000e+04	3.302996e-01	7.134655e-03	2.704000e+00
1.0	7.580000e+02	4.096000e+04	3.313639e-01	6.112293e-03	2.704000e+00
1.0	8.760000e+02	4.096000e+04	3.306995e-01	6.356473e-03	2.704000e+00
1.0	1.024000e+03	4.096000e+04	3.303673e-01	4.940656e-03	2.704000e+00
1.0	1.280000e+03	4.096000e+04	3.303126e-01	6.178392e-03	2.704000e+00
1.0	1.536000e+03	4.096000e+04	3.299242e-01	6.673804e-03	2.704000e+00
1.0	1.280000e+02	4.096000e+04	3.254130e-01	5.165292e-03	2.720000e+00
1.0	2.560000e+02	4.096000e+04	3.254159e-01	5.818515e-03	2.720000e+00
1.0	3.840000e+02	4.096000e+04	3.273046e-01	5.062608e-03	2.720000e+00
1.0	5.120000e+02	4.096000e+04	3.254351e-01	5.321234e-03	2.720000e+00
1.0	6.400000e+02	4.096000e+04	3.253678e-01	5.847980e-03	2.720000e+00
1.0	7.580000e+02	4.096000e+04	3.278499e-01	4.928403e-03	2.720000e+00
1.0	8.760000e+02	4.096000e+04	3.284406e-01	4.790905e-03	2.720000e+00
1.0	1.024000e+03	4.096000e+04	3.254062e-01	6.090744e-03	2.720000e+00
1.0	1.280000e+03	4.096000e+04	3.254289e-01	5.607908e-03	2.720000e+00
1.0	1.536000e+03	4.096000e+04	3.291581e-01	5.712343e-03	2.720000e+00
1.0	1.280000e+02	4.096000e+04	3.183426e-01	4.440845e-03	2.736000e+00
1.0	2.560000e+02	4.096000e+04	3.183699e-01	4.696278e-03	2.736000e+00
1.0	3.840000e+02	4.096000e+04	3.186173e-01	4.383982e-03	2.736000e+00
1.0	5.120000e+02	4.096000e+04	3.183600e-01	4.878250e-03	2.736000e+00
1.0	6.400000e+02	4.096000e+04	3.183823e-01	4.533371e-03	2.736000e+00
1.0	7.580000e+02	4.096000e+04	3.182928e-01	4.271982e-03	2.736000e+00
1.0	8.760000e+02	4.096000e+04	3.183322e-01	3.711380e-03	2.736000e+00
1.0	1.024000e+03	4.096000e+04	3.183562e-01	4.457851e-03	2.736000e+00
1.0	1.280000e+03	4.096000e+04	3.183922e-01	3.909335e-03	2.736000e+00
1.0	1.536000e+03	4.096000e+04	3.179864e-01	4.400343e-03	2.736000e+00
1.0	1.280000e+02	4.096000e+04	3.052291e-01	4.571621e-03	2.752000e+00
1.0	2.560000e+02	4.096000e+04	3.051695e-01	4.537041e-03	2.752000e+00
1.0	3.840000e+02	4.096000e+04	3.061753e-01	3.828155e-03	2.752000e+00
1.0	5.120000e+02	4.096000e+04	3.052599e-01	4.640910e-03	2.752000e+00
1.0	6.400000e+02	4.096000e+04	3.052190e-01	4.340181e-03	2.752000e+00
1.0	7.580000e+02	4.096000e+04	3.070315e-01	3.639588e-03	2.752000e+00
1.0	8.760000e+02	4.096000e+04	3.074263e-01	3.650447e-03	2.752000e+00
1.0	1.024000e+03	4.096000e+04	3.052871e-01	4.974822e-03	2.752000e+00
1.0	1.280000e+03	4.096000e+04	3.052325e-01	4.723595e-03	2.752000e+00
1.0	1.536000e+03	4.096000e+04	3.079555e-01	3.843349e-03	2.752000e+00
1.0	1.280000e+02	4.096000e+04	2.848121e-01	3.690369e-03	2.792000e+00
1.0	2.560000e+02	4.096000e+04	2.848198e-01	3.958670e-03	2.792000e+00
1.0	3.840000e+02	4.096000e+04	2.839928e-01	4.378798e-03	2.792000e+00
1.0	5.120000e+02	4.096000e+04	2.848347e-01	3.806552e-03	2.792000e+00
1.0	6.400000e+02	4.096000e+04	2.848444e-01	4.541929e-03	2.792000e+00
1.0	7.580000e+02	4.096000e+04	2.842993e-01	5.063717e-03	2.792000e+00
1.0	8.760000e+02	4.096000e+04	2.841914e-01	6.074553e-03	2.792000e+00
1.0	1.024000e+03	4.096000e+04	2.848087e-01	3.623725e-03	2.792000e+00
1.0	1.280000e+03	4.096000e+04	2.848727e-01	4.794263e-03	2.792000e+00
1.0	1.536000e+03	4.096000e+04	2.845724e-01	5.808204e-03	2.792000e+00
1.0	1.280000e+02	4.096000e+04	2.702896e-01	4.201277e-03	2.856000e+00
1.0	2.560000e+02	4.096000e+04	2.702951e-01	4.146232e-03	2.856000e+00
1.0	3.840000e+02	4.096000e+04	2.705245e-01	3.986237e-03	2.856000e+00
1.0	5.120000e+02	4.096000e+04	2.702438e-01	3.844671e-03	2.856000e+00
1.0	6.400000e+02	4.096000e+04	2.702480e-01	3.337522e-03	2.856000e+00
1.0	7.580000e+02	4.096000e+04	2.695377e-01	3.849674e-03	2.856000e+00
1.0	8.760000e+02	4.096000e+04	2.691555e-01	3.351172e-03	2.856000e+00
1.0	1.024000e+03	4.096000e+04	2.703152e-01	4.483136e-03	2.856000e+00
1.0	1.280000e+03	4.096000e+04	2.702933e-01	2.558321e-03	2.856000e+00
1.0	1.536000e+03	4.096000e+04	2.691882e-01	4.226904e-03	2.856000e+00
1.0	1.280000e+02	4.096000e+04	2.520485e-01	3.686220e-03	2.920000e+00
1.0	2.560000e+02	4.096000e+04	2.520535e-01	3.502611e-03	2.920000e+00
1.0	3.840000e+02	4.096000e+04	2.515353e-01	4.070009e-03	2.920000e+00
1.0	5.120000e+02	4.096000e+04	2.520874e-01	3.957019e-03	2.920000e+00
1.0	6.400000e+02	4.096000e+04	2.520584e-01	3.841969e-03	2.920000e+00
1.0	7.580000e+02	4.096000e+04	2.514436e-01	4.230789e-03	2.920000e+00
1.0	8.760000e+02	4.096000e+04	2.509111e-01	2.993161e-03	2.920000e+00
1.0	1.024000e+03	4.096000e+04	2.520187e-01	3.181514e-03	2.920000e+00
1.0	1.280000e+03	4.096000e+04	2.520591e-01	1.627498e-03	2.920000e+00
1.0	1.536000e+03	4.096000e+04	2.516018e-01	3.122361e-03	2.920000e+00
1.0	1.280000e+02	4.096000e+04	2.364311e-01	2.841339e-03	2.984000e+00
1.0	2.560000e+02	4.096000e+04	2.364199e-01	3.146654e-03	2.984000e+00
1.0	3.840000e+02	4.096000e+04	2.368583e-01	3.148986e-03	2.984000e+00
1.0	5.120000e+02	4.096000e+04	2.364413e-01	3.413864e-03	2.984000e+00
1.0	6.400000e+02	4.096000e+04	2.364251e-01	2.925391e-03	2.984000e+00
1.0	7.580000e+02	4.096000e+04	2.365114e-01	3.334233e-03	2.984000e+00
1.0	8.760000e+02	4.096000e+04	2.362528e-01	3.253637e-03	2.984000e+00
1.0	1.024000e+03	4.096000e+04	2.364290e-01	2.927134e-03	2.984000e+00
1.0	1.280000e+03	4.096000e+04	2.364414e-01	3.553646e-03	2.984000e+00
1.0	1.536000e+03	4.096000e+04	2.349261e-01	3.641827e-03	2.984000e+00
1.0	1.280000e+02	4.096000e+04	2.258199e-01	3.021633e-03	3.048000e+00
1.0	2.560000e+02	4.096000e+04	2.258353e-01	2.380419e-03	3.048000e+00
1.0	3.840000e+02	4.096000e+04	2.252346e-01	2.312827e-03	3.048000e+00
1.0	5.120000e+02	4.096000e+04	2.258241e-01	2.685001e-03	3.048000e+00
1.0	6.400000e+02	4.096000e+04	2.258121e-01	2.687558e-03	3.048000e+00
1.0	7.580000e+02	4.096000e+04	2.257096e-01	2.465633e-03	3.048000e+00
1.0	8.760000e+02	4.096000e+04	2.249773e-01	2.242861e-03	3.048000e+00
1.0	1.024000e+03	4.096000e+04	2.258328e-01	2.748703e-03	3.048000e+00
1.0	1.280000e+03	4.096000e+04	2.258420e-01	2.623625e-03	3.048000e+00
1.0	1.536000e+03	4.096000e+04	2.253956e-01	2.246175e-03	3.048000e+00
1.0	1.280000e+02	4.096000e+04	2.037318e-01	2.464204e-03	3.112000e+00
1.0	2.560000e+02	4.096000e+04	2.037373e-01	2.328148e-03	3.112000e+00
1.0	3.840000e+02	4.096000e+04	2.041104e-01	2.763943e-03	3.112000e+00
1.0	5.120000e+02	4.096000e+04	2.037276e-01	2.272464e-03	3.112000e+00
1.0	6.400000e+02	4.096000e+04	2.037426e-01	2.762491e-03	3.112000e+00
1.0	7.580000e+02	4.096000e+04	2.037031e-01	2.204508e-03	3.112000e+00
1.0	8.760000e+02	4.096000e+04	2.030166e-01	2.700808e-03	3.112000e+00
1.0	1.024000e+03	4.096000e+04	2.037041e-01	2.539091e-03	3.112000e+00
1.0	1.280000e+03	4.096000e+04	2.037193e-01	1.886236e-03	3.112000e+00
1.0	1.536000e+03	4.096000e+04	2.031560e-01	3.231835e-03	3.112000e+00
1.0	1.280000e+02	4.096000e+04	2.013894e-01	2.581697e-03	3.176000e+00
1.0	2.560000e+02	4.096000e+04	2.013942e-01	2.528796e-03	3.176000e+00
1.0	3.840000e+02	4.096000e+04	2.013935e-01	2.388101e-03	3.176000e+00
1.0	5.120000e+02	4.096000e+04	2.014213e-01	2.402597e-03	3.176000e+00
1.0	6.400000e+02	4.096000e+04	2.013810e-01	2.449924e-03	3.176000e+00
1.0	7.580000e+02	4.096000e+04	2.010857e-01	2.221558e-03	3.176000e+00
1.0	8.760000e+02	4.096000e+04	2.019845e-01	2.123624e-03	3.176000e+00
1.0	1.024000e+03	4.096000e+04	2.014025e-01	2.243653e-03	3.176000e+00
1.0	1.280000e+03	4.096000e+04	2.013621e-01	2.444951e-03	3.176000e+00
1.0	1.536000e+03	4.096000e+04	2.023016e-01	2.522550e-03	3.176000e+00
1.0	1.280000e+02	4.096000e+04	1.905411e-01	2.058205e-03	3.240000e+00
1.0	2.560000e+02	4.096000e+04	1.905606e-01	2.072834e-03	3.240000e+00
1.0	3.840000e+02	4.096000e+04	1.905170e-01	2.203477e-03	3.240000e+00
1.0	5.120000e+02	4.096000e+04	1.905469e-01	2.242592e-03	3.240000e+00
1.0	6.400000e+02	4.096000e+04	1.905514e-01	1.984715e-03	3.240000e+00
1.0	7.580000e+02	4.096000e+04	1.909531e-01	1.912944e-03	3.240000e+00
1.0	8.760000e+02	4.096000e+04	1.909970e-01	2.267745e-03	3.240000e+00
1.0	1.024000e+03	4.096000e+04	1.905406e-01	2.018543e-03	3.240000e+00
1.0	1.280000e+03	4.096000e+04	1.905342e-01	2.181589e-03	3.240000e+00
1.0	1.536000e+03	4.096000e+04	1.915698e-01	2.585863e-03	3.240000e+00
1.0	1.280000e+02	4.096000e+04	1.822902e-01	1.778544e-03	3.304000e+00
1.0	2.560000e+02	4.096000e+04	1.822731e-01	1.750268e-03	3.304000e+00
1.0	3.840000e+02	4.096000e+04	1.823462e-01	1.571279e-03	3.304000e+00
1.0	5.120000e+02	4.096000e+04	1.822816e-01	1.572097e-03	3.304000e+00
1.0	6.400000e+02	4.096000e+04	1.822866e-01	2.010812e-03	3.304000e+00
1.0	7.580000e+02	4.096000e+04	1.820820e-01	1.875930e-03	3.304000e+00
1.0	8.760000e+02	4.096000e+04	1.822226e-01	1.960715e-03	3.304000e+00
1.0	1.024000e+03	4.096000e+04	1.822828e-01	1.564677e-03	3.304000e+00
1.0	1.280000e+03	4.096000e+04	1.822836e-01	1.945402e-03	3.304000e+00
1.0	1.536000e+03	4.096000e+04	1.825811e-01	1.849283e-03	3.304000e+00
1.0	1.280000e+02	4.096000e+04	1.774009e-01	1.891359e-03	3.368000e+00
1.0	2.560000e+02	4.096000e+04	1.773935e-01	1.826629e-03	3.368000e+00
1.0	3.840000e+02	4.096000e+04	1.773358e-01	1.815603e-03	3.368000e+00
1.0	5.120000e+02	4.096000e+04	1.773896e-01	1.508023e-03	3.368000e+00
1.0	6.400000e+02	4.096000e+04	1.774021e-01	1.488258e-03	3.368000e+00
1.0	7.580000e+02	4.096000e+04	1.768803e-01	2.126409e-03	3.368000e+00
1.0	8.760000e+02	4.096000e+04	1.772358e-01	1.704320e-03	3.368000e+00
1.0	1.024000e+03	4.096000e+04	1.773953e-01	1.042707e-03	3.368000e+00
1.0	1.280000e+03	4.096000e+04	1.773909e-01	1.502254e-03	3.368000e+00
1.0	1.536000e+03	4.096000e+04	1.774821e-01	1.185839e-03	3.368000e+00
1.0	1.280000e+02	4.096000e+04	1.670170e-01	1.464688e-03	3.432000e+00
1.0	2.560000e+02	4.096000e+04	1.670249e-01	1.345317e-03	3.432000e+00
1.0	3.840000e+02	4.096000e+04	1.667345e-01	1.513996e-03	3.432000e+00
1.0	5.120000e+02	4.096000e+04	1.670212e-01	1.307224e-03	3.432000e+00
1.0	6.400000e+02	4.096000e+04	1.670153e-01	1.478192e-03	3.432000e+00
1.0	7.580000e+02	4.096000e+04	1.667702e-01	1.583311e-03	3.432000e+00
1.0	8.760000e+02	4.096000e+04	1.670414e-01	1.324086e-03	3.432000e+00
1.0	1.024000e+03	4.096000e+04	1.670109e-01	1.244387e-03	3.432000e+00
1.0	1.280000e+03	4.096000e+04	1.670193e-01	1.518176e-03	3.432000e+00
1.0	1.536000e+03	4.096000e+04	1.675247e-01	1.668956e-03	3.432000e+00
1.0	1.280000e+02	4.096000e+04	1.678967e-01	1.562740e-03	3.496000e+00
1.0	2.560000e+02	4.096000e+04	1.678971e-01	1.619829e-03	3.496000e+00
1.0	3.840000e+02	4.096000e+04	1.675363e-01	1.687706e-03	3.496000e+00
1.0	5.120000e+02	4.096000e+04	1.679114e-01	1.753053e-03	3.496000e+00
1.0	6.400000e+02	4.096000e+04	1.678950e-01	1.440264e-03	3.496000e+00
1.0	7.580000e+02	4.096000e+04	1.675759e-01	1.470083e-03	3.496000e+00
1.0	8.760000e+02	4.096000e+04	1.673773e-01	1.648593e-03	3.496000e+00
1.0	1.024000e+03	4.096000e+04	1.679051e-01	1.759382e-03	3.496000e+00
1.0	1.280000e+03	4.096000e+04	1.678997e-01	1.516296e-03	3.496000e+00
1.0	1.536000e+03	4.096000e+04	1.670643e-01	1.444045e-03	3.496000e+00
1.0	1.280000e+02	4.096000e+04	1.613877e-01	1.301714e-03	3.560000e+00
1.0	2.560000e+02	4.096000e+04	1.613746e-01	1.301905e-03	3.560000e+00
1.0	3.840000e+02	4.096000e+04	1.611116e-01	1.459731e-03	3.560000e+00
1.0	5.120000e+02	4.096000e+04	1.613807e-01	1.369882e-03	3.560000e+00
1.0	6.400000e+02	4.096000e+04	1.613861e-01	1.177863e-03	3.560000e+00
1.0	7.580000e+02	4.096000e+04	1.608120e-01	1.084428e-03	3.560000e+00
1.0	8.760000e+02	4.096000e+04	1.606300e-01	1.118273e-03	3.560000e+00
1.0	1.024000e+03	4.096000e+04	1.613816e-01	1.473384e-03	3.560000e+00
1.0	1.280000e+03	4.096000e+04	1.613786e-01	9.699518e-04	3.560000e+00
1.0	1.536000e+03	4.096000e+04	1.603357e-01	1.108961e-03	3.560000e+00
1.0	1.280000e+02	4.096000e+04	1.562052e-01	1.784918e-03	3.624000e+00
1.0	2.560000e+02	4.096000e+04	1.562114e-01	1.750531e-03	3.624000e+00
1.0	3.840000e+02	4.096000e+04	1.557617e-01	1.625152e-03	3.624000e+00
1.0	5.120000e+02	4.096000e+04	1.561917e-01	1.558662e-03	3.624000e+00
1.0	6.400000e+02	4.096000e+04	1.561972e-01	1.463559e-03	3.624000e+00
1.0	7.580000e+02	4.096000e+04	1.558533e-01	1.703691e-03	3.624000e+00
1.0	8.760000e+02	4.096000e+04	1.559400e-01	1.752419e-03	3.624000e+00
1.0	1.024000e+03	4.096000e+04	1.561893e-01	1.619428e-03	3.624000e+00
1.0	1.280000e+03	4.096000e+04	1.561831e-01	1.632666e-03	3.624000e+00
1.0	1.536000e+03	4.096000e+04	1.557544e-01	1.502647e-03	3.624000e+00
