1.0	1.280000e+02	4.147200e+04	1.000000e+00	0.000000e+00	5.000000e-02
1.0	2.560000e+02	4.147200e+04	1.000000e+00	0.000000e+00	5.000000e-02
1.0	3.840000e+02	4.147200e+04	1.000000e+00	0.000000e+00	5.000000e-02
1.0	5.120000e+02	4.147200e+04	1.000000e+00	0.000000e+00	5.000000e-02
1.0	6.400000e+02	4.147200e+04	1.000000e+00	0.000000e+00	5.000000e-02
1.0	7.580000e+02	4.147200e+04	1.000000e+00	0.000000e+00	5.000000e-02
1.0	8.760000e+02	4.147200e+04	1.000000e+00	0.000000e+00	5.000000e-02
1.0	1.024000e+03	4.147200e+04	1.000000e+00	0.000000e+00	5.000000e-02
1.0	1.280000e+03	4.147200e+04	1.000000e+00	0.000000e+00	5.000000e-02
1.0	1.536000e+03	4.147200e+04	1.000000e+00	0.000000e+00	5.000000e-02
1.0	1.280000e+02	4.147200e+04	9.999991e-01	6.350841e-08	5.500000e-01
1.0	2.560000e+02	4.147200e+04	9.999991e-01	6.449954e-08	5.500000e-01
1.0	3.840000e+02	4.147200e+04	9.999991e-01	6.340036e-08	5.500000e-01
1.0	5.120000e+02	4.147200e+04	9.999991e-01	6.731221e-08	5.500000e-01
1.0	6.400000e+02	4.147200e+04	9.999991e-01	7.182216e-08	5.500000e-01
1.0	7.580000e+02	4.147200e+04	9.999991e-01	6.529564e-08	5.500000e-01
1.0	8.760000e+02	4.147200e+04	9.999992e-01	4.861998e-08	5.500000e-01
1.0	1.024000e+03	4.147200e+04	9.999991e-01	4.943139e-08	5.500000e-01
1.0	1.280000e+03	4.147200e+04	9.999991e-01	5.300443e-08	5.500000e-01
1.0	1.536000e+03	4.147200e+04	9.999991e-01	6.796647e-08	5.500000e-01
1.0	1.280000e+02	4.147200e+04	9.989256e-01	2.602667e-06	1.050000e+00
1.0	2.560000e+02	4.147200e+04	9.989257e-01	2.924067e-06	1.050000e+00
1.0	3.840000e+02	4.147200e+04	9.989256e-01	2.289269e-06	1.050000e+00
1.0	5.120000e+02	4.147200e+04	9.989257e-01	2.524903e-06	1.050000e+00
1.0	6.400000e+02	4.147200e+04	9.989257e-01	2.751227e-06	1.050000e+00
1.0	7.580000e+02	4.147200e+04	9.989264e-01	3.358198e-06	1.050000e+00
1.0	8.760000e+02	4.147200e+04	9.989269e-01	2.991114e-06	1.050000e+00
1.0	1.024000e+03	4.147200e+04	9.989257e-01	3.018839e-06	1.050000e+00
1.0	1.280000e+03	4.147200e+04	9.989258e-01	2.892907e-06	1.050000e+00
1.0	1.536000e+03	4.147200e+04	9.989266e-01	3.060414e-06	1.050000e+00
1.0	1.280000e+02	4.147200e+04	9.833424e-01	1.407302e-05	1.550000e+00
1.0	2.560000e+02	4.147200e+04	9.833414e-01	1.424542e-05	1.550000e+00
1.0	3.840000e+02	4.147200e+04	9.833425e-01	1.473788e-05	1.550000e+00
1.0	5.120000e+02	4.147200e+04	9.833415e-01	1.381591e-05	1.550000e+00
1.0	6.400000e+02	4.147200e+04	9.833414e-01	1.617615e-05	1.550000e+00
1.0	7.580000e+02	4.147200e+04	9.833444e-01	1.962367e-05	1.550000e+00
1.0	8.760000e+02	4.147200e+04	9.833425e-01	1.757307e-05	1.550000e+00
1.0	1.024000e+03	4.147200e+04	9.833415e-01	1.654434e-05	1.550000e+00
1.0	1.280000e+03	4.147200e+04	9.833414e-01	1.406113e-05	1.550000e+00
1.0	1.536000e+03	4.147200e+04	9.833399e-01	1.857972e-05	1.550000e+00
1.0	1.280000e+02	4.147200e+04	9.114314e-01	1.017968e-04	2.000000e+00
1.0	2.560000e+02	4.147200e+04	9.114467e-01	1.004044e-04	2.000000e+00
1.0	3.840000e+02	4.147200e+04	9.114314e-01	1.107796e-04	2.000000e+00
1.0	5.120000e+02	4.147200e+04	9.114469e-01	1.126202e-04	2.000000e+00
1.0	6.400000e+02	4.147200e+04	9.114473e-01	1.062120e-04	2.000000e+00
1.0	7.580000e+02	4.147200e+04	9.114466e-01	1.040008e-04	2.000000e+00
1.0	8.760000e+02	4.147200e+04	9.114874e-01	1.047610e-04	2.000000e+00
1.0	1.024000e+03	4.147200e+04	9.114463e-01	8.532755e-05	2.000000e+00
1.0	1.280000e+03	4.147200e+04	9.114466e-01	7.870603e-05	2.000000e+00
1.0	1.536000e+03	4.147200e+04	9.114906e-01	5.792554e-05	2.000000e+00
1.0	1.280000e+02	4.147200e+04	8.966398e-01	1.659797e-04	2.040000e+00
1.0	2.560000e+02	4.147200e+04	8.966438e-01	1.616269e-04	2.040000e+00
1.0	3.840000e+02	4.147200e+04	8.966396e-01	1.737715e-04	2.040000e+00
1.0	5.120000e+02	4.147200e+04	8.966434e-01	1.678973e-04	2.040000e+00
1.0	6.400000e+02	4.147200e+04	8.966438e-01	2.044469e-04	2.040000e+00
1.0	7.580000e+02	4.147200e+04	8.966266e-01	1.881794e-04	2.040000e+00
1.0	8.760000e+02	4.147200e+04	8.965827e-01	2.198856e-04	2.040000e+00
1.0	1.024000e+03	4.147200e+04	8.966432e-01	2.001633e-04	2.040000e+00
1.0	1.280000e+03	4.147200e+04	8.966437e-01	1.648622e-04	2.040000e+00
1.0	1.536000e+03	4.147200e+04	8.966066e-01	1.661410e-04	2.040000e+00
1.0	1.280000e+02	4.147200e+04	8.791906e-01	2.135277e-04	2.080000e+00
1.0	2.560000e+02	4.147200e+04	8.791823e-01	1.694968e-04	2.080000e+00
1.0	3.840000e+02	4.147200e+04	8.791913e-01	2.128107e-04	2.080000e+00
1.0	5.120000e+02	4.147200e+04	8.791826e-01	1.664310e-04	2.080000e+00
1.0	6.400000e+02	4.147200e+04	8.791822e-01	1.233769e-04	2.080000e+00
1.0	7.580000e+02	4.147200e+04	8.791274e-01	1.313803e-04	2.080000e+00
1.0	8.760000e+02	4.147200e+04	8.791878e-01	1.646585e-04	2.080000e+00
1.0	1.024000e+03	4.147200e+04	8.791827e-01	1.505795e-04	2.080000e+00
1.0	1.280000e+03	4.147200e+04	8.791826e-01	1.102239e-04	2.080000e+00
1.0	1.536000e+03	4.147200e+04	8.791995e-01	1.422082e-04	2.080000e+00
1.0	1.280000e+02	4.147200e+04	8.569991e-01	3.008178e-04	2.120000e+00
1.0	2.560000e+02	4.147200e+04	8.570384e-01	2.695091e-04	2.120000e+00
1.0	3.840000e+02	4.147200e+04	8.569978e-01	2.647793e-04	2.120000e+00
1.0	5.120000e+02	4.147200e+04	8.570390e-01	2.375014e-04	2.120000e+00
1.0	6.400000e+02	4.147200e+04	8.570372e-01	2.895031e-04	2.120000e+00
1.0	7.580000e+02	4.147200e+04	8.571028e-01	2.810409e-04	2.120000e+00
1.0	8.760000e+02	4.147200e+04	8.570592e-01	2.600431e-04	2.120000e+00
1.0	1.024000e+03	4.147200e+04	8.570396e-01	2.456633e-04	2.120000e+00
1.0	1.280000e+03	4.147200e+04	8.570387e-01	2.262407e-04	2.120000e+00
1.0	1.536000e+03	4.147200e+04	8.570567e-01	2.929280e-04	2.120000e+00
1.0	1.280000e+02	4.147200e+04	8.284478e-01	4.721653e-04	2.160000e+00
1.0	2.560000e+02	4.147200e+04	8.284009e-01	5.343100e-04	2.160000e+00
1.0	3.840000e+02	4.147200e+04	8.284439e-01	4.174972e-04	2.160000e+00
1.0	5.120000e+02	4.147200e+04	8.284024e-01	4.965478e-04	2.160000e+00
1.0	6.400000e+02	4.147200e+04	8.283964e-01	3.579757e-04	2.160000e+00
1.0	7.580000e+02	4.147200e+04	8.282923e-01	4.226491e-04	2.160000e+00
1.0	8.760000e+02	4.147200e+04	8.282738e-01	5.292497e-04	2.160000e+00
1.0	1.024000e+03	4.147200e+04	8.283978e-01	5.092363e-04	2.160000e+00
1.0	1.280000e+03	4.147200e+04	8.283973e-01	4.383256e-04	2.160000e+00
1.0	1.536000e+03	4.147200e+04	8.283096e-01	4.632536e-04	2.160000e+00
1.0	1.280000e+02	4.147200e+04	7.841639e-01	1.169048e-03	2.200000e+00
1.0	2.560000e+02	4.147200e+04	7.842631e-01	1.314389e-03	2.200000e+00
1.0	3.840000e+02	4.147200e+04	7.841706e-01	1.301305e-03	2.200000e+00
1.0	5.120000e+02	4.147200e+04	7.842664e-01	1.411184e-03	2.200000e+00
1.0	6.400000e+02	4.147200e+04	7.842607e-01	1.535870e-03	2.200000e+00
1.0	7.580000e+02	4.147200e+04	7.841395e-01	1.070574e-03	2.200000e+00
1.0	8.760000e+02	4.147200e+04	7.839249e-01	8.532759e-04	2.200000e+00
1.0	1.024000e+03	4.147200e+04	7.842663e-01	1.589033e-03	2.200000e+00
1.0	1.280000e+03	4.147200e+04	7.842660e-01	1.510081e-03	2.200000e+00
1.0	1.536000e+03	4.147200e+04	7.836803e-01	7.276855e-04	2.200000e+00
1.0	1.280000e+02	4.147200e+04	7.378724e-01	2.193072e-03	2.228000e+00
1.0	2.560000e+02	4.147200e+04	7.375812e-01	2.753373e-03	2.228000e+00
1.0	3.840000e+02	4.147200e+04	7.378656e-01	2.376643e-03	2.228000e+00
1.0	5.120000e+02	4.147200e+04	7.375690e-01	2.904780e-03	2.228000e+00
1.0	6.400000e+02	4.147200e+04	7.375756e-01	2.755861e-03	2.228000e+00
1.0	7.580000e+02	4.147200e+04	7.374519e-01	2.944889e-03	2.228000e+00
1.0	8.760000e+02	4.147200e+04	7.375882e-01	3.001102e-03	2.228000e+00
1.0	1.024000e+03	4.147200e+04	7.375737e-01	2.790421e-03	2.228000e+00
1.0	1.280000e+03	4.147200e+04	7.375671e-01	3.180408e-03	2.228000e+00
1.0	1.536000e+03	4.147200e+04	7.366828e-01	3.321920e-03	2.228000e+00
1.0	1.280000e+02	4.147200e+04	7.181923e-01	2.358002e-03	2.238000e+00
1.0	2.560000e+02	4.147200e+04	7.178380e-01	2.858374e-03	2.238000e+00
1.0	3.840000e+02	4.147200e+04	7.181875e-01	3.199446e-03	2.238000e+00
1.0	5.120000e+02	4.147200e+04	7.178410e-01	2.810381e-03	2.238000e+00
1.0	6.400000e+02	4.147200e+04	7.178346e-01	3.065549e-03	2.238000e+00
1.0	7.580000e+02	4.147200e+04	7.176267e-01	3.001990e-03	2.238000e+00
1.0	8.760000e+02	4.147200e+04	7.181797e-01	3.216662e-03	2.238000e+00
1.0	1.024000e+03	4.147200e+04	7.178191e-01	3.422337e-03	2.238000e+00
1.0	1.280000e+03	4.147200e+04	7.178515e-01	3.146547e-03	2.238000e+00
1.0	1.536000e+03	4.147200e+04	7.174380e-01	3.627184e-03	2.238000e+00
1.0	1.280000e+02	4.147200e+04	6.861387e-01	4.005155e-03	2.248000e+00
1.0	2.560000e+02	4.147200e+04	6.858217e-01	5.227966e-03	2.248000e+00
1.0	3.840000e+02	4.147200e+04	6.860979e-01	6.075036e-03	2.248000e+00
1.0	5.120000e+02	4.147200e+04	6.858457e-01	6.934583e-03	2.248000e+00
1.0	6.400000e+02	4.147200e+04	6.858411e-01	6.808372e-03	2.248000e+00
1.0	7.580000e+02	4.147200e+04	6.851094e-01	7.283314e-03	2.248000e+00
1.0	8.760000e+02	4.147200e+04	6.856485e-01	8.603870e-03	2.248000e+00
1.0	1.024000e+03	4.147200e+04	6.858406e-01	6.761720e-03	2.248000e+00
1.0	1.280000e+03	4.147200e+04	6.858777e-01	6.552212e-03	2.248000e+00
1.0	1.536000e+03	4.147200e+04	6.889700e-01	5.578127e-03	2.248000e+00
1.0	1.280000e+02	4.147200e+04	6.399046e-01	5.576526e-03	2.258000e+00
1.0	2.560000e+02	4.147200e+04	6.404566e-01	7.362759e-03	2.258000e+00
1.0	3.840000e+02	4.147200e+04	6.399251e-01	8.605439e-03	2.258000e+00
1.0	5.120000e+02	4.147200e+04	6.403852e-01	8.896518e-03	2.258000e+00
1.0	6.400000e+02	4.147200e+04	6.404686e-01	9.984773e-03	2.258000e+00
1.0	7.580000e+02	4.147200e+04	6.414914e-01	1.096249e-02	2.258000e+00
1.0	8.760000e+02	4.147200e+04	6.422993e-01	1.177309e-02	2.258000e+00
1.0	1.024000e+03	4.147200e+04	6.405340e-01	1.078030e-02	2.258000e+00
1.0	1.280000e+03	4.147200e+04	6.404149e-01	1.237469e-02	2.258000e+00
1.0	1.536000e+03	4.147200e+04	6.442739e-01	1.366833e-02	2.258000e+00
1.0	1.280000e+02	4.147200e+04	5.860836e-01	6.620341e-03	2.268000e+00
1.0	2.560000e+02	4.147200e+04	5.849781e-01	8.703878e-03	2.268000e+00
1.0	3.840000e+02	4.147200e+04	5.861250e-01	1.016705e-02	2.268000e+00
1.0	5.120000e+02	4.147200e+04	5.849550e-01	1.090160e-02	2.268000e+00
1.0	6.400000e+02	4.147200e+04	5.849882e-01	1.117607e-02	2.268000e+00
1.0	7.580000e+02	4.147200e+04	5.824941e-01	1.200233e-02	2.268000e+00
1.0	8.760000e+02	4.147200e+04	5.825867e-01	1.296539e-02	2.268000e+00
1.0	1.024000e+03	4.147200e+04	5.850175e-01	1.298227e-02	2.268000e+00
1.0	1.280000e+03	4.147200e+04	5.849633e-01	1.430612e-02	2.268000e+00
1.0	1.536000e+03	4.147200e+04	5.792047e-01	1.659540e-02	2.268000e+00
1.0	1.280000e+02	4.147200e+04	4.741315e-01	1.008233e-02	2.278000e+00
1.0	2.560000e+02	4.147200e+04	4.735999e-01	1.397137e-02	2.278000e+00
1.0	3.840000e+02	4.147200e+04	4.739783e-01	1.595690e-02	2.278000e+00
1.0	5.120000e+02	4.147200e+04	4.737904e-01	1.822698e-02	2.278000e+00
1.0	6.400000e+02	4.147200e+04	4.734579e-01	1.789348e-02	2.278000e+00
1.0	7.580000e+02	4.147200e+04	4.716552e-01	1.907516e-02	2.278000e+00
1.0	8.760000e+02	4.147200e+04	4.679872e-01	2.037604e-02	2.278000e+00
1.0	1.024000e+03	4.147200e+04	4.734750e-01	2.201926e-02	2.278000e+00
1.0	1.280000e+03	4.147200e+04	4.737844e-01	1.633490e-02	2.278000e+00
1.0	1.536000e+03	4.147200e+04	4.630351e-01	1.862086e-02	2.278000e+00
1.0	1.280000e+02	4.147200e+04	3.387924e-01	1.405493e-02	2.288000e+00
1.0	2.560000e+02	4.147200e+04	3.391253e-01	1.962246e-02	2.288000e+00
1.0	3.840000e+02	4.147200e+04	3.388864e-01	2.344603e-02	2.288000e+00
1.0	5.120000e+02	4.147200e+04	3.392262e-01	2.642538e-02	2.288000e+00
1.0	6.400000e+02	4.147200e+04	3.390921e-01	2.889958e-02	2.288000e+00
1.0	7.580000e+02	4.147200e+04	3.413985e-01	3.219064e-02	2.288000e+00
1.0	8.760000e+02	4.147200e+04	3.425595e-01	3.502221e-02	2.288000e+00
1.0	1.024000e+03	4.147200e+04	3.395446e-01	3.181661e-02	2.288000e+00
1.0	1.280000e+03	4.147200e+04	3.394434e-01	3.620964e-02	2.288000e+00
1.0	1.536000e+03	4.147200e+04	3.493084e-01	3.596587e-02	2.288000e+00
1.0	1.280000e+02	4.147200e+04	1.889757e-01	1.376160e-02	2.298000e+00
1.0	2.560000e+02	4.147200e+04	1.909774e-01	1.903077e-02	2.298000e+00
1.0	3.840000e+02	4.147200e+04	1.888558e-01	2.232046e-02	2.298000e+00
1.0	5.120000e+02	4.147200e+04	1.908465e-01	2.573047e-02	2.298000e+00
1.0	6.400000e+02	4.147200e+04	1.912318e-01	2.753062e-02	2.298000e+00
1.0	7.580000e+02	4.147200e+04	1.963358e-01	2.900135e-02	2.298000e+00
1.0	8.760000e+02	4.147200e+04	1.997759e-01	3.045747e-02	2.298000e+00
1.0	1.024000e+03	4.147200e+04	1.907109e-01	3.151643e-02	2.298000e+00
1.0	1.280000e+03	4.147200e+04	1.912465e-01	3.363686e-02	2.298000e+00
1.0	1.536000e+03	4.147200e+04	2.052146e-01	3.299172e-02	2.298000e+00
1.0	1.280000e+02	4.147200e+04	1.069621e-01	9.004437e-03	2.308000e+00
1.0	2.560000e+02	4.147200e+04	1.074971e-01	1.207793e-02	2.308000e+00
1.0	3.840000e+02	4.147200e+04	1.069757e-01	1.343816e-02	2.308000e+00
1.0	5.120000e+02	4.147200e+04	1.074522e-01	1.434681e-02	2.308000e+00
1.0	6.400000e+02	4.147200e+04	1.073506e-01	1.647582e-02	2.308000e+00
1.0	7.580000e+02	4.147200e+04	1.026292e-01	1.625220e-02	2.308000e+00
1.0	8.760000e+02	4.147200e+04	9.709458e-02	1.483443e-02	2.308000e+00
1.0	1.024000e+03	4.147200e+04	1.074956e-01	1.771205e-02	2.308000e+00
1.0	1.280000e+03	4.147200e+04	1.074799e-01	2.207639e-02	2.308000e+00
1.0	1.536000e+03	4.147200e+04	8.999483e-02	8.263278e-03	2.308000e+00
1.0	1.280000e+02	4.147200e+04	1.112915e-01	9.514421e-03	2.318000e+00
1.0	2.560000e+02	4.147200e+04	1.106382e-01	1.284531e-02	2.318000e+00
1.0	3.840000e+02	4.147200e+04	1.112270e-01	1.452865e-02	2.318000e+00
1.0	5.120000e+02	4.147200e+04	1.108100e-01	1.700887e-02	2.318000e+00
1.0	6.400000e+02	4.147200e+04	1.106963e-01	1.707197e-02	2.318000e+00
1.0	7.580000e+02	4.147200e+04	1.119927e-01	1.856318e-02	2.318000e+00
1.0	8.760000e+02	4.147200e+04	1.101871e-01	1.819814e-02	2.318000e+00
1.0	1.024000e+03	4.147200e+04	1.105241e-01	1.585233e-02	2.318000e+00
1.0	1.280000e+03	4.147200e+04	1.105465e-01	1.986910e-02	2.318000e+00
1.0	1.536000e+03	4.147200e+04	9.761406e-02	9.635503e-03	2.318000e+00
1.0	1.280000e+02	4.147200e+04	9.529962e-02	6.735086e-03	2.328000e+00
1.0	2.560000e+02	4.147200e+04	9.494376e-02	8.596271e-03	2.328000e+00
1.0	3.840000e+02	4.147200e+04	9.531186e-02	9.340425e-03	2.328000e+00
1.0	5.120000e+02	4.147200e+04	9.501008e-02	1.095133e-02	2.328000e+00
1.0	6.400000e+02	4.147200e+04	9.494809e-02	8.793607e-03	2.328000e+00
1.0	7.580000e+02	4.147200e+04	9.267410e-02	1.279764e-02	2.328000e+00
1.0	8.760000e+02	4.147200e+04	9.223018e-02	1.030589e-02	2.328000e+00
1.0	1.024000e+03	4.147200e+04	9.495114e-02	9.093085e-03	2.328000e+00
1.0	1.280000e+03	4.147200e+04	9.492151e-02	6.555240e-03	2.328000e+00
1.0	1.536000e+03	4.147200e+04	9.103706e-02	1.074759e-02	2.328000e+00
1.0	1.280000e+02	4.147200e+04	8.656965e-02	5.889855e-03	2.338000e+00
1.0	2.560000e+02	4.147200e+04	8.414153e-02	6.734882e-03	2.338000e+00
1.0	3.840000e+02	4.147200e+04	8.647443e-02	7.659711e-03	2.338000e+00
1.0	5.120000e+02	4.147200e+04	8.404964e-02	8.128669e-03	2.338000e+00
1.0	6.400000e+02	4.147200e+04	8.410068e-02	8.752856e-03	2.338000e+00
1.0	7.580000e+02	4.147200e+04	8.459730e-02	7.972886e-03	2.338000e+00
1.0	8.760000e+02	4.147200e+04	8.517947e-02	6.178286e-03	2.338000e+00
1.0	1.024000e+03	4.147200e+04	8.407904e-02	7.399346e-03	2.338000e+00
1.0	1.280000e+03	4.147200e+04	8.418931e-02	8.767549e-03	2.338000e+00
1.0	1.536000e+03	4.147200e+04	8.725884e-02	7.009554e-03	2.338000e+00
1.0	1.280000e+02	4.147200e+04	8.820561e-02	5.564812e-03	2.348000e+00
1.0	2.560000e+02	4.147200e+04	8.903232e-02	6.852363e-03	2.348000e+00
1.0	3.840000e+02	4.147200e+04	8.817901e-02	7.644256e-03	2.348000e+00
1.0	5.120000e+02	4.147200e+04	8.900862e-02	7.761168e-03	2.348000e+00
1.0	6.400000e+02	4.147200e+04	8.899719e-02	8.762720e-03	2.348000e+00
1.0	7.580000e+02	4.147200e+04	8.937395e-02	8.887352e-03	2.348000e+00
1.0	8.760000e+02	4.147200e+04	8.962023e-02	8.063836e-03	2.348000e+00
1.0	1.024000e+03	4.147200e+04	8.899890e-02	7.497530e-03	2.348000e+00
1.0	1.280000e+03	4.147200e+04	8.902309e-02	9.305831e-03	2.348000e+00
1.0	1.536000e+03	4.147200e+04	8.540191e-02	5.405098e-03	2.348000e+00
1.0	1.280000e+02	4.147200e+04	7.138118e-02	4.065178e-03	2.358000e+00
1.0	2.560000e+02	4.147200e+04	7.092175e-02	4.587278e-03	2.358000e+00
1.0	3.840000e+02	4.147200e+04	7.139499e-02	4.923603e-03	2.358000e+00
1.0	5.120000e+02	4.147200e+04	7.090576e-02	4.449048e-03	2.358000e+00
1.0	6.400000e+02	4.147200e+04	7.092035e-02	4.992232e-03	2.358000e+00
1.0	7.580000e+02	4.147200e+04	7.017722e-02	4.514715e-03	2.358000e+00
1.0	8.760000e+02	4.147200e+04	7.061822e-02	2.806954e-03	2.358000e+00
1.0	1.024000e+03	4.147200e+04	7.090812e-02	2.677330e-03	2.358000e+00
1.0	1.280000e+03	4.147200e+04	7.090033e-02	2.916693e-03	2.358000e+00
1.0	1.536000e+03	4.147200e+04	7.163284e-02	1.380174e-03	2.358000e+00
1.0	1.280000e+02	4.147200e+04	6.699812e-02	4.266818e-03	2.368000e+00
1.0	2.560000e+02	4.147200e+04	6.754718e-02	4.847099e-03	2.368000e+00
1.0	3.840000e+02	4.147200e+04	6.702914e-02	5.633823e-03	2.368000e+00
1.0	5.120000e+02	4.147200e+04	6.751477e-02	5.116369e-03	2.368000e+00
1.0	6.400000e+02	4.147200e+04	6.754190e-02	5.244667e-03	2.368000e+00
1.0	7.580000e+02	4.147200e+04	6.784776e-02	5.330591e-03	2.368000e+00
1.0	8.760000e+02	4.147200e+04	6.820309e-02	6.305414e-03	2.368000e+00
1.0	1.024000e+03	4.147200e+04	6.754745e-02	6.155249e-03	2.368000e+00
1.0	1.280000e+03	4.147200e+04	6.756068e-02	4.658730e-03	2.368000e+00
1.0	1.536000e+03	4.147200e+04	6.872389e-02	4.397664e-03	2.368000e+00
1.0	1.280000e+02	4.147200e+04	6.470585e-02	3.362059e-03	2.378000e+00
1.0	2.560000e+02	4.147200e+04	6.515216e-02	3.887132e-03	2.378000e+00
1.0	3.840000e+02	4.147200e+04	6.468521e-02	3.867377e-03	2.378000e+00
1.0	5.120000e+02	4.147200e+04	6.513370e-02	4.449063e-03	2.378000e+00
1.0	6.400000e+02	4.147200e+04	6.515593e-02	3.698026e-03	2.378000e+00
1.0	7.580000e+02	4.147200e+04	6.600628e-02	3.845271e-03	2.378000e+00
1.0	8.760000e+02	4.147200e+04	6.612237e-02	3.998802e-03	2.378000e+00
1.0	1.024000e+03	4.147200e+04	6.514048e-02	3.536866e-03	2.378000e+00
1.0	1.280000e+03	4.147200e+04	6.516239e-02	2.622443e-03	2.378000e+00
1.0	1.536000e+03	4.147200e+04	6.462884e-02	4.717424e-03	2.378000e+00
1.0	1.280000e+02	4.147200e+04	5.940958e-02	3.105681e-03	2.388000e+00
1.0	2.560000e+02	4.147200e+04	5.979532e-02	3.524159e-03	2.388000e+00
1.0	3.840000e+02	4.147200e+04	5.937913e-02	3.732768e-03	2.388000e+00
1.0	5.120000e+02	4.147200e+04	5.983904e-02	3.793953e-03	2.388000e+00
1.0	6.400000e+02	4.147200e+04	5.985361e-02	4.108426e-03	2.388000e+00
1.0	7.580000e+02	4.147200e+04	6.037202e-02	3.299323e-03	2.388000e+00
1.0	8.760000e+02	4.147200e+04	5.993403e-02	3.263297e-03	2.388000e+00
1.0	1.024000e+03	4.147200e+04	5.984339e-02	3.087625e-03	2.388000e+00
1.0	1.280000e+03	4.147200e+04	5.980828e-02	3.952028e-03	2.388000e+00
1.0	1.536000e+03	4.147200e+04	5.974179e-02	3.087718e-03	2.388000e+00
1.0	1.280000e+02	4.147200e+04	5.029721e-02	2.428545e-03	2.398000e+00
1.0	2.560000e+02	4.147200e+04	5.042753e-02	2.427948e-03	2.398000e+00
1.0	3.840000e+02	4.147200e+04	5.029743e-02	2.858253e-03	2.398000e+00
1.0	5.120000e+02	4.147200e+04	5.043902e-02	2.451107e-03	2.398000e+00
1.0	6.400000e+02	4.147200e+04	5.044936e-02	3.219345e-03	2.398000e+00
1.0	7.580000e+02	4.147200e+04	5.064373e-02	2.900738e-03	2.398000e+00
1.0	8.760000e+02	4.147200e+04	5.111612e-02	3.000756e-03	2.398000e+00
1.0	1.024000e+03	4.147200e+04	5.044216e-02	1.685051e-03	2.398000e+00
1.0	1.280000e+03	4.147200e+04	5.043788e-02	3.089159e-03	2.398000e+00
1.0	1.536000e+03	4.147200e+04	4.959938e-02	2.141804e-03	2.398000e+00
1.0	1.280000e+02	4.147200e+04	4.174005e-02	1.799298e-03	2.432000e+00
1.0	2.560000e+02	4.147200e+04	4.173389e-02	1.872131e-03	2.432000e+00
1.0	3.840000e+02	4.147200e+04	4.176813e-02	1.925737e-03	2.432000e+00
1.0	5.120000e+02	4.147200e+04	4.173364e-02	2.207626e-03	2.432000e+00
1.0	6.400000e+02	4.147200e+04	4.172486e-02	1.911529e-03	2.432000e+00
1.0	7.580000e+02	4.147200e+04	4.176101e-02	1.935895e-03	2.432000e+00
1.0	8.760000e+02	4.147200e+04	4.173736e-02	1.716309e-03	2.432000e+00
1.0	1.024000e+03	4.147200e+04	4.173626e-02	2.039176e-03	2.432000e+00
1.0	1.280000e+03	4.147200e+04	4.172224e-02	2.388792e-03	2.432000e+00
1.0	1.536000e+03	4.147200e+04	4.212378e-02	2.111046e-03	2.432000e+00
1.0	1.280000e+02	4.147200e+04	3.885485e-02	1.665767e-03	2.472000e+00
1.0	2.560000e+02	4.147200e+04	3.895616e-02	1.626897e-03	2.472000e+00
1.0	3.840000e+02	4.147200e+04	3.885075e-02	1.418959e-03	2.472000e+00
1.0	5.120000e+02	4.147200e+04	3.894673e-02	1.405689e-03	2.472000e+00
1.0	6.400000e+02	4.147200e+04	3.895736e-02	1.520784e-03	2.472000e+00
1.0	7.580000e+02	4.147200e+04	3.931622e-02	1.293309e-03	2.472000e+00
1.0	8.760000e+02	4.147200e+04	3.915256e-02	9.915854e-04	2.472000e+00
1.0	1.024000e+03	4.147200e+04	3.894970e-02	9.543182e-04	2.472000e+00
1.0	1.280000e+03	4.147200e+04	3.894044e-02	1.526237e-03	2.472000e+00
1.0	1.536000e+03	4.147200e+04	3.894005e-02	1.153462e-03	2.472000e+00
1.0	1.280000e+02	4.147200e+04	3.221973e-02	1.348784e-03	2.512000e+00
1.0	2.560000e+02	4.147200e+04	3.220123e-02	1.482480e-03	2.512000e+00
1.0	3.840000e+02	4.147200e+04	3.221387e-02	1.281750e-03	2.512000e+00
1.0	5.120000e+02	4.147200e+04	3.222470e-02	1.294828e-03	2.512000e+00
1.0	6.400000e+02	4.147200e+04	3.221578e-02	1.217561e-03	2.512000e+00
1.0	7.580000e+02	4.147200e+04	3.263753e-02	1.426014e-03	2.512000e+00
1.0	8.760000e+02	4.147200e+04	3.259906e-02	1.389379e-03	2.512000e+00
1.0	1.024000e+03	4.147200e+04	3.220893e-02	1.123309e-03	2.512000e+00
1.0	1.280000e+03	4.147200e+04	3.221307e-02	1.188644e-03	2.512000e+00
1.0	1.536000e+03	4.147200e+04	3.263204e-02	9.483716e-04	2.512000e+00
1.0	1.280000e+02	4.147200e+04	2.784121e-02	7.318995e-04	2.552000e+00
1.0	2.560000e+02	4.147200e+04	2.792554e-02	7.460376e-04	2.552000e+00
1.0	3.840000e+02	4.147200e+04	2.785231e-02	6.637704e-04	2.552000e+00
1.0	5.120000e+02	4.147200e+04	2.791961e-02	8.211901e-04	2.552000e+00
1.0	6.400000e+02	4.147200e+04	2.791544e-02	7.755119e-04	2.552000e+00
1.0	7.580000e+02	4.147200e+04	2.781113e-02	7.955869e-04	2.552000e+00
1.0	8.760000e+02	4.147200e+04	2.789343e-02	8.335907e-04	2.552000e+00
1.0	1.024000e+03	4.147200e+04	2.792641e-02	7.065035e-04	2.552000e+00
1.0	1.280000e+03	4.147200e+04	2.792706e-02	5.983281e-04	2.552000e+00
1.0	1.536000e+03	4.147200e+04	2.768426e-02	6.851610e-04	2.552000e+00
1.0	1.280000e+02	4.147200e+04	2.442666e-02	6.390243e-04	2.592000e+00
1.0	2.560000e+02	4.147200e+04	2.448329e-02	6.106461e-04	2.592000e+00
1.0	3.840000e+02	4.147200e+04	2.442520e-02	5.311833e-04	2.592000e+00
1.0	5.120000e+02	4.147200e+04	2.448148e-02	6.162875e-04	2.592000e+00
1.0	6.400000e+02	4.147200e+04	2.448304e-02	5.891417e-04	2.592000e+00
1.0	7.580000e+02	4.147200e+04	2.422863e-02	6.127856e-04	2.592000e+00
1.0	8.760000e+02	4.147200e+04	2.421502e-02	6.022774e-04	2.592000e+00
1.0	1.024000e+03	4.147200e+04	2.448190e-02	5.043387e-04	2.592000e+00
1.0	1.280000e+03	4.147200e+04	2.448320e-02	6.929693e-04	2.592000e+00
1.0	1.536000e+03	4.147200e+04	2.419024e-02	7.169879e-04	2.592000e+00
1.0	1.280000e+02	4.147200e+04	2.356035e-02	5.232644e-04	2.632000e+00
1.0	2.560000e+02	4.147200e+04	2.363327e-02	5.495274e-04	2.632000e+00
1.0	3.840000e+02	4.147200e+04	2.356236e-02	5.741789e-04	2.632000e+00
1.0	5.120000e+02	4.147200e+04	2.363391e-02	6.482952e-04	2.632000e+00
1.0	6.400000e+02	4.147200e+04	2.363332e-02	5.335569e-04	2.632000e+00
1.0	7.580000e+02	4.147200e+04	2.357448e-02	5.925775e-04	2.632000e+00
1.0	8.760000e+02	4.147200e+04	2.363208e-02	6.104606e-04	2.632000e+00
1.0	1.024000e+03	4.147200e+04	2.363157e-02	6.172713e-04	2.632000e+00
1.0	1.280000e+03	4.147200e+04	2.362724e-02	5.270978e-04	2.632000e+00
1.0	1.536000e+03	4.147200e+04	2.366806e-02	5.043736e-04	2.632000e+00
1.0	1.280000e+02	4.147200e+04	2.146804e-02	4.786516e-04	2.672000e+00
1.0	2.560000e+02	4.147200e+04	2.153540e-02	5.022607e-04	2.672000e+00
1.0	3.840000e+02	4.147200e+04	2.146860e-02	4.474838e-04	2.672000e+00
1.0	5.120000e+02	4.147200e+04	2.153132e-02	5.126473e-04	2.672000e+00
1.0	6.400000e+02	4.147200e+04	2.153566e-02	6.001841e-04	2.672000e+00
1.0	7.580000e+02	4.147200e+04	2.164150e-02	5.050335e-04	2.672000e+00
1.0	8.760000e+02	4.147200e+04	2.159066e-02	4.141459e-04	2.672000e+00
1.0	1.024000e+03	4.147200e+04	2.154070e-02	4.182232e-04	2.672000e+00
1.0	1.280000e+03	4.147200e+04	2.153542e-02	3.810383e-04	2.672000e+00
1.0	1.536000e+03	4.147200e+04	2.151811e-02	4.479610e-04	2.672000e+00
1.0	1.280000e+02	4.147200e+04	2.031988e-02	4.415928e-04	2.712000e+00
1.0	2.560000e+02	4.147200e+04	2.029432e-02	4.685486e-04	2.712000e+00
1.0	3.840000e+02	4.147200e+04	2.032409e-02	4.858509e-04	2.712000e+00
1.0	5.120000e+02	4.147200e+04	2.029143e-02	4.666477e-04	2.712000e+00
1.0	6.400000e+02	4.147200e+04	2.029492e-02	5.008472e-04	2.712000e+00
1.0	7.580000e+02	4.147200e+04	2.030999e-02	3.637456e-04	2.712000e+00
1.0	8.760000e+02	4.147200e+04	2.036070e-02	3.943131e-04	2.712000e+00
1.0	1.024000e+03	4.147200e+04	2.029354e-02	5.188083e-04	2.712000e+00
1.0	1.280000e+03	4.147200e+04	2.029801e-02	4.555964e-04	2.712000e+00
1.0	1.536000e+03	4.147200e+04	2.045385e-02	4.717216e-04	2.712000e+00
1.0	1.280000e+02	4.147200e+04	1.888582e-02	3.593549e-04	2.752000e+00
1.0	2.560000e+02	4.147200e+04	1.891060e-02	3.788199e-04	2.752000e+00
1.0	3.840000e+02	4.147200e+04	1.888717e-02	3.623781e-04	2.752000e+00
1.0	5.120000e+02	4.147200e+04	1.890678e-02	3.161796e-04	2.752000e+00
1.0	6.400000e+02	4.147200e+04	1.891119e-02	3.376949e-04	2.752000e+00
1.0	7.580000e+02	4.147200e+04	1.885567e-02	2.837789e-04	2.752000e+00
1.0	8.760000e+02	4.147200e+04	1.888081e-02	3.210023e-04	2.752000e+00
1.0	1.024000e+03	4.147200e+04	1.890915e-02	3.426001e-04	2.752000e+00
1.0	1.280000e+03	4.147200e+04	1.890816e-02	3.559637e-04	2.752000e+00
1.0	1.536000e+03	4.147200e+04	1.880600e-02	3.109069e-04	2.752000e+00
1.0	1.280000e+02	4.147200e+04	1.608637e-02	2.509530e-04	2.888000e+00
1.0	2.560000e+02	4.147200e+04	1.612250e-02	2.766771e-04	2.888000e+00
1.0	3.840000e+02	4.147200e+04	1.608845e-02	2.856522e-04	2.888000e+00
1.0	5.120000e+02	4.147200e+04	1.612292e-02	2.804569e-04	2.888000e+00
1.0	6.400000e+02	4.147200e+04	1.612631e-02	3.111598e-04	2.888000e+00
1.0	7.580000e+02	4.147200e+04	1.612443e-02	3.081689e-04	2.888000e+00
1.0	8.760000e+02	4.147200e+04	1.611668e-02	2.936046e-04	2.888000e+00
1.0	1.024000e+03	4.147200e+04	1.612411e-02	2.630966e-04	2.888000e+00
1.0	1.280000e+03	4.147200e+04	1.612574e-02	2.699719e-04	2.888000e+00
1.0	1.536000e+03	4.147200e+04	1.607621e-02	3.764279e-04	2.888000e+00
1.0	1.280000e+02	4.147200e+04	1.378627e-02	1.686109e-04	3.048000e+00
1.0	2.560000e+02	4.147200e+04	1.379133e-02	1.757892e-04	3.048000e+00
1.0	3.840000e+02	4.147200e+04	1.378704e-02	1.899379e-04	3.048000e+00
1.0	5.120000e+02	4.147200e+04	1.379165e-02	1.551702e-04	3.048000e+00
1.0	6.400000e+02	4.147200e+04	1.379134e-02	1.939712e-04	3.048000e+00
1.0	7.580000e+02	4.147200e+04	1.374563e-02	1.584640e-04	3.048000e+00
1.0	8.760000e+02	4.147200e+04	1.375758e-02	1.787292e-04	3.048000e+00
1.0	1.024000e+03	4.147200e+04	1.379018e-02	1.731967e-04	3.048000e+00
1.0	1.280000e+03	4.147200e+04	1.379179e-02	1.726754e-04	3.048000e+00
1.0	1.536000e+03	4.147200e+04	1.375210e-02	1.975594e-04	3.048000e+00
1.0	1.280000e+02	4.147200e+04	1.187852e-02	1.421307e-04	3.208000e+00
1.0	2.560000e+02	4.147200e+04	1.188082e-02	1.466523e-04	3.208000e+00
1.0	3.840000e+02	4.147200e+04	1.187764e-02	1.422294e-04	3.208000e+00
1.0	5.120000e+02	4.147200e+04	1.187890e-02	1.354408e-04	3.208000e+00
1.0	6.400000e+02	4.147200e+04	1.187936e-02	1.465738e-04	3.208000e+00
1.0	7.580000e+02	4.147200e+04	1.183737e-02	1.213538e-04	3.208000e+00
1.0	8.760000e+02	4.147200e+04	1.187051e-02	1.418571e-04	3.208000e+00
1.0	1.024000e+03	4.147200e+04	1.188026e-02	1.309768e-04	3.208000e+00
1.0	1.280000e+03	4.147200e+04	1.188155e-02	1.621914e-04	3.208000e+00
1.0	1.536000e+03	4.147200e+04	1.182039e-02	1.265029e-04	3.208000e+00
1.0	1.280000e+02	4.147200e+04	1.102367e-02	1.239289e-04	3.368000e+00
1.0	2.560000e+02	4.147200e+04	1.103565e-02	1.167241e-04	3.368000e+00
1.0	3.840000e+02	4.147200e+04	1.102316e-02	1.123110e-04	3.368000e+00
1.0	5.120000e+02	4.147200e+04	1.103616e-02	9.185544e-05	3.368000e+00
1.0	6.400000e+02	4.147200e+04	1.103640e-02	1.215237e-04	3.368000e+00
1.0	7.580000e+02	4.147200e+04	1.101661e-02	1.017445e-04	3.368000e+00
1.0	8.760000e+02	4.147200e+04	1.104030e-02	9.696536e-05	3.368000e+00
1.0	1.024000e+03	4.147200e+04	1.103705e-02	1.077799e-04	3.368000e+00
1.0	1.280000e+03	4.147200e+04	1.103649e-02	1.063454e-04	3.368000e+00
1.0	1.536000e+03	4.147200e+04	1.104536e-02	1.076646e-04	3.368000e+00
1.0	1.280000e+02	4.147200e+04	1.003918e-02	1.072671e-04	3.528000e+00
1.0	2.560000e+02	4.147200e+04	1.001526e-02	1.031598e-04	3.528000e+00
1.0	3.840000e+02	4.147200e+04	1.003762e-02	1.146972e-04	3.528000e+00
1.0	5.120000e+02	4.147200e+04	1.001526e-02	1.125323e-04	3.528000e+00
1.0	6.400000e+02	4.147200e+04	1.001600e-02	9.966574e-05	3.528000e+00
1.0	7.580000e+02	4.147200e+04	9.981073e-03	1.012771e-04	3.528000e+00
1.0	8.760000e+02	4.147200e+04	9.970731e-03	1.319942e-04	3.528000e+00
1.0	1.024000e+03	4.147200e+04	1.001544e-02	1.386554e-04	3.528000e+00
1.0	1.280000e+03	4.147200e+04	1.001408e-02	1.161387e-04	3.528000e+00
1.0	1.536000e+03	4.147200e+04	1.000905e-02	1.473803e-04	3.528000e+00
