1.0	1.280000e+02	4.096000e+04	1.000000e+00	0.000000e+00	5.000000e-02
1.0	2.560000e+02	4.096000e+04	1.000000e+00	0.000000e+00	5.000000e-02
1.0	3.840000e+02	4.096000e+04	1.000000e+00	0.000000e+00	5.000000e-02
1.0	5.120000e+02	4.096000e+04	1.000000e+00	0.000000e+00	5.000000e-02
1.0	6.400000e+02	4.096000e+04	1.000000e+00	0.000000e+00	5.000000e-02
1.0	7.580000e+02	4.096000e+04	1.000000e+00	0.000000e+00	5.000000e-02
1.0	8.760000e+02	4.096000e+04	1.000000e+00	0.000000e+00	5.000000e-02
1.0	1.024000e+03	4.096000e+04	1.000000e+00	0.000000e+00	5.000000e-02
1.0	1.280000e+03	4.096000e+04	1.000000e+00	0.000000e+00	5.000000e-02
1.0	1.536000e+03	4.096000e+04	1.000000e+00	0.000000e+00	5.000000e-02
1.0	1.280000e+02	4.096000e+04	1.000000e+00	0.000000e+00	2.500000e-01
1.0	2.560000e+02	4.096000e+04	1.000000e+00	0.000000e+00	2.500000e-01
1.0	3.840000e+02	4.096000e+04	1.000000e+00	0.000000e+00	2.500000e-01
1.0	5.120000e+02	4.096000e+04	1.000000e+00	0.000000e+00	2.500000e-01
1.0	6.400000e+02	4.096000e+04	1.000000e+00	0.000000e+00	2.500000e-01
1.0	7.580000e+02	4.096000e+04	1.000000e+00	0.000000e+00	2.500000e-01
1.0	8.760000e+02	4.096000e+04	1.000000e+00	0.000000e+00	2.500000e-01
1.0	1.024000e+03	4.096000e+04	1.000000e+00	0.000000e+00	2.500000e-01
1.0	1.280000e+03	4.096000e+04	1.000000e+00	0.000000e+00	2.500000e-01
1.0	1.536000e+03	4.096000e+04	1.000000e+00	0.000000e+00	2.500000e-01
1.0	1.280000e+02	4.096000e+04	1.000000e+00	0.000000e+00	4.500000e-01
1.0	2.560000e+02	4.096000e+04	1.000000e+00	0.000000e+00	4.500000e-01
1.0	3.840000e+02	4.096000e+04	1.000000e+00	0.000000e+00	4.500000e-01
1.0	5.120000e+02	4.096000e+04	1.000000e+00	0.000000e+00	4.500000e-01
1.0	6.400000e+02	4.096000e+04	1.000000e+00	0.000000e+00	4.500000e-01
1.0	7.580000e+02	4.096000e+04	1.000000e+00	0.000000e+00	4.500000e-01
1.0	8.760000e+02	4.096000e+04	1.000000e+00	0.000000e+00	4.500000e-01
1.0	1.024000e+03	4.096000e+04	1.000000e+00	0.000000e+00	4.500000e-01
1.0	1.280000e+03	4.096000e+04	1.000000e+00	0.000000e+00	4.500000e-01
1.0	1.536000e+03	4.096000e+04	1.000000e+00	0.000000e+00	4.500000e-01
1.0	1.280000e+02	4.096000e+04	9.999837e-01	2.015597e-06	6.500000e-01
1.0	2.560000e+02	4.096000e+04	9.999837e-01	2.048316e-06	6.500000e-01
1.0	3.840000e+02	4.096000e+04	9.999836e-01	2.406433e-06	6.500000e-01
1.0	5.120000e+02	4.096000e+04	9.999837e-01	2.473234e-06	6.500000e-01
1.0	6.400000e+02	4.096000e+04	9.999837e-01	2.603574e-06	6.500000e-01
1.0	7.580000e+02	4.096000e+04	9.999840e-01	2.105519e-06	6.500000e-01
1.0	8.760000e+02	4.096000e+04	9.999840e-01	2.266689e-06	6.500000e-01
1.0	1.024000e+03	4.096000e+04	9.999837e-01	2.103367e-06	6.500000e-01
1.0	1.280000e+03	4.096000e+04	9.999837e-01	2.679702e-06	6.500000e-01
1.0	1.536000e+03	4.096000e+04	9.999836e-01	2.608111e-06	6.500000e-01
1.0	1.280000e+02	4.096000e+04	9.996663e-01	7.723407e-06	8.500000e-01
1.0	2.560000e+02	4.096000e+04	9.996663e-01	8.174787e-06	8.500000e-01
1.0	3.840000e+02	4.096000e+04	9.996664e-01	7.404814e-06	8.500000e-01
1.0	5.120000e+02	4.096000e+04	9.996663e-01	8.952658e-06	8.500000e-01
1.0	6.400000e+02	4.096000e+04	9.996664e-01	8.879746e-06	8.500000e-01
1.0	7.580000e+02	4.096000e+04	9.996660e-01	7.669404e-06	8.500000e-01
1.0	8.760000e+02	4.096000e+04	9.996649e-01	7.213898e-06	8.500000e-01
1.0	1.024000e+03	4.096000e+04	9.996663e-01	7.053068e-06	8.500000e-01
1.0	1.280000e+03	4.096000e+04	9.996663e-01	9.430125e-06	8.500000e-01
1.0	1.536000e+03	4.096000e+04	9.996671e-01	8.414412e-06	8.500000e-01
1.0	1.280000e+02	4.096000e+04	9.978553e-01	2.171853e-05	1.050000e+00
1.0	2.560000e+02	4.096000e+04	9.978554e-01	2.072148e-05	1.050000e+00
1.0	3.840000e+02	4.096000e+04	9.978564e-01	1.990661e-05	1.050000e+00
1.0	5.120000e+02	4.096000e+04	9.978554e-01	2.303056e-05	1.050000e+00
1.0	6.400000e+02	4.096000e+04	9.978554e-01	2.052501e-05	1.050000e+00
1.0	7.580000e+02	4.096000e+04	9.978607e-01	2.391595e-05	1.050000e+00
1.0	8.760000e+02	4.096000e+04	9.978594e-01	2.264378e-05	1.050000e+00
1.0	1.024000e+03	4.096000e+04	9.978554e-01	1.576738e-05	1.050000e+00
1.0	1.280000e+03	4.096000e+04	9.978554e-01	1.317060e-05	1.050000e+00
1.0	1.536000e+03	4.096000e+04	9.978611e-01	1.930794e-05	1.050000e+00
1.0	1.280000e+02	4.096000e+04	9.920177e-01	4.770912e-05	1.250000e+00
1.0	2.560000e+02	4.096000e+04	9.920180e-01	4.502597e-05	1.250000e+00
1.0	3.840000e+02	4.096000e+04	9.920183e-01	4.010819e-05	1.250000e+00
1.0	5.120000e+02	4.096000e+04	9.920182e-01	3.973263e-05	1.250000e+00
1.0	6.400000e+02	4.096000e+04	9.920182e-01	3.909693e-05	1.250000e+00
1.0	7.580000e+02	4.096000e+04	9.920258e-01	3.662230e-05	1.250000e+00
1.0	8.760000e+02	4.096000e+04	9.920201e-01	3.948638e-05	1.250000e+00
1.0	1.024000e+03	4.096000e+04	9.920180e-01	4.302248e-05	1.250000e+00
1.0	1.280000e+03	4.096000e+04	9.920181e-01	3.962352e-05	1.250000e+00
1.0	1.536000e+03	4.096000e+04	9.920368e-01	4.248383e-05	1.250000e+00
1.0	1.280000e+02	4.096000e+04	9.784826e-01	8.488536e-05	1.450000e+00
1.0	2.560000e+02	4.096000e+04	9.784819e-01	9.079690e-05	1.450000e+00
1.0	3.840000e+02	4.096000e+04	9.784770e-01	9.717159e-05	1.450000e+00
1.0	5.120000e+02	4.096000e+04	9.784837e-01	1.133412e-04	1.450000e+00
1.0	6.400000e+02	4.096000e+04	9.784820e-01	1.129567e-04	1.450000e+00
1.0	7.580000e+02	4.096000e+04	9.784803e-01	1.010390e-04	1.450000e+00
1.0	8.760000e+02	4.096000e+04	9.784664e-01	1.239841e-04	1.450000e+00
1.0	1.024000e+03	4.096000e+04	9.784827e-01	8.525081e-05	1.450000e+00
1.0	1.280000e+03	4.096000e+04	9.784822e-01	9.164886e-05	1.450000e+00
1.0	1.536000e+03	4.096000e+04	9.784406e-01	1.067002e-04	1.450000e+00
1.0	1.280000e+02	4.096000e+04	9.511142e-01	1.542813e-04	1.650000e+00
1.0	2.560000e+02	4.096000e+04	9.511138e-01	1.656262e-04	1.650000e+00
1.0	3.840000e+02	4.096000e+04	9.511331e-01	1.288177e-04	1.650000e+00
1.0	5.120000e+02	4.096000e+04	9.511144e-01	1.380565e-04	1.650000e+00
1.0	6.400000e+02	4.096000e+04	9.511135e-01	1.337689e-04	1.650000e+00
1.0	7.580000e+02	4.096000e+04	9.511331e-01	1.425819e-04	1.650000e+00
1.0	8.760000e+02	4.096000e+04	9.511716e-01	1.499828e-04	1.650000e+00
1.0	1.024000e+03	4.096000e+04	9.511145e-01	1.538472e-04	1.650000e+00
1.0	1.280000e+03	4.096000e+04	9.511132e-01	1.149999e-04	1.650000e+00
1.0	1.536000e+03	4.096000e+04	9.511705e-01	1.129411e-04	1.650000e+00
1.0	1.280000e+02	4.096000e+04	8.991805e-01	3.946887e-04	1.850000e+00
1.0	2.560000e+02	4.096000e+04	8.991810e-01	3.915194e-04	1.850000e+00
1.0	3.840000e+02	4.096000e+04	8.991341e-01	3.523089e-04	1.850000e+00
1.0	5.120000e+02	4.096000e+04	8.991790e-01	4.465429e-04	1.850000e+00
1.0	6.400000e+02	4.096000e+04	8.991817e-01	4.865589e-04	1.850000e+00
1.0	7.580000e+02	4.096000e+04	8.991606e-01	2.658838e-04	1.850000e+00
1.0	8.760000e+02	4.096000e+04	8.991526e-01	4.963448e-04	1.850000e+00
1.0	1.024000e+03	4.096000e+04	8.991767e-01	4.996246e-04	1.850000e+00
1.0	1.280000e+03	4.096000e+04	8.991781e-01	2.389449e-04	1.850000e+00
1.0	1.536000e+03	4.096000e+04	8.991946e-01	2.273426e-04	1.850000e+00
1.0	1.280000e+02	4.096000e+04	8.304328e-01	6.836222e-04	2.000000e+00
1.0	2.560000e+02	4.096000e+04	8.304428e-01	7.932549e-04	2.000000e+00
1.0	3.840000e+02	4.096000e+04	8.307219e-01	7.862641e-04	2.000000e+00
1.0	5.120000e+02	4.096000e+04	8.304342e-01	8.175853e-04	2.000000e+00
1.0	6.400000e+02	4.096000e+04	8.304327e-01	8.769663e-04	2.000000e+00
1.0	7.580000e+02	4.096000e+04	8.306954e-01	9.117686e-04	2.000000e+00
1.0	8.760000e+02	4.096000e+04	8.306392e-01	7.084406e-04	2.000000e+00
1.0	1.024000e+03	4.096000e+04	8.304311e-01	9.270741e-04	2.000000e+00
1.0	1.280000e+03	4.096000e+04	8.304339e-01	9.712618e-04	2.000000e+00
1.0	1.536000e+03	4.096000e+04	8.306813e-01	8.425313e-04	2.000000e+00
1.0	1.280000e+02	4.096000e+04	8.203207e-01	7.079800e-04	2.016000e+00
1.0	2.560000e+02	4.096000e+04	8.203129e-01	7.371868e-04	2.016000e+00
1.0	3.840000e+02	4.096000e+04	8.201995e-01	7.648201e-04	2.016000e+00
1.0	5.120000e+02	4.096000e+04	8.203132e-01	7.288801e-04	2.016000e+00
1.0	6.400000e+02	4.096000e+04	8.203227e-01	8.172107e-04	2.016000e+00
1.0	7.580000e+02	4.096000e+04	8.202023e-01	8.969585e-04	2.016000e+00
1.0	8.760000e+02	4.096000e+04	8.201749e-01	7.487389e-04	2.016000e+00
1.0	1.024000e+03	4.096000e+04	8.203143e-01	7.948613e-04	2.016000e+00
1.0	1.280000e+03	4.096000e+04	8.203220e-01	1.022461e-03	2.016000e+00
1.0	1.536000e+03	4.096000e+04	8.200537e-01	1.040981e-03	2.016000e+00
1.0	1.280000e+02	4.096000e+04	8.104769e-01	9.010928e-04	2.032000e+00
1.0	2.560000e+02	4.096000e+04	8.104841e-01	8.054629e-04	2.032000e+00
1.0	3.840000e+02	4.096000e+04	8.103099e-01	8.728232e-04	2.032000e+00
1.0	5.120000e+02	4.096000e+04	8.104747e-01	8.426779e-04	2.032000e+00
1.0	6.400000e+02	4.096000e+04	8.104726e-01	8.625433e-04	2.032000e+00
1.0	7.580000e+02	4.096000e+04	8.102423e-01	8.894160e-04	2.032000e+00
1.0	8.760000e+02	4.096000e+04	8.104248e-01	8.243962e-04	2.032000e+00
1.0	1.024000e+03	4.096000e+04	8.104771e-01	9.097547e-04	2.032000e+00
1.0	1.280000e+03	4.096000e+04	8.104749e-01	6.349239e-04	2.032000e+00
1.0	1.536000e+03	4.096000e+04	8.101589e-01	8.725632e-04	2.032000e+00
1.0	1.280000e+02	4.096000e+04	7.998687e-01	1.044092e-03	2.048000e+00
1.0	2.560000e+02	4.096000e+04	7.998680e-01	1.222006e-03	2.048000e+00
1.0	3.840000e+02	4.096000e+04	8.005113e-01	9.727289e-04	2.048000e+00
1.0	5.120000e+02	4.096000e+04	7.998727e-01	1.234939e-03	2.048000e+00
1.0	6.400000e+02	4.096000e+04	7.998603e-01	1.071349e-03	2.048000e+00
1.0	7.580000e+02	4.096000e+04	8.005516e-01	1.058141e-03	2.048000e+00
1.0	8.760000e+02	4.096000e+04	8.004394e-01	1.230002e-03	2.048000e+00
1.0	1.024000e+03	4.096000e+04	7.998693e-01	1.071548e-03	2.048000e+00
1.0	1.280000e+03	4.096000e+04	7.998679e-01	8.330593e-04	2.048000e+00
1.0	1.536000e+03	4.096000e+04	8.001494e-01	1.162795e-03	2.048000e+00
1.0	1.280000e+02	4.096000e+04	7.873103e-01	1.183083e-03	2.064000e+00
1.0	2.560000e+02	4.096000e+04	7.873010e-01	1.109324e-03	2.064000e+00
1.0	3.840000e+02	4.096000e+04	7.876401e-01	1.020065e-03	2.064000e+00
1.0	5.120000e+02	4.096000e+04	7.873029e-01	8.969536e-04	2.064000e+00
1.0	6.400000e+02	4.096000e+04	7.873125e-01	9.120359e-04	2.064000e+00
1.0	7.580000e+02	4.096000e+04	7.875461e-01	1.180320e-03	2.064000e+00
1.0	8.760000e+02	4.096000e+04	7.876300e-01	9.501476e-04	2.064000e+00
1.0	1.024000e+03	4.096000e+04	7.873121e-01	9.257872e-04	2.064000e+00
1.0	1.280000e+03	4.096000e+04	7.872990e-01	9.548471e-04	2.064000e+00
1.0	1.536000e+03	4.096000e+04	7.875705e-01	9.719816e-04	2.064000e+00
1.0	1.280000e+02	4.096000e+04	7.750838e-01	1.157267e-03	2.080000e+00
1.0	2.560000e+02	4.096000e+04	7.750781e-01	1.212533e-03	2.080000e+00
1.0	3.840000e+02	4.096000e+04	7.750995e-01	1.251205e-03	2.080000e+00
1.0	5.120000e+02	4.096000e+04	7.750941e-01	1.311450e-03	2.080000e+00
1.0	6.400000e+02	4.096000e+04	7.750800e-01	1.323701e-03	2.080000e+00
1.0	7.580000e+02	4.096000e+04	7.751890e-01	1.517110e-03	2.080000e+00
1.0	8.760000e+02	4.096000e+04	7.754734e-01	1.691490e-03	2.080000e+00
1.0	1.024000e+03	4.096000e+04	7.750653e-01	1.487373e-03	2.080000e+00
1.0	1.280000e+03	4.096000e+04	7.750717e-01	1.313030e-03	2.080000e+00
1.0	1.536000e+03	4.096000e+04	7.755281e-01	1.838977e-03	2.080000e+00
1.0	1.280000e+02	4.096000e+04	7.584617e-01	1.552434e-03	2.096000e+00
1.0	2.560000e+02	4.096000e+04	7.584546e-01	1.748754e-03	2.096000e+00
1.0	3.840000e+02	4.096000e+04	7.586038e-01	1.841817e-03	2.096000e+00
1.0	5.120000e+02	4.096000e+04	7.584512e-01	1.398137e-03	2.096000e+00
1.0	6.400000e+02	4.096000e+04	7.584431e-01	1.362219e-03	2.096000e+00
1.0	7.580000e+02	4.096000e+04	7.583608e-01	1.670885e-03	2.096000e+00
1.0	8.760000e+02	4.096000e+04	7.581938e-01	1.755437e-03	2.096000e+00
1.0	1.024000e+03	4.096000e+04	7.584502e-01	1.329601e-03	2.096000e+00
1.0	1.280000e+03	4.096000e+04	7.584472e-01	1.676706e-03	2.096000e+00
1.0	1.536000e+03	4.096000e+04	7.579428e-01	1.491567e-03	2.096000e+00
1.0	1.280000e+02	4.096000e+04	7.447320e-01	2.052506e-03	2.112000e+00
1.0	2.560000e+02	4.096000e+04	7.447351e-01	2.123245e-03	2.112000e+00
1.0	3.840000e+02	4.096000e+04	7.447083e-01	1.939999e-03	2.112000e+00
1.0	5.120000e+02	4.096000e+04	7.447583e-01	1.771817e-03	2.112000e+00
1.0	6.400000e+02	4.096000e+04	7.447239e-01	2.072248e-03	2.112000e+00
1.0	7.580000e+02	4.096000e+04	7.445788e-01	2.145991e-03	2.112000e+00
1.0	8.760000e+02	4.096000e+04	7.445913e-01	2.010926e-03	2.112000e+00
1.0	1.024000e+03	4.096000e+04	7.447240e-01	1.922338e-03	2.112000e+00
1.0	1.280000e+03	4.096000e+04	7.447433e-01	1.664198e-03	2.112000e+00
1.0	1.536000e+03	4.096000e+04	7.449310e-01	2.020732e-03	2.112000e+00
1.0	1.280000e+02	4.096000e+04	7.273853e-01	2.015374e-03	2.128000e+00
1.0	2.560000e+02	4.096000e+04	7.273774e-01	2.066893e-03	2.128000e+00
1.0	3.840000e+02	4.096000e+04	7.275607e-01	2.140931e-03	2.128000e+00
1.0	5.120000e+02	4.096000e+04	7.273976e-01	2.224898e-03	2.128000e+00
1.0	6.400000e+02	4.096000e+04	7.273974e-01	1.250785e-03	2.128000e+00
1.0	7.580000e+02	4.096000e+04	7.275501e-01	1.849387e-03	2.128000e+00
1.0	8.760000e+02	4.096000e+04	7.275051e-01	2.061428e-03	2.128000e+00
1.0	1.024000e+03	4.096000e+04	7.273921e-01	2.270792e-03	2.128000e+00
1.0	1.280000e+03	4.096000e+04	7.273860e-01	1.165008e-03	2.128000e+00
1.0	1.536000e+03	4.096000e+04	7.277363e-01	2.314596e-03	2.128000e+00
1.0	1.280000e+02	4.096000e+04	7.040190e-01	4.804795e-03	2.144000e+00
1.0	2.560000e+02	4.096000e+04	7.040789e-01	4.808826e-03	2.144000e+00
1.0	3.840000e+02	4.096000e+04	7.039821e-01	5.962165e-03	2.144000e+00
1.0	5.120000e+02	4.096000e+04	7.040237e-01	5.933244e-03	2.144000e+00
1.0	6.400000e+02	4.096000e+04	7.040451e-01	6.660409e-03	2.144000e+00
1.0	7.580000e+02	4.096000e+04	7.039090e-01	6.799264e-03	2.144000e+00
1.0	8.760000e+02	4.096000e+04	7.033598e-01	5.544916e-03	2.144000e+00
1.0	1.024000e+03	4.096000e+04	7.040687e-01	5.993330e-03	2.144000e+00
1.0	1.280000e+03	4.096000e+04	7.040434e-01	6.523262e-03	2.144000e+00
1.0	1.536000e+03	4.096000e+04	7.024151e-01	6.156794e-03	2.144000e+00
1.0	1.280000e+02	4.096000e+04	6.868422e-01	2.714510e-03	2.160000e+00
1.0	2.560000e+02	4.096000e+04	6.868347e-01	2.865657e-03	2.160000e+00
1.0	3.840000e+02	4.096000e+04	6.872298e-01	2.477846e-03	2.160000e+00
1.0	5.120000e+02	4.096000e+04	6.868242e-01	2.593587e-03	2.160000e+00
1.0	6.400000e+02	4.096000e+04	6.868485e-01	2.263519e-03	2.160000e+00
1.0	7.580000e+02	4.096000e+04	6.869333e-01	3.239216e-03	2.160000e+00
1.0	8.760000e+02	4.096000e+04	6.871217e-01	2.436456e-03	2.160000e+00
1.0	1.024000e+03	4.096000e+04	6.868250e-01	2.088387e-03	2.160000e+00
1.0	1.280000e+03	4.096000e+04	6.868312e-01	2.172489e-03	2.160000e+00
1.0	1.536000e+03	4.096000e+04	6.867597e-01	1.739669e-03	2.160000e+00
1.0	1.280000e+02	4.096000e+04	6.578647e-01	3.898254e-03	2.176000e+00
1.0	2.560000e+02	4.096000e+04	6.578576e-01	3.998787e-03	2.176000e+00
1.0	3.840000e+02	4.096000e+04	6.569606e-01	3.547975e-03	2.176000e+00
1.0	5.120000e+02	4.096000e+04	6.578943e-01	4.009829e-03	2.176000e+00
1.0	6.400000e+02	4.096000e+04	6.578715e-01	3.546954e-03	2.176000e+00
1.0	7.580000e+02	4.096000e+04	6.574608e-01	3.063005e-03	2.176000e+00
1.0	8.760000e+02	4.096000e+04	6.576680e-01	3.367002e-03	2.176000e+00
1.0	1.024000e+03	4.096000e+04	6.578692e-01	3.994311e-03	2.176000e+00
1.0	1.280000e+03	4.096000e+04	6.578411e-01	3.397191e-03	2.176000e+00
1.0	1.536000e+03	4.096000e+04	6.577388e-01	3.557665e-03	2.176000e+00
1.0	1.280000e+02	4.096000e+04	6.330112e-01	5.532915e-03	2.192000e+00
1.0	2.560000e+02	4.096000e+04	6.330074e-01	5.321725e-03	2.192000e+00
1.0	3.840000e+02	4.096000e+04	6.334095e-01	5.251555e-03	2.192000e+00
1.0	5.120000e+02	4.096000e+04	6.330122e-01	4.935260e-03	2.192000e+00
1.0	6.400000e+02	4.096000e+04	6.330922e-01	5.160682e-03	2.192000e+00
1.0	7.580000e+02	4.096000e+04	6.328128e-01	4.298099e-03	2.192000e+00
1.0	8.760000e+02	4.096000e+04	6.322249e-01	5.264834e-03	2.192000e+00
1.0	1.024000e+03	4.096000e+04	6.330391e-01	4.883604e-03	2.192000e+00
1.0	1.280000e+03	4.096000e+04	6.330320e-01	4.943665e-03	2.192000e+00
1.0	1.536000e+03	4.096000e+04	6.338344e-01	4.399292e-03	2.192000e+00
1.0	1.280000e+02	4.096000e+04	6.122161e-01	6.092979e-03	2.208000e+00
1.0	2.560000e+02	4.096000e+04	6.122542e-01	6.170483e-03	2.208000e+00
1.0	3.840000e+02	4.096000e+04	6.149839e-01	5.786505e-03	2.208000e+00
1.0	5.120000e+02	4.096000e+04	6.122289e-01	7.282050e-03	2.208000e+00
1.0	6.400000e+02	4.096000e+04	6.122642e-01	5.753213e-03	2.208000e+00
1.0	7.580000e+02	4.096000e+04	6.144339e-01	6.023256e-03	2.208000e+00
1.0	8.760000e+02	4.096000e+04	6.140675e-01	6.117953e-03	2.208000e+00
1.0	1.024000e+03	4.096000e+04	6.122082e-01	6.820345e-03	2.208000e+00
1.0	1.280000e+03	4.096000e+04	6.122598e-01	6.573934e-03	2.208000e+00
1.0	1.536000e+03	4.096000e+04	6.124842e-01	6.071836e-03	2.208000e+00
1.0	1.280000e+02	4.096000e+04	5.528743e-01	1.031350e-02	2.224000e+00
1.0	2.560000e+02	4.096000e+04	5.529540e-01	1.167324e-02	2.224000e+00
1.0	3.840000e+02	4.096000e+04	5.514797e-01	1.316196e-02	2.224000e+00
1.0	5.120000e+02	4.096000e+04	5.528650e-01	1.131912e-02	2.224000e+00
1.0	6.400000e+02	4.096000e+04	5.529428e-01	1.240581e-02	2.224000e+00
1.0	7.580000e+02	4.096000e+04	5.510640e-01	1.313295e-02	2.224000e+00
1.0	8.760000e+02	4.096000e+04	5.501205e-01	1.296040e-02	2.224000e+00
1.0	1.024000e+03	4.096000e+04	5.527899e-01	1.201686e-02	2.224000e+00
1.0	1.280000e+03	4.096000e+04	5.529454e-01	1.120046e-02	2.224000e+00
1.0	1.536000e+03	4.096000e+04	5.475735e-01	8.945074e-03	2.224000e+00
1.0	1.280000e+02	4.096000e+04	5.194288e-01	1.537644e-02	2.228000e+00
1.0	2.560000e+02	4.096000e+04	5.195908e-01	1.860643e-02	2.228000e+00
1.0	3.840000e+02	4.096000e+04	5.180782e-01	2.195496e-02	2.228000e+00
1.0	5.120000e+02	4.096000e+04	5.194042e-01	1.831644e-02	2.228000e+00
1.0	6.400000e+02	4.096000e+04	5.196031e-01	1.988065e-02	2.228000e+00
1.0	7.580000e+02	4.096000e+04	5.177310e-01	2.310715e-02	2.228000e+00
1.0	8.760000e+02	4.096000e+04	5.155524e-01	2.472843e-02	2.228000e+00
1.0	1.024000e+03	4.096000e+04	5.192644e-01	2.122423e-02	2.228000e+00
1.0	1.280000e+03	4.096000e+04	5.194878e-01	2.171043e-02	2.228000e+00
1.0	1.536000e+03	4.096000e+04	5.110113e-01	2.591836e-02	2.228000e+00
1.0	1.280000e+02	4.096000e+04	5.512645e-01	8.032605e-03	2.232000e+00
1.0	2.560000e+02	4.096000e+04	5.512493e-01	8.640283e-03	2.232000e+00
1.0	3.840000e+02	4.096000e+04	5.503862e-01	8.517656e-03	2.232000e+00
1.0	5.120000e+02	4.096000e+04	5.511556e-01	7.251085e-03	2.232000e+00
1.0	6.400000e+02	4.096000e+04	5.512626e-01	8.829890e-03	2.232000e+00
1.0	7.580000e+02	4.096000e+04	5.498739e-01	9.624483e-03	2.232000e+00
1.0	8.760000e+02	4.096000e+04	5.525096e-01	9.679051e-03	2.232000e+00
1.0	1.024000e+03	4.096000e+04	5.512552e-01	9.226183e-03	2.232000e+00
1.0	1.280000e+03	4.096000e+04	5.512913e-01	8.825267e-03	2.232000e+00
1.0	1.536000e+03	4.096000e+04	5.535751e-01	8.509724e-03	2.232000e+00
1.0	1.280000e+02	4.096000e+04	4.981965e-01	1.360573e-02	2.236000e+00
1.0	2.560000e+02	4.096000e+04	4.980615e-01	1.591286e-02	2.236000e+00
1.0	3.840000e+02	4.096000e+04	4.967765e-01	1.655708e-02	2.236000e+00
1.0	5.120000e+02	4.096000e+04	4.982317e-01	1.788308e-02	2.236000e+00
1.0	6.400000e+02	4.096000e+04	4.982393e-01	1.651703e-02	2.236000e+00
1.0	7.580000e+02	4.096000e+04	4.963374e-01	1.929490e-02	2.236000e+00
1.0	8.760000e+02	4.096000e+04	4.957041e-01	1.981056e-02	2.236000e+00
1.0	1.024000e+03	4.096000e+04	4.981911e-01	1.880304e-02	2.236000e+00
1.0	1.280000e+03	4.096000e+04	4.982314e-01	1.977232e-02	2.236000e+00
1.0	1.536000e+03	4.096000e+04	4.942467e-01	2.160784e-02	2.236000e+00
1.0	1.280000e+02	4.096000e+04	5.202026e-01	1.108976e-02	2.240000e+00
1.0	2.560000e+02	4.096000e+04	5.201537e-01	1.430288e-02	2.240000e+00
1.0	3.840000e+02	4.096000e+04	5.187483e-01	1.469395e-02	2.240000e+00
1.0	5.120000e+02	4.096000e+04	5.201075e-01	1.464723e-02	2.240000e+00
1.0	6.400000e+02	4.096000e+04	5.199635e-01	1.192962e-02	2.240000e+00
1.0	7.580000e+02	4.096000e+04	5.181412e-01	1.585151e-02	2.240000e+00
1.0	8.760000e+02	4.096000e+04	5.172308e-01	1.310892e-02	2.240000e+00
1.0	1.024000e+03	4.096000e+04	5.201300e-01	1.275101e-02	2.240000e+00
1.0	1.280000e+03	4.096000e+04	5.200165e-01	1.494530e-02	2.240000e+00
1.0	1.536000e+03	4.096000e+04	5.133431e-01	1.361039e-02	2.240000e+00
1.0	1.280000e+02	4.096000e+04	5.071685e-01	1.006747e-02	2.244000e+00
1.0	2.560000e+02	4.096000e+04	5.071344e-01	1.047492e-02	2.244000e+00
1.0	3.840000e+02	4.096000e+04	5.054377e-01	1.166651e-02	2.244000e+00
1.0	5.120000e+02	4.096000e+04	5.070505e-01	1.173373e-02	2.244000e+00
1.0	6.400000e+02	4.096000e+04	5.070918e-01	1.217613e-02	2.244000e+00
1.0	7.580000e+02	4.096000e+04	5.042683e-01	1.212491e-02	2.244000e+00
1.0	8.760000e+02	4.096000e+04	5.037751e-01	1.272003e-02	2.244000e+00
1.0	1.024000e+03	4.096000e+04	5.069973e-01	1.152101e-02	2.244000e+00
1.0	1.280000e+03	4.096000e+04	5.071446e-01	1.046046e-02	2.244000e+00
1.0	1.536000e+03	4.096000e+04	5.076834e-01	1.087967e-02	2.244000e+00
1.0	1.280000e+02	4.096000e+04	5.152621e-01	8.650283e-03	2.248000e+00
1.0	2.560000e+02	4.096000e+04	5.153115e-01	9.361585e-03	2.248000e+00
1.0	3.840000e+02	4.096000e+04	5.145512e-01	1.019468e-02	2.248000e+00
1.0	5.120000e+02	4.096000e+04	5.151899e-01	1.053453e-02	2.248000e+00
1.0	6.400000e+02	4.096000e+04	5.152226e-01	8.414851e-03	2.248000e+00
1.0	7.580000e+02	4.096000e+04	5.145041e-01	1.031844e-02	2.248000e+00
1.0	8.760000e+02	4.096000e+04	5.157095e-01	8.629658e-03	2.248000e+00
1.0	1.024000e+03	4.096000e+04	5.152125e-01	9.986153e-03	2.248000e+00
1.0	1.280000e+03	4.096000e+04	5.152798e-01	9.030550e-03	2.248000e+00
1.0	1.536000e+03	4.096000e+04	5.136360e-01	9.673866e-03	2.248000e+00
1.0	1.280000e+02	4.096000e+04	4.493022e-01	1.565536e-02	2.252000e+00
1.0	2.560000e+02	4.096000e+04	4.492799e-01	1.771650e-02	2.252000e+00
1.0	3.840000e+02	4.096000e+04	4.529106e-01	1.940272e-02	2.252000e+00
1.0	5.120000e+02	4.096000e+04	4.491477e-01	1.959358e-02	2.252000e+00
1.0	6.400000e+02	4.096000e+04	4.492251e-01	2.293673e-02	2.252000e+00
1.0	7.580000e+02	4.096000e+04	4.548636e-01	2.005588e-02	2.252000e+00
1.0	8.760000e+02	4.096000e+04	4.531546e-01	2.357397e-02	2.252000e+00
1.0	1.024000e+03	4.096000e+04	4.490675e-01	2.226531e-02	2.252000e+00
1.0	1.280000e+03	4.096000e+04	4.491788e-01	2.177221e-02	2.252000e+00
1.0	1.536000e+03	4.096000e+04	4.562003e-01	1.823534e-02	2.252000e+00
1.0	1.280000e+02	4.096000e+04	4.694399e-01	1.444065e-02	2.256000e+00
1.0	2.560000e+02	4.096000e+04	4.696040e-01	1.530651e-02	2.256000e+00
1.0	3.840000e+02	4.096000e+04	4.674516e-01	1.893646e-02	2.256000e+00
1.0	5.120000e+02	4.096000e+04	4.695452e-01	1.351318e-02	2.256000e+00
1.0	6.400000e+02	4.096000e+04	4.694459e-01	1.686408e-02	2.256000e+00
1.0	7.580000e+02	4.096000e+04	4.685700e-01	1.549929e-02	2.256000e+00
1.0	8.760000e+02	4.096000e+04	4.740142e-01	1.775925e-02	2.256000e+00
1.0	1.024000e+03	4.096000e+04	4.695220e-01	1.331777e-02	2.256000e+00
1.0	1.280000e+03	4.096000e+04	4.694715e-01	1.583075e-02	2.256000e+00
1.0	1.536000e+03	4.096000e+04	4.726298e-01	1.577770e-02	2.256000e+00
1.0	1.280000e+02	4.096000e+04	4.554725e-01	1.249579e-02	2.260000e+00
1.0	2.560000e+02	4.096000e+04	4.555292e-01	1.333722e-02	2.260000e+00
1.0	3.840000e+02	4.096000e+04	4.551716e-01	1.626520e-02	2.260000e+00
1.0	5.120000e+02	4.096000e+04	4.555027e-01	1.106483e-02	2.260000e+00
1.0	6.400000e+02	4.096000e+04	4.555334e-01	1.633849e-02	2.260000e+00
1.0	7.580000e+02	4.096000e+04	4.557478e-01	1.472890e-02	2.260000e+00
1.0	8.760000e+02	4.096000e+04	4.622403e-01	1.312142e-02	2.260000e+00
1.0	1.024000e+03	4.096000e+04	4.554038e-01	1.367440e-02	2.260000e+00
1.0	1.280000e+03	4.096000e+04	4.553981e-01	1.390890e-02	2.260000e+00
1.0	1.536000e+03	4.096000e+04	4.604513e-01	1.387506e-02	2.260000e+00
1.0	1.280000e+02	4.096000e+04	4.317857e-01	1.528626e-02	2.264000e+00
1.0	2.560000e+02	4.096000e+04	4.316660e-01	1.913798e-02	2.264000e+00
1.0	3.840000e+02	4.096000e+04	4.291692e-01	2.046298e-02	2.264000e+00
1.0	5.120000e+02	4.096000e+04	4.316363e-01	2.035199e-02	2.264000e+00
1.0	6.400000e+02	4.096000e+04	4.316576e-01	2.347497e-02	2.264000e+00
1.0	7.580000e+02	4.096000e+04	4.277047e-01	2.180774e-02	2.264000e+00
1.0	8.760000e+02	4.096000e+04	4.264071e-01	2.380326e-02	2.264000e+00
1.0	1.024000e+03	4.096000e+04	4.318140e-01	2.198791e-02	2.264000e+00
1.0	1.280000e+03	4.096000e+04	4.318076e-01	2.209361e-02	2.264000e+00
1.0	1.536000e+03	4.096000e+04	4.257185e-01	2.818241e-02	2.264000e+00
1.0	1.280000e+02	4.096000e+04	4.456595e-01	1.354191e-02	2.268000e+00
1.0	2.560000e+02	4.096000e+04	4.456119e-01	1.642515e-02	2.268000e+00
1.0	3.840000e+02	4.096000e+04	4.459728e-01	1.836333e-02	2.268000e+00
1.0	5.120000e+02	4.096000e+04	4.456150e-01	1.807637e-02	2.268000e+00
1.0	6.400000e+02	4.096000e+04	4.458258e-01	1.815397e-02	2.268000e+00
1.0	7.580000e+02	4.096000e+04	4.440832e-01	2.008105e-02	2.268000e+00
1.0	8.760000e+02	4.096000e+04	4.422015e-01	1.313660e-02	2.268000e+00
1.0	1.024000e+03	4.096000e+04	4.456657e-01	1.964822e-02	2.268000e+00
1.0	1.280000e+03	4.096000e+04	4.456975e-01	1.468248e-02	2.268000e+00
1.0	1.536000e+03	4.096000e+04	4.392852e-01	1.910887e-02	2.268000e+00
1.0	1.280000e+02	4.096000e+04	3.810913e-01	1.611258e-02	2.272000e+00
1.0	2.560000e+02	4.096000e+04	3.810811e-01	1.706893e-02	2.272000e+00
1.0	3.840000e+02	4.096000e+04	3.864516e-01	1.561098e-02	2.272000e+00
1.0	5.120000e+02	4.096000e+04	3.810119e-01	1.875036e-02	2.272000e+00
1.0	6.400000e+02	4.096000e+04	3.810866e-01	1.898666e-02	2.272000e+00
1.0	7.580000e+02	4.096000e+04	3.874315e-01	1.866358e-02	2.272000e+00
1.0	8.760000e+02	4.096000e+04	3.885794e-01	2.239986e-02	2.272000e+00
1.0	1.024000e+03	4.096000e+04	3.811451e-01	1.953974e-02	2.272000e+00
1.0	1.280000e+03	4.096000e+04	3.809819e-01	2.031542e-02	2.272000e+00
1.0	1.536000e+03	4.096000e+04	3.850477e-01	2.105011e-02	2.272000e+00
1.0	1.280000e+02	4.096000e+04	3.965082e-01	1.626323e-02	2.276000e+00
1.0	2.560000e+02	4.096000e+04	3.963700e-01	1.785208e-02	2.276000e+00
1.0	3.840000e+02	4.096000e+04	4.002254e-01	1.908434e-02	2.276000e+00
1.0	5.120000e+02	4.096000e+04	3.964596e-01	1.731613e-02	2.276000e+00
1.0	6.400000e+02	4.096000e+04	3.963307e-01	1.911753e-02	2.276000e+00
1.0	7.580000e+02	4.096000e+04	4.032054e-01	1.624849e-02	2.276000e+00
1.0	8.760000e+02	4.096000e+04	4.038445e-01	2.093807e-02	2.276000e+00
1.0	1.024000e+03	4.096000e+04	3.965350e-01	2.080165e-02	2.276000e+00
1.0	1.280000e+03	4.096000e+04	3.964529e-01	2.336527e-02	2.276000e+00
1.0	1.536000e+03	4.096000e+04	4.069153e-01	2.032233e-02	2.276000e+00
1.0	1.280000e+02	4.096000e+04	3.485877e-01	1.673354e-02	2.280000e+00
1.0	2.560000e+02	4.096000e+04	3.486305e-01	1.951848e-02	2.280000e+00
1.0	3.840000e+02	4.096000e+04	3.445145e-01	2.099096e-02	2.280000e+00
1.0	5.120000e+02	4.096000e+04	3.486625e-01	2.185224e-02	2.280000e+00
1.0	6.400000e+02	4.096000e+04	3.486201e-01	1.836194e-02	2.280000e+00
1.0	7.580000e+02	4.096000e+04	3.437403e-01	1.770020e-02	2.280000e+00
1.0	8.760000e+02	4.096000e+04	3.422769e-01	1.944894e-02	2.280000e+00
1.0	1.024000e+03	4.096000e+04	3.486533e-01	1.588621e-02	2.280000e+00
1.0	1.280000e+03	4.096000e+04	3.484690e-01	1.986895e-02	2.280000e+00
1.0	1.536000e+03	4.096000e+04	3.443173e-01	1.779216e-02	2.280000e+00
1.0	1.280000e+02	4.096000e+04	3.469330e-01	1.671720e-02	2.284000e+00
1.0	2.560000e+02	4.096000e+04	3.468936e-01	1.975892e-02	2.284000e+00
1.0	3.840000e+02	4.096000e+04	3.512618e-01	2.322122e-02	2.284000e+00
1.0	5.120000e+02	4.096000e+04	3.467187e-01	2.367196e-02	2.284000e+00
1.0	6.400000e+02	4.096000e+04	3.467252e-01	2.625346e-02	2.284000e+00
1.0	7.580000e+02	4.096000e+04	3.538806e-01	2.795718e-02	2.284000e+00
1.0	8.760000e+02	4.096000e+04	3.500922e-01	2.918734e-02	2.284000e+00
1.0	1.024000e+03	4.096000e+04	3.466911e-01	2.718178e-02	2.284000e+00
1.0	1.280000e+03	4.096000e+04	3.469500e-01	3.023257e-02	2.284000e+00
1.0	1.536000e+03	4.096000e+04	3.599222e-01	2.890460e-02	2.284000e+00
1.0	1.280000e+02	4.096000e+04	3.689077e-01	1.449386e-02	2.288000e+00
1.0	2.560000e+02	4.096000e+04	3.688255e-01	1.675043e-02	2.288000e+00
1.0	3.840000e+02	4.096000e+04	3.667770e-01	1.832524e-02	2.288000e+00
1.0	5.120000e+02	4.096000e+04	3.689568e-01	1.986980e-02	2.288000e+00
1.0	6.400000e+02	4.096000e+04	3.687747e-01	1.415431e-02	2.288000e+00
1.0	7.580000e+02	4.096000e+04	3.676418e-01	2.152183e-02	2.288000e+00
1.0	8.760000e+02	4.096000e+04	3.650011e-01	2.246896e-02	2.288000e+00
1.0	1.024000e+03	4.096000e+04	3.690925e-01	1.812869e-02	2.288000e+00
1.0	1.280000e+03	4.096000e+04	3.689513e-01	1.689166e-02	2.288000e+00
1.0	1.536000e+03	4.096000e+04	3.614597e-01	1.862971e-02	2.288000e+00
1.0	1.280000e+02	4.096000e+04	3.242545e-01	1.634295e-02	2.292000e+00
1.0	2.560000e+02	4.096000e+04	3.244313e-01	2.080911e-02	2.292000e+00
1.0	3.840000e+02	4.096000e+04	3.215304e-01	2.303175e-02	2.292000e+00
1.0	5.120000e+02	4.096000e+04	3.241493e-01	2.430150e-02	2.292000e+00
1.0	6.400000e+02	4.096000e+04	3.242333e-01	2.538142e-02	2.292000e+00
1.0	7.580000e+02	4.096000e+04	3.216198e-01	2.433156e-02	2.292000e+00
1.0	8.760000e+02	4.096000e+04	3.185294e-01	2.785962e-02	2.292000e+00
1.0	1.024000e+03	4.096000e+04	3.242715e-01	2.203316e-02	2.292000e+00
1.0	1.280000e+03	4.096000e+04	3.243168e-01	2.746119e-02	2.292000e+00
1.0	1.536000e+03	4.096000e+04	3.163366e-01	2.474871e-02	2.292000e+00
1.0	1.280000e+02	4.096000e+04	3.034771e-01	1.596292e-02	2.296000e+00
1.0	2.560000e+02	4.096000e+04	3.035150e-01	1.990692e-02	2.296000e+00
1.0	3.840000e+02	4.096000e+04	3.081130e-01	1.996643e-02	2.296000e+00
1.0	5.120000e+02	4.096000e+04	3.034020e-01	2.015094e-02	2.296000e+00
1.0	6.400000e+02	4.096000e+04	3.034187e-01	2.100879e-02	2.296000e+00
1.0	7.580000e+02	4.096000e+04	3.072277e-01	2.429699e-02	2.296000e+00
1.0	8.760000e+02	4.096000e+04	3.081759e-01	2.326366e-02	2.296000e+00
1.0	1.024000e+03	4.096000e+04	3.033540e-01	2.335824e-02	2.296000e+00
1.0	1.280000e+03	4.096000e+04	3.033905e-01	2.690169e-02	2.296000e+00
1.0	1.536000e+03	4.096000e+04	3.183160e-01	2.521146e-02	2.296000e+00
1.0	1.280000e+02	4.096000e+04	2.901364e-01	1.509173e-02	2.300000e+00
1.0	2.560000e+02	4.096000e+04	2.901074e-01	1.851879e-02	2.300000e+00
1.0	3.840000e+02	4.096000e+04	2.968650e-01	1.885745e-02	2.300000e+00
1.0	5.120000e+02	4.096000e+04	2.898734e-01	2.260460e-02	2.300000e+00
1.0	6.400000e+02	4.096000e+04	2.901079e-01	2.373128e-02	2.300000e+00
1.0	7.580000e+02	4.096000e+04	3.003175e-01	2.269314e-02	2.300000e+00
1.0	8.760000e+02	4.096000e+04	3.019107e-01	2.617287e-02	2.300000e+00
1.0	1.024000e+03	4.096000e+04	2.901014e-01	2.470240e-02	2.300000e+00
1.0	1.280000e+03	4.096000e+04	2.900419e-01	2.542863e-02	2.300000e+00
1.0	1.536000e+03	4.096000e+04	2.976873e-01	2.750199e-02	2.300000e+00
1.0	1.280000e+02	4.096000e+04	2.708493e-01	1.456434e-02	2.304000e+00
1.0	2.560000e+02	4.096000e+04	2.709838e-01	1.811733e-02	2.304000e+00
1.0	3.840000e+02	4.096000e+04	2.716293e-01	1.772237e-02	2.304000e+00
1.0	5.120000e+02	4.096000e+04	2.708173e-01	1.933377e-02	2.304000e+00
1.0	6.400000e+02	4.096000e+04	2.708223e-01	2.137587e-02	2.304000e+00
1.0	7.580000e+02	4.096000e+04	2.734175e-01	2.156895e-02	2.304000e+00
1.0	8.760000e+02	4.096000e+04	2.789495e-01	2.146659e-02	2.304000e+00
1.0	1.024000e+03	4.096000e+04	2.710080e-01	2.165119e-02	2.304000e+00
1.0	1.280000e+03	4.096000e+04	2.708925e-01	2.264998e-02	2.304000e+00
1.0	1.536000e+03	4.096000e+04	2.860701e-01	9.940901e-03	2.304000e+00
1.0	1.280000e+02	4.096000e+04	2.736169e-01	1.538926e-02	2.308000e+00
1.0	2.560000e+02	4.096000e+04	2.737499e-01	1.868709e-02	2.308000e+00
1.0	3.840000e+02	4.096000e+04	2.794297e-01	1.852056e-02	2.308000e+00
1.0	5.120000e+02	4.096000e+04	2.735986e-01	1.830859e-02	2.308000e+00
1.0	6.400000e+02	4.096000e+04	2.736187e-01	1.540712e-02	2.308000e+00
1.0	7.580000e+02	4.096000e+04	2.819961e-01	1.713819e-02	2.308000e+00
1.0	8.760000e+02	4.096000e+04	2.817962e-01	9.467766e-03	2.308000e+00
1.0	1.024000e+03	4.096000e+04	2.735387e-01	1.907456e-02	2.308000e+00
1.0	1.280000e+03	4.096000e+04	2.737118e-01	1.708102e-02	2.308000e+00
1.0	1.536000e+03	4.096000e+04	2.839081e-01	1.145983e-02	2.308000e+00
1.0	1.280000e+02	4.096000e+04	2.592747e-01	1.323460e-02	2.312000e+00
1.0	2.560000e+02	4.096000e+04	2.593067e-01	1.532973e-02	2.312000e+00
1.0	3.840000e+02	4.096000e+04	2.575184e-01	1.638320e-02	2.312000e+00
1.0	5.120000e+02	4.096000e+04	2.593069e-01	1.244158e-02	2.312000e+00
1.0	6.400000e+02	4.096000e+04	2.593838e-01	1.407504e-02	2.312000e+00
1.0	7.580000e+02	4.096000e+04	2.594016e-01	1.529410e-02	2.312000e+00
1.0	8.760000e+02	4.096000e+04	2.638415e-01	1.229223e-02	2.312000e+00
1.0	1.024000e+03	4.096000e+04	2.592967e-01	1.216085e-02	2.312000e+00
1.0	1.280000e+03	4.096000e+04	2.592711e-01	1.252470e-02	2.312000e+00
1.0	1.536000e+03	4.096000e+04	2.625287e-01	1.404600e-02	2.312000e+00
1.0	1.280000e+02	4.096000e+04	1.942947e-01	1.349396e-02	2.316000e+00
1.0	2.560000e+02	4.096000e+04	1.942305e-01	1.496845e-02	2.316000e+00
1.0	3.840000e+02	4.096000e+04	1.892452e-01	1.617140e-02	2.316000e+00
1.0	5.120000e+02	4.096000e+04	1.942456e-01	1.824016e-02	2.316000e+00
1.0	6.400000e+02	4.096000e+04	1.942790e-01	1.656026e-02	2.316000e+00
1.0	7.580000e+02	4.096000e+04	1.882548e-01	1.256795e-02	2.316000e+00
1.0	8.760000e+02	4.096000e+04	1.858064e-01	1.410511e-02	2.316000e+00
1.0	1.024000e+03	4.096000e+04	1.942056e-01	1.782432e-02	2.316000e+00
1.0	1.280000e+03	4.096000e+04	1.942713e-01	1.658221e-02	2.316000e+00
1.0	1.536000e+03	4.096000e+04	1.840207e-01	1.271652e-02	2.316000e+00
1.0	1.280000e+02	4.096000e+04	2.304871e-01	1.454449e-02	2.320000e+00
1.0	2.560000e+02	4.096000e+04	2.304035e-01	1.659675e-02	2.320000e+00
1.0	3.840000e+02	4.096000e+04	2.317957e-01	1.934136e-02	2.320000e+00
1.0	5.120000e+02	4.096000e+04	2.305388e-01	2.031947e-02	2.320000e+00
1.0	6.400000e+02	4.096000e+04	2.306540e-01	1.869012e-02	2.320000e+00
1.0	7.580000e+02	4.096000e+04	2.332677e-01	2.246845e-02	2.320000e+00
1.0	8.760000e+02	4.096000e+04	2.317049e-01	1.304157e-02	2.320000e+00
1.0	1.024000e+03	4.096000e+04	2.304958e-01	1.278165e-02	2.320000e+00
1.0	1.280000e+03	4.096000e+04	2.305078e-01	1.168757e-02	2.320000e+00
1.0	1.536000e+03	4.096000e+04	2.337183e-01	1.564577e-02	2.320000e+00
1.0	1.280000e+02	4.096000e+04	1.822293e-01	1.310973e-02	2.324000e+00
1.0	2.560000e+02	4.096000e+04	1.822723e-01	1.450618e-02	2.324000e+00
1.0	3.840000e+02	4.096000e+04	1.818595e-01	1.504205e-02	2.324000e+00
1.0	5.120000e+02	4.096000e+04	1.820838e-01	1.712421e-02	2.324000e+00
1.0	6.400000e+02	4.096000e+04	1.823041e-01	1.675446e-02	2.324000e+00
1.0	7.580000e+02	4.096000e+04	1.827510e-01	1.511429e-02	2.324000e+00
1.0	8.760000e+02	4.096000e+04	1.805288e-01	1.856137e-02	2.324000e+00
1.0	1.024000e+03	4.096000e+04	1.822630e-01	1.695306e-02	2.324000e+00
1.0	1.280000e+03	4.096000e+04	1.822449e-01	1.731838e-02	2.324000e+00
1.0	1.536000e+03	4.096000e+04	1.849100e-01	2.223323e-02	2.324000e+00
1.0	1.280000e+02	4.096000e+04	2.081661e-01	1.347053e-02	2.328000e+00
1.0	2.560000e+02	4.096000e+04	2.081649e-01	1.548614e-02	2.328000e+00
1.0	3.840000e+02	4.096000e+04	2.081667e-01	1.695415e-02	2.328000e+00
1.0	5.120000e+02	4.096000e+04	2.079631e-01	1.753903e-02	2.328000e+00
1.0	6.400000e+02	4.096000e+04	2.081791e-01	1.219764e-02	2.328000e+00
1.0	7.580000e+02	4.096000e+04	2.100885e-01	1.196719e-02	2.328000e+00
1.0	8.760000e+02	4.096000e+04	2.121110e-01	1.600219e-02	2.328000e+00
1.0	1.024000e+03	4.096000e+04	2.081843e-01	1.386805e-02	2.328000e+00
1.0	1.280000e+03	4.096000e+04	2.082503e-01	1.444204e-02	2.328000e+00
1.0	1.536000e+03	4.096000e+04	2.110900e-01	1.635617e-02	2.328000e+00
1.0	1.280000e+02	4.096000e+04	1.725251e-01	1.311781e-02	2.332000e+00
1.0	2.560000e+02	4.096000e+04	1.726050e-01	1.470278e-02	2.332000e+00
1.0	3.840000e+02	4.096000e+04	1.738074e-01	1.692136e-02	2.332000e+00
1.0	5.120000e+02	4.096000e+04	1.726342e-01	1.590729e-02	2.332000e+00
1.0	6.400000e+02	4.096000e+04	1.726417e-01	1.647575e-02	2.332000e+00
1.0	7.580000e+02	4.096000e+04	1.759811e-01	1.531551e-02	2.332000e+00
1.0	8.760000e+02	4.096000e+04	1.782372e-01	1.491426e-02	2.332000e+00
1.0	1.024000e+03	4.096000e+04	1.724813e-01	2.000314e-02	2.332000e+00
1.0	1.280000e+03	4.096000e+04	1.726478e-01	1.764854e-02	2.332000e+00
1.0	1.536000e+03	4.096000e+04	1.833509e-01	9.945873e-03	2.332000e+00
1.0	1.280000e+02	4.096000e+04	1.445975e-01	1.284112e-02	2.336000e+00
1.0	2.560000e+02	4.096000e+04	1.444537e-01	1.521654e-02	2.336000e+00
1.0	3.840000e+02	4.096000e+04	1.425237e-01	1.526341e-02	2.336000e+00
1.0	5.120000e+02	4.096000e+04	1.446335e-01	1.719255e-02	2.336000e+00
1.0	6.400000e+02	4.096000e+04	1.445607e-01	1.702929e-02	2.336000e+00
1.0	7.580000e+02	4.096000e+04	1.421983e-01	1.638480e-02	2.336000e+00
1.0	8.760000e+02	4.096000e+04	1.420326e-01	1.968482e-02	2.336000e+00
1.0	1.024000e+03	4.096000e+04	1.447087e-01	1.616948e-02	2.336000e+00
1.0	1.280000e+03	4.096000e+04	1.445909e-01	1.640835e-02	2.336000e+00
1.0	1.536000e+03	4.096000e+04	1.353570e-01	1.665984e-02	2.336000e+00
1.0	1.280000e+02	4.096000e+04	1.662106e-01	1.242947e-02	2.340000e+00
1.0	2.560000e+02	4.096000e+04	1.663074e-01	1.469943e-02	2.340000e+00
1.0	3.840000e+02	4.096000e+04	1.639020e-01	1.765483e-02	2.340000e+00
1.0	5.120000e+02	4.096000e+04	1.661561e-01	1.479461e-02	2.340000e+00
1.0	6.400000e+02	4.096000e+04	1.663941e-01	1.756294e-02	2.340000e+00
1.0	7.580000e+02	4.096000e+04	1.612762e-01	1.595926e-02	2.340000e+00
1.0	8.760000e+02	4.096000e+04	1.614704e-01	1.683803e-02	2.340000e+00
1.0	1.024000e+03	4.096000e+04	1.662821e-01	1.407287e-02	2.340000e+00
1.0	1.280000e+03	4.096000e+04	1.662119e-01	1.657475e-02	2.340000e+00
1.0	1.536000e+03	4.096000e+04	1.646093e-01	2.093311e-02	2.340000e+00
1.0	1.280000e+02	4.096000e+04	1.674940e-01	1.189041e-02	2.344000e+00
1.0	2.560000e+02	4.096000e+04	1.675949e-01	1.281651e-02	2.344000e+00
1.0	3.840000e+02	4.096000e+04	1.683891e-01	1.535811e-02	2.344000e+00
1.0	5.120000e+02	4.096000e+04	1.675282e-01	1.355703e-02	2.344000e+00
1.0	6.400000e+02	4.096000e+04	1.675661e-01	1.221232e-02	2.344000e+00
1.0	7.580000e+02	4.096000e+04	1.693123e-01	1.582539e-02	2.344000e+00
1.0	8.760000e+02	4.096000e+04	1.686305e-01	1.486202e-02	2.344000e+00
1.0	1.024000e+03	4.096000e+04	1.675029e-01	1.432806e-02	2.344000e+00
1.0	1.280000e+03	4.096000e+04	1.675844e-01	1.528952e-02	2.344000e+00
1.0	1.536000e+03	4.096000e+04	1.719515e-01	1.562401e-02	2.344000e+00
1.0	1.280000e+02	4.096000e+04	1.299014e-01	1.094972e-02	2.348000e+00
1.0	2.560000e+02	4.096000e+04	1.300360e-01	1.250138e-02	2.348000e+00
1.0	3.840000e+02	4.096000e+04	1.295812e-01	1.206925e-02	2.348000e+00
1.0	5.120000e+02	4.096000e+04	1.298204e-01	1.410943e-02	2.348000e+00
1.0	6.400000e+02	4.096000e+04	1.299398e-01	1.162264e-02	2.348000e+00
1.0	7.580000e+02	4.096000e+04	1.298916e-01	1.134886e-02	2.348000e+00
1.0	8.760000e+02	4.096000e+04	1.292162e-01	1.119744e-02	2.348000e+00
1.0	1.024000e+03	4.096000e+04	1.299510e-01	1.342694e-02	2.348000e+00
1.0	1.280000e+03	4.096000e+04	1.299329e-01	8.459521e-03	2.348000e+00
1.0	1.536000e+03	4.096000e+04	1.297336e-01	9.661766e-03	2.348000e+00
1.0	1.280000e+02	4.096000e+04	1.297066e-01	1.016447e-02	2.352000e+00
1.0	2.560000e+02	4.096000e+04	1.296014e-01	1.166704e-02	2.352000e+00
1.0	3.840000e+02	4.096000e+04	1.301744e-01	1.359000e-02	2.352000e+00
1.0	5.120000e+02	4.096000e+04	1.296658e-01	1.397402e-02	2.352000e+00
1.0	6.400000e+02	4.096000e+04	1.296630e-01	1.355685e-02	2.352000e+00
1.0	7.580000e+02	4.096000e+04	1.312105e-01	1.491740e-02	2.352000e+00
1.0	8.760000e+02	4.096000e+04	1.317928e-01	1.303259e-02	2.352000e+00
1.0	1.024000e+03	4.096000e+04	1.296420e-01	1.434674e-02	2.352000e+00
1.0	1.280000e+03	4.096000e+04	1.296001e-01	1.409713e-02	2.352000e+00
1.0	1.536000e+03	4.096000e+04	1.363032e-01	1.254188e-02	2.352000e+00
1.0	1.280000e+02	4.096000e+04	1.220997e-01	8.784331e-03	2.356000e+00
1.0	2.560000e+02	4.096000e+04	1.221265e-01	9.016227e-03	2.356000e+00
1.0	3.840000e+02	4.096000e+04	1.199189e-01	8.612409e-03	2.356000e+00
1.0	5.120000e+02	4.096000e+04	1.220968e-01	9.756239e-03	2.356000e+00
1.0	6.400000e+02	4.096000e+04	1.221375e-01	1.035309e-02	2.356000e+00
1.0	7.580000e+02	4.096000e+04	1.205843e-01	1.129478e-02	2.356000e+00
1.0	8.760000e+02	4.096000e+04	1.220505e-01	9.507714e-03	2.356000e+00
1.0	1.024000e+03	4.096000e+04	1.220864e-01	8.257422e-03	2.356000e+00
1.0	1.280000e+03	4.096000e+04	1.221922e-01	1.266388e-02	2.356000e+00
1.0	1.536000e+03	4.096000e+04	1.245495e-01	8.101301e-03	2.356000e+00
1.0	1.280000e+02	4.096000e+04	1.125380e-01	9.040572e-03	2.360000e+00
1.0	2.560000e+02	4.096000e+04	1.125198e-01	9.694530e-03	2.360000e+00
1.0	3.840000e+02	4.096000e+04	1.121459e-01	1.092124e-02	2.360000e+00
1.0	5.120000e+02	4.096000e+04	1.125342e-01	7.967936e-03	2.360000e+00
1.0	6.400000e+02	4.096000e+04	1.125373e-01	1.067140e-02	2.360000e+00
1.0	7.580000e+02	4.096000e+04	1.115618e-01	1.092189e-02	2.360000e+00
1.0	8.760000e+02	4.096000e+04	1.102727e-01	1.069942e-02	2.360000e+00
1.0	1.024000e+03	4.096000e+04	1.125357e-01	9.423305e-03	2.360000e+00
1.0	1.280000e+03	4.096000e+04	1.124320e-01	1.225764e-02	2.360000e+00
1.0	1.536000e+03	4.096000e+04	1.064273e-01	7.025433e-03	2.360000e+00
1.0	1.280000e+02	4.096000e+04	1.248143e-01	9.604991e-03	2.364000e+00
1.0	2.560000e+02	4.096000e+04	1.248649e-01	9.567297e-03	2.364000e+00
1.0	3.840000e+02	4.096000e+04	1.219654e-01	9.525033e-03	2.364000e+00
1.0	5.120000e+02	4.096000e+04	1.247584e-01	7.566716e-03	2.364000e+00
1.0	6.400000e+02	4.096000e+04	1.247946e-01	8.175043e-03	2.364000e+00
1.0	7.580000e+02	4.096000e+04	1.219411e-01	7.381514e-03	2.364000e+00
1.0	8.760000e+02	4.096000e+04	1.229658e-01	7.720969e-03	2.364000e+00
1.0	1.024000e+03	4.096000e+04	1.248023e-01	4.879269e-03	2.364000e+00
1.0	1.280000e+03	4.096000e+04	1.247597e-01	5.467011e-03	2.364000e+00
1.0	1.536000e+03	4.096000e+04	1.243659e-01	7.397732e-03	2.364000e+00
1.0	1.280000e+02	4.096000e+04	8.947535e-02	6.757858e-03	2.368000e+00
1.0	2.560000e+02	4.096000e+04	8.949298e-02	6.908860e-03	2.368000e+00
1.0	3.840000e+02	4.096000e+04	8.828177e-02	7.698868e-03	2.368000e+00
1.0	5.120000e+02	4.096000e+04	8.944902e-02	7.468766e-03	2.368000e+00
1.0	6.400000e+02	4.096000e+04	8.948012e-02	6.919973e-03	2.368000e+00
1.0	7.580000e+02	4.096000e+04	8.774431e-02	8.396001e-03	2.368000e+00
1.0	8.760000e+02	4.096000e+04	8.801379e-02	7.524408e-03	2.368000e+00
1.0	1.024000e+03	4.096000e+04	8.947519e-02	7.818899e-03	2.368000e+00
1.0	1.280000e+03	4.096000e+04	8.945116e-02	5.104295e-03	2.368000e+00
1.0	1.536000e+03	4.096000e+04	8.778817e-02	8.224721e-03	2.368000e+00
1.0	1.280000e+02	4.096000e+04	8.784532e-02	7.664033e-03	2.372000e+00
1.0	2.560000e+02	4.096000e+04	8.778971e-02	8.568520e-03	2.372000e+00
1.0	3.840000e+02	4.096000e+04	8.667968e-02	8.695828e-03	2.372000e+00
1.0	5.120000e+02	4.096000e+04	8.787475e-02	8.550545e-03	2.372000e+00
1.0	6.400000e+02	4.096000e+04	8.778128e-02	7.490329e-03	2.372000e+00
1.0	7.580000e+02	4.096000e+04	8.623036e-02	8.040541e-03	2.372000e+00
1.0	8.760000e+02	4.096000e+04	8.765955e-02	9.306923e-03	2.372000e+00
1.0	1.024000e+03	4.096000e+04	8.777173e-02	9.352703e-03	2.372000e+00
1.0	1.280000e+03	4.096000e+04	8.786340e-02	7.590845e-03	2.372000e+00
1.0	1.536000e+03	4.096000e+04	9.002470e-02	7.998128e-03	2.372000e+00
1.0	1.280000e+02	4.096000e+04	1.018355e-01	8.429060e-03	2.376000e+00
1.0	2.560000e+02	4.096000e+04	1.018150e-01	9.940264e-03	2.376000e+00
1.0	3.840000e+02	4.096000e+04	1.034827e-01	9.517575e-03	2.376000e+00
1.0	5.120000e+02	4.096000e+04	1.017131e-01	8.437007e-03	2.376000e+00
1.0	6.400000e+02	4.096000e+04	1.018260e-01	9.941826e-03	2.376000e+00
1.0	7.580000e+02	4.096000e+04	1.044849e-01	8.242079e-03	2.376000e+00
1.0	8.760000e+02	4.096000e+04	1.034718e-01	8.986506e-03	2.376000e+00
1.0	1.024000e+03	4.096000e+04	1.018493e-01	8.161836e-03	2.376000e+00
1.0	1.280000e+03	4.096000e+04	1.017214e-01	9.545989e-03	2.376000e+00
1.0	1.536000e+03	4.096000e+04	1.028387e-01	8.928112e-03	2.376000e+00
1.0	1.280000e+02	4.096000e+04	8.098116e-02	6.959121e-03	2.380000e+00
1.0	2.560000e+02	4.096000e+04	8.095365e-02	8.225651e-03	2.380000e+00
1.0	3.840000e+02	4.096000e+04	7.960169e-02	8.996292e-03	2.380000e+00
1.0	5.120000e+02	4.096000e+04	8.110516e-02	9.711706e-03	2.380000e+00
1.0	6.400000e+02	4.096000e+04	8.098652e-02	9.393523e-03	2.380000e+00
1.0	7.580000e+02	4.096000e+04	7.898030e-02	9.482379e-03	2.380000e+00
1.0	8.760000e+02	4.096000e+04	7.989260e-02	9.380650e-03	2.380000e+00
1.0	1.024000e+03	4.096000e+04	8.098945e-02	8.540728e-03	2.380000e+00
1.0	1.280000e+03	4.096000e+04	8.105388e-02	8.552022e-03	2.380000e+00
1.0	1.536000e+03	4.096000e+04	8.142900e-02	1.143217e-02	2.380000e+00
1.0	1.280000e+02	4.096000e+04	8.017831e-02	6.748473e-03	2.384000e+00
1.0	2.560000e+02	4.096000e+04	8.016522e-02	8.341073e-03	2.384000e+00
1.0	3.840000e+02	4.096000e+04	8.099688e-02	8.104605e-03	2.384000e+00
1.0	5.120000e+02	4.096000e+04	8.025495e-02	7.800957e-03	2.384000e+00
1.0	6.400000e+02	4.096000e+04	8.020264e-02	7.886825e-03	2.384000e+00
1.0	7.580000e+02	4.096000e+04	7.928223e-02	7.549360e-03	2.384000e+00
1.0	8.760000e+02	4.096000e+04	7.908478e-02	8.116557e-03	2.384000e+00
1.0	1.024000e+03	4.096000e+04	8.019673e-02	7.096878e-03	2.384000e+00
1.0	1.280000e+03	4.096000e+04	8.013878e-02	7.128208e-03	2.384000e+00
1.0	1.536000e+03	4.096000e+04	8.134819e-02	7.818216e-03	2.384000e+00
1.0	1.280000e+02	4.096000e+04	8.194914e-02	6.363585e-03	2.388000e+00
1.0	2.560000e+02	4.096000e+04	8.197523e-02	7.050172e-03	2.388000e+00
1.0	3.840000e+02	4.096000e+04	8.259561e-02	7.927070e-03	2.388000e+00
1.0	5.120000e+02	4.096000e+04	8.185772e-02	6.375771e-03	2.388000e+00
1.0	6.400000e+02	4.096000e+04	8.194667e-02	6.528467e-03	2.388000e+00
1.0	7.580000e+02	4.096000e+04	8.268892e-02	6.336933e-03	2.388000e+00
1.0	8.760000e+02	4.096000e+04	8.418435e-02	6.484444e-03	2.388000e+00
1.0	1.024000e+03	4.096000e+04	8.196240e-02	6.227919e-03	2.388000e+00
1.0	1.280000e+03	4.096000e+04	8.196320e-02	4.854495e-03	2.388000e+00
1.0	1.536000e+03	4.096000e+04	8.533360e-02	8.382232e-03	2.388000e+00
1.0	1.280000e+02	4.096000e+04	7.929820e-02	5.743975e-03	2.392000e+00
1.0	2.560000e+02	4.096000e+04	7.930047e-02	5.927962e-03	2.392000e+00
1.0	3.840000e+02	4.096000e+04	7.874379e-02	7.428532e-03	2.392000e+00
1.0	5.120000e+02	4.096000e+04	7.929278e-02	5.607323e-03	2.392000e+00
1.0	6.400000e+02	4.096000e+04	7.933988e-02	6.221993e-03	2.392000e+00
1.0	7.580000e+02	4.096000e+04	7.971253e-02	6.044060e-03	2.392000e+00
1.0	8.760000e+02	4.096000e+04	7.958539e-02	6.054055e-03	2.392000e+00
1.0	1.024000e+03	4.096000e+04	7.928183e-02	6.888484e-03	2.392000e+00
1.0	1.280000e+03	4.096000e+04	7.924315e-02	7.840766e-03	2.392000e+00
1.0	1.536000e+03	4.096000e+04	8.057947e-02	8.465027e-03	2.392000e+00
1.0	1.280000e+02	4.096000e+04	6.611936e-02	5.450792e-03	2.396000e+00
1.0	2.560000e+02	4.096000e+04	6.615920e-02	5.721064e-03	2.396000e+00
1.0	3.840000e+02	4.096000e+04	6.597109e-02	5.798105e-03	2.396000e+00
1.0	5.120000e+02	4.096000e+04	6.615647e-02	5.169426e-03	2.396000e+00
1.0	6.400000e+02	4.096000e+04	6.617407e-02	5.070321e-03	2.396000e+00
1.0	7.580000e+02	4.096000e+04	6.652399e-02	6.509256e-03	2.396000e+00
1.0	8.760000e+02	4.096000e+04	6.695542e-02	6.628868e-03	2.396000e+00
1.0	1.024000e+03	4.096000e+04	6.619714e-02	6.205097e-03	2.396000e+00
1.0	1.280000e+03	4.096000e+04	6.616458e-02	5.664763e-03	2.396000e+00
1.0	1.536000e+03	4.096000e+04	6.738221e-02	7.809834e-03	2.396000e+00
1.0	1.280000e+02	4.096000e+04	6.304260e-02	4.533332e-03	2.400000e+00
1.0	2.560000e+02	4.096000e+04	6.314116e-02	4.787284e-03	2.400000e+00
1.0	3.840000e+02	4.096000e+04	6.297200e-02	4.433901e-03	2.400000e+00
1.0	5.120000e+02	4.096000e+04	6.304093e-02	4.140394e-03	2.400000e+00
1.0	6.400000e+02	4.096000e+04	6.304651e-02	4.074074e-03	2.400000e+00
1.0	7.580000e+02	4.096000e+04	6.341157e-02	4.281086e-03	2.400000e+00
1.0	8.760000e+02	4.096000e+04	6.413108e-02	5.118510e-03	2.400000e+00
1.0	1.024000e+03	4.096000e+04	6.305244e-02	4.248985e-03	2.400000e+00
1.0	1.280000e+03	4.096000e+04	6.304874e-02	3.511436e-03	2.400000e+00
1.0	1.536000e+03	4.096000e+04	6.333633e-02	3.553498e-03	2.400000e+00
1.0	1.280000e+02	4.096000e+04	5.549563e-02	4.557091e-03	2.416000e+00
1.0	2.560000e+02	4.096000e+04	5.552266e-02	4.871637e-03	2.416000e+00
1.0	3.840000e+02	4.096000e+04	5.522098e-02	4.436048e-03	2.416000e+00
1.0	5.120000e+02	4.096000e+04	5.544774e-02	4.531197e-03	2.416000e+00
1.0	6.400000e+02	4.096000e+04	5.552254e-02	4.711843e-03	2.416000e+00
1.0	7.580000e+02	4.096000e+04	5.440841e-02	4.676149e-03	2.416000e+00
1.0	8.760000e+02	4.096000e+04	5.398669e-02	5.430372e-03	2.416000e+00
1.0	1.024000e+03	4.096000e+04	5.551121e-02	4.993033e-03	2.416000e+00
1.0	1.280000e+03	4.096000e+04	5.553426e-02	3.858915e-03	2.416000e+00
1.0	1.536000e+03	4.096000e+04	5.350134e-02	4.777655e-03	2.416000e+00
1.0	1.280000e+02	4.096000e+04	4.743051e-02	3.153889e-03	2.432000e+00
1.0	2.560000e+02	4.096000e+04	4.741612e-02	3.188600e-03	2.432000e+00
1.0	3.840000e+02	4.096000e+04	4.716156e-02	3.472294e-03	2.432000e+00
1.0	5.120000e+02	4.096000e+04	4.743094e-02	3.239949e-03	2.432000e+00
1.0	6.400000e+02	4.096000e+04	4.745695e-02	2.698429e-03	2.432000e+00
1.0	7.580000e+02	4.096000e+04	4.727124e-02	3.207882e-03	2.432000e+00
1.0	8.760000e+02	4.096000e+04	4.737823e-02	3.436687e-03	2.432000e+00
1.0	1.024000e+03	4.096000e+04	4.742410e-02	2.473099e-03	2.432000e+00
1.0	1.280000e+03	4.096000e+04	4.742619e-02	1.650009e-03	2.432000e+00
1.0	1.536000e+03	4.096000e+04	4.722654e-02	2.969522e-03	2.432000e+00
1.0	1.280000e+02	4.096000e+04	4.120704e-02	3.119309e-03	2.448000e+00
1.0	2.560000e+02	4.096000e+04	4.119287e-02	3.445587e-03	2.448000e+00
1.0	3.840000e+02	4.096000e+04	4.128458e-02	3.267070e-03	2.448000e+00
1.0	5.120000e+02	4.096000e+04	4.120058e-02	3.285355e-03	2.448000e+00
1.0	6.400000e+02	4.096000e+04	4.118659e-02	3.293086e-03	2.448000e+00
1.0	7.580000e+02	4.096000e+04	4.157831e-02	2.727227e-03	2.448000e+00
1.0	8.760000e+02	4.096000e+04	4.166947e-02	3.208353e-03	2.448000e+00
1.0	1.024000e+03	4.096000e+04	4.119959e-02	2.898429e-03	2.448000e+00
1.0	1.280000e+03	4.096000e+04	4.118068e-02	3.600560e-03	2.448000e+00
1.0	1.536000e+03	4.096000e+04	4.262387e-02	2.464052e-03	2.448000e+00
1.0	1.280000e+02	4.096000e+04	3.314810e-02	2.383786e-03	2.464000e+00
1.0	2.560000e+02	4.096000e+04	3.314443e-02	2.331970e-03	2.464000e+00
1.0	3.840000e+02	4.096000e+04	3.357920e-02	2.456239e-03	2.464000e+00
1.0	5.120000e+02	4.096000e+04	3.315315e-02	2.313719e-03	2.464000e+00
1.0	6.400000e+02	4.096000e+04	3.315743e-02	2.274873e-03	2.464000e+00
1.0	7.580000e+02	4.096000e+04	3.324831e-02	2.497696e-03	2.464000e+00
1.0	8.760000e+02	4.096000e+04	3.315686e-02	2.881639e-03	2.464000e+00
1.0	1.024000e+03	4.096000e+04	3.314851e-02	2.086130e-03	2.464000e+00
1.0	1.280000e+03	4.096000e+04	3.314264e-02	1.843797e-03	2.464000e+00
1.0	1.536000e+03	4.096000e+04	3.392770e-02	1.596500e-03	2.464000e+00
1.0	1.280000e+02	4.096000e+04	3.497593e-02	1.893185e-03	2.480000e+00
1.0	2.560000e+02	4.096000e+04	3.497869e-02	1.893444e-03	2.480000e+00
1.0	3.840000e+02	4.096000e+04	3.488814e-02	1.836169e-03	2.480000e+00
1.0	5.120000e+02	4.096000e+04	3.496197e-02	1.829411e-03	2.480000e+00
1.0	6.400000e+02	4.096000e+04	3.497026e-02	1.548659e-03	2.480000e+00
1.0	7.580000e+02	4.096000e+04	3.495280e-02	2.077092e-03	2.480000e+00
1.0	8.760000e+02	4.096000e+04	3.486525e-02	1.754367e-03	2.480000e+00
1.0	1.024000e+03	4.096000e+04	3.498036e-02	1.434356e-03	2.480000e+00
1.0	1.280000e+03	4.096000e+04	3.498487e-02	1.587945e-03	2.480000e+00
1.0	1.536000e+03	4.096000e+04	3.498409e-02	1.605647e-03	2.480000e+00
1.0	1.280000e+02	4.096000e+04	2.963060e-02	1.768436e-03	2.496000e+00
1.0	2.560000e+02	4.096000e+04	2.962098e-02	1.664830e-03	2.496000e+00
1.0	3.840000e+02	4.096000e+04	2.916945e-02	1.898312e-03	2.496000e+00
1.0	5.120000e+02	4.096000e+04	2.963075e-02	1.573719e-03	2.496000e+00
1.0	6.400000e+02	4.096000e+04	2.962551e-02	1.832141e-03	2.496000e+00
1.0	7.580000e+02	4.096000e+04	2.931534e-02	2.099238e-03	2.496000e+00
1.0	8.760000e+02	4.096000e+04	2.928913e-02	1.866013e-03	2.496000e+00
1.0	1.024000e+03	4.096000e+04	2.960926e-02	1.674348e-03	2.496000e+00
1.0	1.280000e+03	4.096000e+04	2.963002e-02	1.491732e-03	2.496000e+00
1.0	1.536000e+03	4.096000e+04	2.941736e-02	1.768624e-03	2.496000e+00
1.0	1.280000e+02	4.096000e+04	2.246203e-02	1.373681e-03	2.512000e+00
1.0	2.560000e+02	4.096000e+04	2.245647e-02	1.498592e-03	2.512000e+00
1.0	3.840000e+02	4.096000e+04	2.239799e-02	1.674224e-03	2.512000e+00
1.0	5.120000e+02	4.096000e+04	2.246858e-02	1.657797e-03	2.512000e+00
1.0	6.400000e+02	4.096000e+04	2.246710e-02	1.286020e-03	2.512000e+00
1.0	7.580000e+02	4.096000e+04	2.242774e-02	1.849914e-03	2.512000e+00
1.0	8.760000e+02	4.096000e+04	2.257415e-02	1.643600e-03	2.512000e+00
1.0	1.024000e+03	4.096000e+04	2.246160e-02	1.398451e-03	2.512000e+00
1.0	1.280000e+03	4.096000e+04	2.245515e-02	1.314577e-03	2.512000e+00
1.0	1.536000e+03	4.096000e+04	2.155226e-02	1.480933e-03	2.512000e+00
1.0	1.280000e+02	4.096000e+04	2.194794e-02	1.201041e-03	2.528000e+00
1.0	2.560000e+02	4.096000e+04	2.196190e-02	1.151948e-03	2.528000e+00
1.0	3.840000e+02	4.096000e+04	2.224157e-02	1.258291e-03	2.528000e+00
1.0	5.120000e+02	4.096000e+04	2.196024e-02	1.330632e-03	2.528000e+00
1.0	6.400000e+02	4.096000e+04	2.194814e-02	1.121524e-03	2.528000e+00
1.0	7.580000e+02	4.096000e+04	2.198440e-02	1.259608e-03	2.528000e+00
1.0	8.760000e+02	4.096000e+04	2.203431e-02	1.661810e-03	2.528000e+00
1.0	1.024000e+03	4.096000e+04	2.196414e-02	1.309968e-03	2.528000e+00
1.0	1.280000e+03	4.096000e+04	2.196623e-02	1.374314e-03	2.528000e+00
1.0	1.536000e+03	4.096000e+04	2.235493e-02	1.498149e-03	2.528000e+00
1.0	1.280000e+02	4.096000e+04	2.237826e-02	1.254064e-03	2.544000e+00
1.0	2.560000e+02	4.096000e+04	2.236829e-02	1.334951e-03	2.544000e+00
1.0	3.840000e+02	4.096000e+04	2.203592e-02	1.374336e-03	2.544000e+00
1.0	5.120000e+02	4.096000e+04	2.238772e-02	1.378538e-03	2.544000e+00
1.0	6.400000e+02	4.096000e+04	2.237808e-02	1.303092e-03	2.544000e+00
1.0	7.580000e+02	4.096000e+04	2.206055e-02	1.416966e-03	2.544000e+00
1.0	8.760000e+02	4.096000e+04	2.211003e-02	1.223566e-03	2.544000e+00
1.0	1.024000e+03	4.096000e+04	2.238292e-02	1.664265e-03	2.544000e+00
1.0	1.280000e+03	4.096000e+04	2.237003e-02	1.368093e-03	2.544000e+00
1.0	1.536000e+03	4.096000e+04	2.192168e-02	1.623794e-03	2.544000e+00
1.0	1.280000e+02	4.096000e+04	1.826855e-02	9.274150e-04	2.560000e+00
1.0	2.560000e+02	4.096000e+04	1.826803e-02	8.354145e-04	2.560000e+00
1.0	3.840000e+02	4.096000e+04	1.832241e-02	9.616975e-04	2.560000e+00
1.0	5.120000e+02	4.096000e+04	1.827018e-02	9.549416e-04	2.560000e+00
1.0	6.400000e+02	4.096000e+04	1.826775e-02	1.145409e-03	2.560000e+00
1.0	7.580000e+02	4.096000e+04	1.842128e-02	1.211975e-03	2.560000e+00
1.0	8.760000e+02	4.096000e+04	1.839883e-02	9.612830e-04	2.560000e+00
1.0	1.024000e+03	4.096000e+04	1.827486e-02	1.044735e-03	2.560000e+00
1.0	1.280000e+03	4.096000e+04	1.826931e-02	9.452796e-04	2.560000e+00
1.0	1.536000e+03	4.096000e+04	1.828300e-02	9.145714e-04	2.560000e+00
1.0	1.280000e+02	4.096000e+04	1.678271e-02	7.747992e-04	2.576000e+00
1.0	2.560000e+02	4.096000e+04	1.678844e-02	8.413580e-04	2.576000e+00
1.0	3.840000e+02	4.096000e+04	1.679978e-02	8.501894e-04	2.576000e+00
1.0	5.120000e+02	4.096000e+04	1.678717e-02	9.287593e-04	2.576000e+00
1.0	6.400000e+02	4.096000e+04	1.678994e-02	1.011672e-03	2.576000e+00
1.0	7.580000e+02	4.096000e+04	1.685274e-02	9.905897e-04	2.576000e+00
1.0	8.760000e+02	4.096000e+04	1.688386e-02	8.612317e-04	2.576000e+00
1.0	1.024000e+03	4.096000e+04	1.678753e-02	7.909745e-04	2.576000e+00
1.0	1.280000e+03	4.096000e+04	1.678967e-02	9.621478e-04	2.576000e+00
1.0	1.536000e+03	4.096000e+04	1.685890e-02	5.756117e-04	2.576000e+00
1.0	1.280000e+02	4.096000e+04	1.706577e-02	6.536422e-04	2.592000e+00
1.0	2.560000e+02	4.096000e+04	1.707304e-02	7.474480e-04	2.592000e+00
1.0	3.840000e+02	4.096000e+04	1.710898e-02	7.653599e-04	2.592000e+00
1.0	5.120000e+02	4.096000e+04	1.706499e-02	8.514343e-04	2.592000e+00
1.0	6.400000e+02	4.096000e+04	1.706716e-02	6.493931e-04	2.592000e+00
1.0	7.580000e+02	4.096000e+04	1.716973e-02	8.366325e-04	2.592000e+00
1.0	8.760000e+02	4.096000e+04	1.721044e-02	9.692618e-04	2.592000e+00
1.0	1.024000e+03	4.096000e+04	1.706941e-02	7.444893e-04	2.592000e+00
1.0	1.280000e+03	4.096000e+04	1.706449e-02	7.657966e-04	2.592000e+00
1.0	1.536000e+03	4.096000e+04	1.673979e-02	1.020884e-03	2.592000e+00
1.0	1.280000e+02	4.096000e+04	1.541354e-02	7.142887e-04	2.608000e+00
1.0	2.560000e+02	4.096000e+04	1.541306e-02	7.165185e-04	2.608000e+00
1.0	3.840000e+02	4.096000e+04	1.544801e-02	6.652684e-04	2.608000e+00
1.0	5.120000e+02	4.096000e+04	1.541038e-02	6.521210e-04	2.608000e+00
1.0	6.400000e+02	4.096000e+04	1.541331e-02	5.043366e-04	2.608000e+00
1.0	7.580000e+02	4.096000e+04	1.544289e-02	5.195794e-04	2.608000e+00
1.0	8.760000e+02	4.096000e+04	1.552938e-02	5.345232e-04	2.608000e+00
1.0	1.024000e+03	4.096000e+04	1.541688e-02	6.436900e-04	2.608000e+00
1.0	1.280000e+03	4.096000e+04	1.541239e-02	4.236550e-04	2.608000e+00
1.0	1.536000e+03	4.096000e+04	1.568134e-02	5.619689e-04	2.608000e+00
1.0	1.280000e+02	4.096000e+04	1.385148e-02	6.473296e-04	2.624000e+00
1.0	2.560000e+02	4.096000e+04	1.384703e-02	6.404407e-04	2.624000e+00
1.0	3.840000e+02	4.096000e+04	1.390697e-02	7.391503e-04	2.624000e+00
1.0	5.120000e+02	4.096000e+04	1.384996e-02	5.796691e-04	2.624000e+00
1.0	6.400000e+02	4.096000e+04	1.385063e-02	4.259663e-04	2.624000e+00
1.0	7.580000e+02	4.096000e+04	1.390055e-02	5.071921e-04	2.624000e+00
1.0	8.760000e+02	4.096000e+04	1.393934e-02	4.448668e-04	2.624000e+00
1.0	1.024000e+03	4.096000e+04	1.384357e-02	5.857502e-04	2.624000e+00
1.0	1.280000e+03	4.096000e+04	1.384708e-02	4.458173e-04	2.624000e+00
1.0	1.536000e+03	4.096000e+04	1.388450e-02	4.249725e-04	2.624000e+00
1.0	1.280000e+02	4.096000e+04	1.368723e-02	5.797816e-04	2.640000e+00
1.0	2.560000e+02	4.096000e+04	1.368732e-02	5.845829e-04	2.640000e+00
1.0	3.840000e+02	4.096000e+04	1.368146e-02	6.309592e-04	2.640000e+00
1.0	5.120000e+02	4.096000e+04	1.368911e-02	6.200049e-04	2.640000e+00
1.0	6.400000e+02	4.096000e+04	1.368867e-02	5.036201e-04	2.640000e+00
1.0	7.580000e+02	4.096000e+04	1.372572e-02	4.316609e-04	2.640000e+00
1.0	8.760000e+02	4.096000e+04	1.384060e-02	5.992503e-04	2.640000e+00
1.0	1.024000e+03	4.096000e+04	1.368558e-02	4.833181e-04	2.640000e+00
1.0	1.280000e+03	4.096000e+04	1.368930e-02	4.845975e-04	2.640000e+00
1.0	1.536000e+03	4.096000e+04	1.383293e-02	4.549456e-04	2.640000e+00
1.0	1.280000e+02	4.096000e+04	1.210291e-02	4.709605e-04	2.656000e+00
1.0	2.560000e+02	4.096000e+04	1.209760e-02	5.173410e-04	2.656000e+00
1.0	3.840000e+02	4.096000e+04	1.205442e-02	5.539846e-04	2.656000e+00
1.0	5.120000e+02	4.096000e+04	1.209930e-02	4.689571e-04	2.656000e+00
1.0	6.400000e+02	4.096000e+04	1.209413e-02	5.902731e-04	2.656000e+00
1.0	7.580000e+02	4.096000e+04	1.208278e-02	5.505318e-04	2.656000e+00
1.0	8.760000e+02	4.096000e+04	1.211188e-02	5.967997e-04	2.656000e+00
1.0	1.024000e+03	4.096000e+04	1.210086e-02	5.250480e-04	2.656000e+00
1.0	1.280000e+03	4.096000e+04	1.210518e-02	4.198065e-04	2.656000e+00
1.0	1.536000e+03	4.096000e+04	1.199803e-02	5.305112e-04	2.656000e+00
1.0	1.280000e+02	4.096000e+04	1.097668e-02	4.841453e-04	2.672000e+00
1.0	2.560000e+02	4.096000e+04	1.097936e-02	4.766852e-04	2.672000e+00
1.0	3.840000e+02	4.096000e+04	1.100854e-02	4.519734e-04	2.672000e+00
1.0	5.120000e+02	4.096000e+04	1.097454e-02	4.985781e-04	2.672000e+00
1.0	6.400000e+02	4.096000e+04	1.097597e-02	6.022685e-04	2.672000e+00
1.0	7.580000e+02	4.096000e+04	1.103213e-02	5.430450e-04	2.672000e+00
1.0	8.760000e+02	4.096000e+04	1.091912e-02	4.809790e-04	2.672000e+00
1.0	1.024000e+03	4.096000e+04	1.097541e-02	5.376671e-04	2.672000e+00
1.0	1.280000e+03	4.096000e+04	1.097654e-02	3.271053e-04	2.672000e+00
1.0	1.536000e+03	4.096000e+04	1.103060e-02	5.840949e-04	2.672000e+00
1.0	1.280000e+02	4.096000e+04	1.080529e-02	5.264127e-04	2.688000e+00
1.0	2.560000e+02	4.096000e+04	1.080377e-02	5.479593e-04	2.688000e+00
1.0	3.840000e+02	4.096000e+04	1.071562e-02	5.502246e-04	2.688000e+00
1.0	5.120000e+02	4.096000e+04	1.080478e-02	4.606977e-04	2.688000e+00
1.0	6.400000e+02	4.096000e+04	1.080580e-02	4.620807e-04	2.688000e+00
1.0	7.580000e+02	4.096000e+04	1.071380e-02	3.628303e-04	2.688000e+00
1.0	8.760000e+02	4.096000e+04	1.082792e-02	5.296344e-04	2.688000e+00
1.0	1.024000e+03	4.096000e+04	1.080621e-02	4.814187e-04	2.688000e+00
1.0	1.280000e+03	4.096000e+04	1.080699e-02	4.494519e-04	2.688000e+00
1.0	1.536000e+03	4.096000e+04	1.077120e-02	3.624298e-04	2.688000e+00
1.0	1.280000e+02	4.096000e+04	1.042724e-02	4.501376e-04	2.704000e+00
1.0	2.560000e+02	4.096000e+04	1.042720e-02	5.125890e-04	2.704000e+00
1.0	3.840000e+02	4.096000e+04	1.031974e-02	4.248665e-04	2.704000e+00
1.0	5.120000e+02	4.096000e+04	1.042751e-02	5.143835e-04	2.704000e+00
1.0	6.400000e+02	4.096000e+04	1.042314e-02	4.511495e-04	2.704000e+00
1.0	7.580000e+02	4.096000e+04	1.025767e-02	4.080561e-04	2.704000e+00
1.0	8.760000e+02	4.096000e+04	1.021569e-02	4.439296e-04	2.704000e+00
1.0	1.024000e+03	4.096000e+04	1.042464e-02	3.831165e-04	2.704000e+00
1.0	1.280000e+03	4.096000e+04	1.042872e-02	4.005143e-04	2.704000e+00
1.0	1.536000e+03	4.096000e+04	1.027610e-02	4.676048e-04	2.704000e+00
1.0	1.280000e+02	4.096000e+04	9.979622e-03	3.414044e-04	2.720000e+00
1.0	2.560000e+02	4.096000e+04	9.980435e-03	3.372372e-04	2.720000e+00
1.0	3.840000e+02	4.096000e+04	1.002328e-02	3.578991e-04	2.720000e+00
1.0	5.120000e+02	4.096000e+04	9.980125e-03	2.985772e-04	2.720000e+00
1.0	6.400000e+02	4.096000e+04	9.983646e-03	3.496770e-04	2.720000e+00
1.0	7.580000e+02	4.096000e+04	1.003951e-02	3.207345e-04	2.720000e+00
1.0	8.760000e+02	4.096000e+04	1.006173e-02	3.599134e-04	2.720000e+00
1.0	1.024000e+03	4.096000e+04	9.980395e-03	3.373998e-04	2.720000e+00
1.0	1.280000e+03	4.096000e+04	9.984509e-03	3.771204e-04	2.720000e+00
1.0	1.536000e+03	4.096000e+04	1.000736e-02	3.397895e-04	2.720000e+00
1.0	1.280000e+02	4.096000e+04	9.398366e-03	3.320520e-04	2.736000e+00
1.0	2.560000e+02	4.096000e+04	9.398422e-03	3.131219e-04	2.736000e+00
1.0	3.840000e+02	4.096000e+04	9.441053e-03	4.022314e-04	2.736000e+00
1.0	5.120000e+02	4.096000e+04	9.400752e-03	3.634106e-04	2.736000e+00
1.0	6.400000e+02	4.096000e+04	9.399290e-03	3.307980e-04	2.736000e+00
1.0	7.580000e+02	4.096000e+04	9.410878e-03	4.125953e-04	2.736000e+00
1.0	8.760000e+02	4.096000e+04	9.446405e-03	3.376159e-04	2.736000e+00
1.0	1.024000e+03	4.096000e+04	9.399791e-03	4.056063e-04	2.736000e+00
1.0	1.280000e+03	4.096000e+04	9.401344e-03	3.734345e-04	2.736000e+00
1.0	1.536000e+03	4.096000e+04	9.569852e-03	4.620157e-04	2.736000e+00
1.0	1.280000e+02	4.096000e+04	8.531113e-03	2.878270e-04	2.752000e+00
1.0	2.560000e+02	4.096000e+04	8.532780e-03	2.784298e-04	2.752000e+00
1.0	3.840000e+02	4.096000e+04	8.553980e-03	2.894677e-04	2.752000e+00
1.0	5.120000e+02	4.096000e+04	8.533070e-03	2.669909e-04	2.752000e+00
1.0	6.400000e+02	4.096000e+04	8.533826e-03	3.138641e-04	2.752000e+00
1.0	7.580000e+02	4.096000e+04	8.586776e-03	3.205302e-04	2.752000e+00
1.0	8.760000e+02	4.096000e+04	8.523025e-03	1.541540e-04	2.752000e+00
1.0	1.024000e+03	4.096000e+04	8.533882e-03	2.898989e-04	2.752000e+00
1.0	1.280000e+03	4.096000e+04	8.529957e-03	2.479071e-04	2.752000e+00
1.0	1.536000e+03	4.096000e+04	8.499012e-03	2.906646e-04	2.752000e+00
1.0	1.280000e+02	4.096000e+04	7.829953e-03	2.722752e-04	2.792000e+00
1.0	2.560000e+02	4.096000e+04	7.831802e-03	2.553563e-04	2.792000e+00
1.0	3.840000e+02	4.096000e+04	7.868523e-03	2.804948e-04	2.792000e+00
1.0	5.120000e+02	4.096000e+04	7.830487e-03	2.663861e-04	2.792000e+00
1.0	6.400000e+02	4.096000e+04	7.830895e-03	1.869144e-04	2.792000e+00
1.0	7.580000e+02	4.096000e+04	7.860225e-03	1.782111e-04	2.792000e+00
1.0	8.760000e+02	4.096000e+04	7.896569e-03	2.346445e-04	2.792000e+00
1.0	1.024000e+03	4.096000e+04	7.829510e-03	1.910676e-04	2.792000e+00
1.0	1.280000e+03	4.096000e+04	7.829212e-03	1.634235e-04	2.792000e+00
1.0	1.536000e+03	4.096000e+04	7.924667e-03	1.734799e-04	2.792000e+00
1.0	1.280000e+02	4.096000e+04	6.448177e-03	2.039285e-04	2.856000e+00
1.0	2.560000e+02	4.096000e+04	6.445562e-03	2.170811e-04	2.856000e+00
1.0	3.840000e+02	4.096000e+04	6.467232e-03	2.183047e-04	2.856000e+00
1.0	5.120000e+02	4.096000e+04	6.447919e-03	2.444181e-04	2.856000e+00
1.0	6.400000e+02	4.096000e+04	6.447664e-03	2.288368e-04	2.856000e+00
1.0	7.580000e+02	4.096000e+04	6.460741e-03	2.553423e-04	2.856000e+00
1.0	8.760000e+02	4.096000e+04	6.515081e-03	1.445058e-04	2.856000e+00
1.0	1.024000e+03	4.096000e+04	6.445985e-03	2.526624e-04	2.856000e+00
1.0	1.280000e+03	4.096000e+04	6.446139e-03	1.612007e-04	2.856000e+00
1.0	1.536000e+03	4.096000e+04	6.577355e-03	2.063021e-04	2.856000e+00
1.0	1.280000e+02	4.096000e+04	6.102094e-03	1.728057e-04	2.920000e+00
1.0	2.560000e+02	4.096000e+04	6.102141e-03	1.809484e-04	2.920000e+00
1.0	3.840000e+02	4.096000e+04	6.096120e-03	1.254918e-04	2.920000e+00
1.0	5.120000e+02	4.096000e+04	6.102241e-03	1.341976e-04	2.920000e+00
1.0	6.400000e+02	4.096000e+04	6.101880e-03	1.455379e-04	2.920000e+00
1.0	7.580000e+02	4.096000e+04	6.101466e-03	1.456322e-04	2.920000e+00
1.0	8.760000e+02	4.096000e+04	6.084908e-03	1.415031e-04	2.920000e+00
1.0	1.024000e+03	4.096000e+04	6.101959e-03	1.180977e-04	2.920000e+00
1.0	1.280000e+03	4.096000e+04	6.101633e-03	1.394464e-04	2.920000e+00
1.0	1.536000e+03	4.096000e+04	6.127207e-03	1.476028e-04	2.920000e+00
1.0	1.280000e+02	4.096000e+04	5.146997e-03	1.438780e-04	2.984000e+00
1.0	2.560000e+02	4.096000e+04	5.145042e-03	1.337587e-04	2.984000e+00
1.0	3.840000e+02	4.096000e+04	5.142570e-03	1.357899e-04	2.984000e+00
1.0	5.120000e+02	4.096000e+04	5.146562e-03	1.091305e-04	2.984000e+00
1.0	6.400000e+02	4.096000e+04	5.147414e-03	1.456015e-04	2.984000e+00
1.0	7.580000e+02	4.096000e+04	5.117960e-03	1.221832e-04	2.984000e+00
1.0	8.760000e+02	4.096000e+04	5.124743e-03	1.358478e-04	2.984000e+00
1.0	1.024000e+03	4.096000e+04	5.146836e-03	1.319044e-04	2.984000e+00
1.0	1.280000e+03	4.096000e+04	5.145914e-03	1.519343e-04	2.984000e+00
1.0	1.536000e+03	4.096000e+04	5.063735e-03	1.351923e-04	2.984000e+00
1.0	1.280000e+02	4.096000e+04	4.666085e-03	1.110101e-04	3.048000e+00
1.0	2.560000e+02	4.096000e+04	4.665160e-03	1.057890e-04	3.048000e+00
1.0	3.840000e+02	4.096000e+04	4.700923e-03	1.164781e-04	3.048000e+00
1.0	5.120000e+02	4.096000e+04	4.665144e-03	1.059678e-04	3.048000e+00
1.0	6.400000e+02	4.096000e+04	4.665099e-03	1.238813e-04	3.048000e+00
1.0	7.580000e+02	4.096000e+04	4.718327e-03	1.059052e-04	3.048000e+00
1.0	8.760000e+02	4.096000e+04	4.738614e-03	7.547003e-05	3.048000e+00
1.0	1.024000e+03	4.096000e+04	4.666248e-03	1.001579e-04	3.048000e+00
1.0	1.280000e+03	4.096000e+04	4.666183e-03	1.180101e-04	3.048000e+00
1.0	1.536000e+03	4.096000e+04	4.738311e-03	7.679402e-05	3.048000e+00
1.0	1.280000e+02	4.096000e+04	4.178596e-03	1.103944e-04	3.112000e+00
1.0	2.560000e+02	4.096000e+04	4.179295e-03	1.046783e-04	3.112000e+00
1.0	3.840000e+02	4.096000e+04	4.185174e-03	1.081181e-04	3.112000e+00
1.0	5.120000e+02	4.096000e+04	4.178294e-03	1.070322e-04	3.112000e+00
1.0	6.400000e+02	4.096000e+04	4.179363e-03	8.942341e-05	3.112000e+00
1.0	7.580000e+02	4.096000e+04	4.174587e-03	1.146154e-04	3.112000e+00
1.0	8.760000e+02	4.096000e+04	4.174806e-03	1.203369e-04	3.112000e+00
1.0	1.024000e+03	4.096000e+04	4.178227e-03	9.035864e-05	3.112000e+00
1.0	1.280000e+03	4.096000e+04	4.179790e-03	1.147592e-04	3.112000e+00
1.0	1.536000e+03	4.096000e+04	4.215733e-03	9.458074e-05	3.112000e+00
1.0	1.280000e+02	4.096000e+04	3.840728e-03	9.539403e-05	3.176000e+00
1.0	2.560000e+02	4.096000e+04	3.840228e-03	9.389906e-05	3.176000e+00
1.0	3.840000e+02	4.096000e+04	3.845825e-03	9.265092e-05	3.176000e+00
1.0	5.120000e+02	4.096000e+04	3.840536e-03	8.838100e-05	3.176000e+00
1.0	6.400000e+02	4.096000e+04	3.840873e-03	9.332045e-05	3.176000e+00
1.0	7.580000e+02	4.096000e+04	3.861986e-03	1.012126e-04	3.176000e+00
1.0	8.760000e+02	4.096000e+04	3.834187e-03	8.380047e-05	3.176000e+00
1.0	1.024000e+03	4.096000e+04	3.840777e-03	8.281365e-05	3.176000e+00
1.0	1.280000e+03	4.096000e+04	3.840743e-03	1.035652e-04	3.176000e+00
1.0	1.536000e+03	4.096000e+04	3.817552e-03	1.037218e-04	3.176000e+00
1.0	1.280000e+02	4.096000e+04	3.483014e-03	7.937472e-05	3.240000e+00
1.0	2.560000e+02	4.096000e+04	3.481442e-03	8.771006e-05	3.240000e+00
1.0	3.840000e+02	4.096000e+04	3.459984e-03	8.547398e-05	3.240000e+00
1.0	5.120000e+02	4.096000e+04	3.482323e-03	7.528347e-05	3.240000e+00
1.0	6.400000e+02	4.096000e+04	3.481784e-03	8.389936e-05	3.240000e+00
1.0	7.580000e+02	4.096000e+04	3.459169e-03	5.786425e-05	3.240000e+00
1.0	8.760000e+02	4.096000e+04	3.462038e-03	4.704166e-05	3.240000e+00
1.0	1.024000e+03	4.096000e+04	3.482913e-03	4.578700e-05	3.240000e+00
1.0	1.280000e+03	4.096000e+04	3.482867e-03	8.257419e-05	3.240000e+00
1.0	1.536000e+03	4.096000e+04	3.481901e-03	5.443481e-05	3.240000e+00
1.0	1.280000e+02	4.096000e+04	3.337199e-03	7.987824e-05	3.304000e+00
1.0	2.560000e+02	4.096000e+04	3.337299e-03	8.205826e-05	3.304000e+00
1.0	3.840000e+02	4.096000e+04	3.323864e-03	8.893710e-05	3.304000e+00
1.0	5.120000e+02	4.096000e+04	3.337620e-03	8.401213e-05	3.304000e+00
1.0	6.400000e+02	4.096000e+04	3.338221e-03	7.860088e-05	3.304000e+00
1.0	7.580000e+02	4.096000e+04	3.324366e-03	1.119961e-04	3.304000e+00
1.0	8.760000e+02	4.096000e+04	3.347531e-03	9.198214e-05	3.304000e+00
1.0	1.024000e+03	4.096000e+04	3.336186e-03	9.866138e-05	3.304000e+00
1.0	1.280000e+03	4.096000e+04	3.337460e-03	5.805208e-05	3.304000e+00
1.0	1.536000e+03	4.096000e+04	3.378707e-03	9.072178e-05	3.304000e+00
1.0	1.280000e+02	4.096000e+04	3.044394e-03	5.423448e-05	3.368000e+00
1.0	2.560000e+02	4.096000e+04	3.044571e-03	5.320864e-05	3.368000e+00
1.0	3.840000e+02	4.096000e+04	3.050150e-03	4.879663e-05	3.368000e+00
1.0	5.120000e+02	4.096000e+04	3.044581e-03	4.865631e-05	3.368000e+00
1.0	6.400000e+02	4.096000e+04	3.044746e-03	5.711439e-05	3.368000e+00
1.0	7.580000e+02	4.096000e+04	3.056081e-03	5.601606e-05	3.368000e+00
1.0	8.760000e+02	4.096000e+04	3.062999e-03	5.350655e-05	3.368000e+00
1.0	1.024000e+03	4.096000e+04	3.044296e-03	4.595157e-05	3.368000e+00
1.0	1.280000e+03	4.096000e+04	3.044447e-03	6.604499e-05	3.368000e+00
1.0	1.536000e+03	4.096000e+04	3.048618e-03	6.303240e-05	3.368000e+00
1.0	1.280000e+02	4.096000e+04	2.828591e-03	6.649265e-05	3.432000e+00
1.0	2.560000e+02	4.096000e+04	2.829146e-03	7.279049e-05	3.432000e+00
1.0	3.840000e+02	4.096000e+04	2.832396e-03	8.476632e-05	3.432000e+00
1.0	5.120000e+02	4.096000e+04	2.828794e-03	7.720846e-05	3.432000e+00
1.0	6.400000e+02	4.096000e+04	2.829065e-03	8.717635e-05	3.432000e+00
1.0	7.580000e+02	4.096000e+04	2.828392e-03	9.279032e-05	3.432000e+00
1.0	8.760000e+02	4.096000e+04	2.805332e-03	9.143053e-05	3.432000e+00
1.0	1.024000e+03	4.096000e+04	2.828476e-03	9.673076e-05	3.432000e+00
1.0	1.280000e+03	4.096000e+04	2.829117e-03	8.871108e-05	3.432000e+00
1.0	1.536000e+03	4.096000e+04	2.794730e-03	1.001916e-04	3.432000e+00
1.0	1.280000e+02	4.096000e+04	2.724871e-03	5.483205e-05	3.496000e+00
1.0	2.560000e+02	4.096000e+04	2.725060e-03	4.676743e-05	3.496000e+00
1.0	3.840000e+02	4.096000e+04	2.725647e-03	5.381886e-05	3.496000e+00
1.0	5.120000e+02	4.096000e+04	2.724958e-03	5.113172e-05	3.496000e+00
1.0	6.400000e+02	4.096000e+04	2.725204e-03	5.105247e-05	3.496000e+00
1.0	7.580000e+02	4.096000e+04	2.714606e-03	5.462162e-05	3.496000e+00
1.0	8.760000e+02	4.096000e+04	2.723979e-03	6.080384e-05	3.496000e+00
1.0	1.024000e+03	4.096000e+04	2.724839e-03	5.842367e-05	3.496000e+00
1.0	1.280000e+03	4.096000e+04	2.725226e-03	5.233249e-05	3.496000e+00
1.0	1.536000e+03	4.096000e+04	2.723282e-03	6.071538e-05	3.496000e+00
1.0	1.280000e+02	4.096000e+04	2.457447e-03	5.412806e-05	3.560000e+00
1.0	2.560000e+02	4.096000e+04	2.457441e-03	5.722028e-05	3.560000e+00
1.0	3.840000e+02	4.096000e+04	2.460125e-03	4.153069e-05	3.560000e+00
1.0	5.120000e+02	4.096000e+04	2.456608e-03	5.004353e-05	3.560000e+00
1.0	6.400000e+02	4.096000e+04	2.456574e-03	3.909774e-05	3.560000e+00
1.0	7.580000e+02	4.096000e+04	2.449682e-03	3.705732e-05	3.560000e+00
1.0	8.760000e+02	4.096000e+04	2.454952e-03	2.873783e-05	3.560000e+00
1.0	1.024000e+03	4.096000e+04	2.456734e-03	3.034469e-05	3.560000e+00
1.0	1.280000e+03	4.096000e+04	2.456826e-03	1.619393e-05	3.560000e+00
1.0	1.536000e+03	4.096000e+04	2.457961e-03	2.771758e-05	3.560000e+00
1.0	1.280000e+02	4.096000e+04	2.323076e-03	4.339524e-05	3.624000e+00
1.0	2.560000e+02	4.096000e+04	2.323224e-03	3.824979e-05	3.624000e+00
1.0	3.840000e+02	4.096000e+04	2.318906e-03	4.575039e-05	3.624000e+00
1.0	5.120000e+02	4.096000e+04	2.323088e-03	4.232347e-05	3.624000e+00
1.0	6.400000e+02	4.096000e+04	2.323130e-03	4.071952e-05	3.624000e+00
1.0	7.580000e+02	4.096000e+04	2.317308e-03	4.712604e-05	3.624000e+00
1.0	8.760000e+02	4.096000e+04	2.309514e-03	3.726787e-05	3.624000e+00
1.0	1.024000e+03	4.096000e+04	2.323091e-03	4.657185e-05	3.624000e+00
1.0	1.280000e+03	4.096000e+04	2.323090e-03	3.278600e-05	3.624000e+00
1.0	1.536000e+03	4.096000e+04	2.299628e-03	1.660342e-05	3.624000e+00
