1.0	1.280000e+02	4.096000e+04	1.000000e+00	0.000000e+00	5.000000e-02
1.0	2.560000e+02	4.096000e+04	1.000000e+00	0.000000e+00	5.000000e-02
1.0	3.840000e+02	4.096000e+04	1.000000e+00	0.000000e+00	5.000000e-02
1.0	5.120000e+02	4.096000e+04	1.000000e+00	0.000000e+00	5.000000e-02
1.0	6.400000e+02	4.096000e+04	1.000000e+00	0.000000e+00	5.000000e-02
1.0	7.580000e+02	4.096000e+04	1.000000e+00	0.000000e+00	5.000000e-02
1.0	8.760000e+02	4.096000e+04	1.000000e+00	0.000000e+00	5.000000e-02
1.0	1.024000e+03	4.096000e+04	1.000000e+00	0.000000e+00	5.000000e-02
1.0	1.280000e+03	4.096000e+04	1.000000e+00	0.000000e+00	5.000000e-02
1.0	1.536000e+03	4.096000e+04	1.000000e+00	0.000000e+00	5.000000e-02
1.0	1.280000e+02	4.096000e+04	1.000000e+00	0.000000e+00	2.500000e-01
1.0	2.560000e+02	4.096000e+04	1.000000e+00	0.000000e+00	2.500000e-01
1.0	3.840000e+02	4.096000e+04	1.000000e+00	0.000000e+00	2.500000e-01
1.0	5.120000e+02	4.096000e+04	1.000000e+00	0.000000e+00	2.500000e-01
1.0	6.400000e+02	4.096000e+04	1.000000e+00	0.000000e+00	2.500000e-01
1.0	7.580000e+02	4.096000e+04	1.000000e+00	0.000000e+00	2.500000e-01
1.0	8.760000e+02	4.096000e+04	1.000000e+00	0.000000e+00	2.500000e-01
1.0	1.024000e+03	4.096000e+04	1.000000e+00	0.000000e+00	2.500000e-01
1.0	1.280000e+03	4.096000e+04	1.000000e+00	0.000000e+00	2.500000e-01
1.0	1.536000e+03	4.096000e+04	1.000000e+00	0.000000e+00	2.500000e-01
1.0	1.280000e+02	4.096000e+04	1.000000e+00	0.000000e+00	4.500000e-01
1.0	2.560000e+02	4.096000e+04	1.000000e+00	0.000000e+00	4.500000e-01
1.0	3.840000e+02	4.096000e+04	1.000000e+00	0.000000e+00	4.500000e-01
1.0	5.120000e+02	4.096000e+04	1.000000e+00	0.000000e+00	4.500000e-01
1.0	6.400000e+02	4.096000e+04	1.000000e+00	0.000000e+00	4.500000e-01
1.0	7.580000e+02	4.096000e+04	1.000000e+00	0.000000e+00	4.500000e-01
1.0	8.760000e+02	4.096000e+04	1.000000e+00	0.000000e+00	4.500000e-01
1.0	1.024000e+03	4.096000e+04	1.000000e+00	0.000000e+00	4.500000e-01
1.0	1.280000e+03	4.096000e+04	1.000000e+00	0.000000e+00	4.500000e-01
1.0	1.536000e+03	4.096000e+04	1.000000e+00	0.000000e+00	4.500000e-01
1.0	1.280000e+02	4.096000e+04	9.999919e-01	1.009650e-06	6.500000e-01
1.0	2.560000e+02	4.096000e+04	9.999919e-01	1.035820e-06	6.500000e-01
1.0	3.840000e+02	4.096000e+04	9.999918e-01	1.198879e-06	6.500000e-01
1.0	5.120000e+02	4.096000e+04	9.999919e-01	1.228979e-06	6.500000e-01
1.0	6.400000e+02	4.096000e+04	9.999919e-01	1.294233e-06	6.500000e-01
1.0	7.580000e+02	4.096000e+04	9.999920e-01	1.049435e-06	6.500000e-01
1.0	8.760000e+02	4.096000e+04	9.999920e-01	1.142155e-06	6.500000e-01
1.0	1.024000e+03	4.096000e+04	9.999919e-01	1.056815e-06	6.500000e-01
1.0	1.280000e+03	4.096000e+04	9.999919e-01	1.336786e-06	6.500000e-01
1.0	1.536000e+03	4.096000e+04	9.999918e-01	1.312122e-06	6.500000e-01
1.0	1.280000e+02	4.096000e+04	9.998331e-01	3.833861e-06	8.500000e-01
1.0	2.560000e+02	4.096000e+04	9.998331e-01	4.110184e-06	8.500000e-01
1.0	3.840000e+02	4.096000e+04	9.998331e-01	3.704130e-06	8.500000e-01
1.0	5.120000e+02	4.096000e+04	9.998330e-01	4.515342e-06	8.500000e-01
1.0	6.400000e+02	4.096000e+04	9.998331e-01	4.441407e-06	8.500000e-01
1.0	7.580000e+02	4.096000e+04	9.998329e-01	3.876227e-06	8.500000e-01
1.0	8.760000e+02	4.096000e+04	9.998323e-01	3.611067e-06	8.500000e-01
1.0	1.024000e+03	4.096000e+04	9.998331e-01	3.545766e-06	8.500000e-01
1.0	1.280000e+03	4.096000e+04	9.998330e-01	4.741315e-06	8.500000e-01
1.0	1.536000e+03	4.096000e+04	9.998335e-01	4.245115e-06	8.500000e-01
1.0	1.280000e+02	4.096000e+04	9.989266e-01	1.083851e-05	1.050000e+00
1.0	2.560000e+02	4.096000e+04	9.989266e-01	1.041273e-05	1.050000e+00
1.0	3.840000e+02	4.096000e+04	9.989271e-01	9.917880e-06	1.050000e+00
1.0	5.120000e+02	4.096000e+04	9.989267e-01	1.150396e-05	1.050000e+00
1.0	6.400000e+02	4.096000e+04	9.989266e-01	1.037029e-05	1.050000e+00
1.0	7.580000e+02	4.096000e+04	9.989294e-01	1.170105e-05	1.050000e+00
1.0	8.760000e+02	4.096000e+04	9.989286e-01	1.131751e-05	1.050000e+00
1.0	1.024000e+03	4.096000e+04	9.989267e-01	7.927999e-06	1.050000e+00
1.0	1.280000e+03	4.096000e+04	9.989266e-01	6.575386e-06	1.050000e+00
1.0	1.536000e+03	4.096000e+04	9.989295e-01	9.617950e-06	1.050000e+00
1.0	1.280000e+02	4.096000e+04	9.959991e-01	2.374348e-05	1.250000e+00
1.0	2.560000e+02	4.096000e+04	9.959990e-01	2.263971e-05	1.250000e+00
1.0	3.840000e+02	4.096000e+04	9.959990e-01	2.011707e-05	1.250000e+00
1.0	5.120000e+02	4.096000e+04	9.959991e-01	1.999635e-05	1.250000e+00
1.0	6.400000e+02	4.096000e+04	9.959989e-01	1.984765e-05	1.250000e+00
1.0	7.580000e+02	4.096000e+04	9.960027e-01	1.838851e-05	1.250000e+00
1.0	8.760000e+02	4.096000e+04	9.959998e-01	1.996762e-05	1.250000e+00
1.0	1.024000e+03	4.096000e+04	9.959989e-01	2.156450e-05	1.250000e+00
1.0	1.280000e+03	4.096000e+04	9.959989e-01	2.002945e-05	1.250000e+00
1.0	1.536000e+03	4.096000e+04	9.960084e-01	2.125569e-05	1.250000e+00
1.0	1.280000e+02	4.096000e+04	9.891756e-01	4.327078e-05	1.450000e+00
1.0	2.560000e+02	4.096000e+04	9.891758e-01	4.617064e-05	1.450000e+00
1.0	3.840000e+02	4.096000e+04	9.891734e-01	4.915251e-05	1.450000e+00
1.0	5.120000e+02	4.096000e+04	9.891757e-01	5.686847e-05	1.450000e+00
1.0	6.400000e+02	4.096000e+04	9.891760e-01	5.701733e-05	1.450000e+00
1.0	7.580000e+02	4.096000e+04	9.891746e-01	5.107927e-05	1.450000e+00
1.0	8.760000e+02	4.096000e+04	9.891674e-01	6.266537e-05	1.450000e+00
1.0	1.024000e+03	4.096000e+04	9.891758e-01	4.351103e-05	1.450000e+00
1.0	1.280000e+03	4.096000e+04	9.891761e-01	4.629412e-05	1.450000e+00
1.0	1.536000e+03	4.096000e+04	9.891545e-01	5.397713e-05	1.450000e+00
1.0	1.280000e+02	4.096000e+04	9.752307e-01	7.899402e-05	1.650000e+00
1.0	2.560000e+02	4.096000e+04	9.752305e-01	8.568159e-05	1.650000e+00
1.0	3.840000e+02	4.096000e+04	9.752400e-01	6.629517e-05	1.650000e+00
1.0	5.120000e+02	4.096000e+04	9.752306e-01	7.059308e-05	1.650000e+00
1.0	6.400000e+02	4.096000e+04	9.752304e-01	6.907955e-05	1.650000e+00
1.0	7.580000e+02	4.096000e+04	9.752398e-01	7.372714e-05	1.650000e+00
1.0	8.760000e+02	4.096000e+04	9.752599e-01	7.718025e-05	1.650000e+00
1.0	1.024000e+03	4.096000e+04	9.752304e-01	7.863173e-05	1.650000e+00
1.0	1.280000e+03	4.096000e+04	9.752314e-01	5.875264e-05	1.650000e+00
1.0	1.536000e+03	4.096000e+04	9.752601e-01	5.811173e-05	1.650000e+00
1.0	1.280000e+02	4.096000e+04	9.481864e-01	2.099284e-04	1.850000e+00
1.0	2.560000e+02	4.096000e+04	9.481851e-01	2.073980e-04	1.850000e+00
1.0	3.840000e+02	4.096000e+04	9.481609e-01	1.865021e-04	1.850000e+00
1.0	5.120000e+02	4.096000e+04	9.481853e-01	2.382932e-04	1.850000e+00
1.0	6.400000e+02	4.096000e+04	9.481837e-01	2.556191e-04	1.850000e+00
1.0	7.580000e+02	4.096000e+04	9.481772e-01	1.411251e-04	1.850000e+00
1.0	8.760000e+02	4.096000e+04	9.481691e-01	2.632016e-04	1.850000e+00
1.0	1.024000e+03	4.096000e+04	9.481863e-01	2.626290e-04	1.850000e+00
1.0	1.280000e+03	4.096000e+04	9.481853e-01	1.274986e-04	1.850000e+00
1.0	1.536000e+03	4.096000e+04	9.481932e-01	1.214679e-04	1.850000e+00
1.0	1.280000e+02	4.096000e+04	9.110930e-01	3.811600e-04	2.000000e+00
1.0	2.560000e+02	4.096000e+04	9.110918e-01	4.403824e-04	2.000000e+00
1.0	3.840000e+02	4.096000e+04	9.112555e-01	4.372665e-04	2.000000e+00
1.0	5.120000e+02	4.096000e+04	9.110903e-01	4.508539e-04	2.000000e+00
1.0	6.400000e+02	4.096000e+04	9.110906e-01	4.833644e-04	2.000000e+00
1.0	7.580000e+02	4.096000e+04	9.112411e-01	5.013681e-04	2.000000e+00
1.0	8.760000e+02	4.096000e+04	9.112139e-01	3.928989e-04	2.000000e+00
1.0	1.024000e+03	4.096000e+04	9.110935e-01	5.124576e-04	2.000000e+00
1.0	1.280000e+03	4.096000e+04	9.110923e-01	5.351043e-04	2.000000e+00
1.0	1.536000e+03	4.096000e+04	9.112284e-01	4.663161e-04	2.000000e+00
1.0	1.280000e+02	4.096000e+04	9.055135e-01	3.969485e-04	2.016000e+00
1.0	2.560000e+02	4.096000e+04	9.055115e-01	4.132125e-04	2.016000e+00
1.0	3.840000e+02	4.096000e+04	9.054490e-01	4.279109e-04	2.016000e+00
1.0	5.120000e+02	4.096000e+04	9.055098e-01	4.044211e-04	2.016000e+00
1.0	6.400000e+02	4.096000e+04	9.055093e-01	4.530394e-04	2.016000e+00
1.0	7.580000e+02	4.096000e+04	9.054554e-01	4.986747e-04	2.016000e+00
1.0	8.760000e+02	4.096000e+04	9.054281e-01	4.170864e-04	2.016000e+00
1.0	1.024000e+03	4.096000e+04	9.055080e-01	4.468179e-04	2.016000e+00
1.0	1.280000e+03	4.096000e+04	9.055102e-01	5.719958e-04	2.016000e+00
1.0	1.536000e+03	4.096000e+04	9.053621e-01	5.758245e-04	2.016000e+00
1.0	1.280000e+02	4.096000e+04	9.000308e-01	5.131192e-04	2.032000e+00
1.0	2.560000e+02	4.096000e+04	9.000287e-01	4.590225e-04	2.032000e+00
1.0	3.840000e+02	4.096000e+04	8.999316e-01	5.013772e-04	2.032000e+00
1.0	5.120000e+02	4.096000e+04	9.000333e-01	4.756183e-04	2.032000e+00
1.0	6.400000e+02	4.096000e+04	9.000318e-01	4.922493e-04	2.032000e+00
1.0	7.580000e+02	4.096000e+04	8.998933e-01	5.068075e-04	2.032000e+00
1.0	8.760000e+02	4.096000e+04	9.000024e-01	4.676894e-04	2.032000e+00
1.0	1.024000e+03	4.096000e+04	9.000269e-01	5.152111e-04	2.032000e+00
1.0	1.280000e+03	4.096000e+04	9.000320e-01	3.601556e-04	2.032000e+00
1.0	1.536000e+03	4.096000e+04	8.998485e-01	4.968101e-04	2.032000e+00
1.0	1.280000e+02	4.096000e+04	8.940653e-01	5.950507e-04	2.048000e+00
1.0	2.560000e+02	4.096000e+04	8.940580e-01	7.019785e-04	2.048000e+00
1.0	3.840000e+02	4.096000e+04	8.944295e-01	5.515525e-04	2.048000e+00
1.0	5.120000e+02	4.096000e+04	8.940653e-01	7.058845e-04	2.048000e+00
1.0	6.400000e+02	4.096000e+04	8.940596e-01	6.101720e-04	2.048000e+00
1.0	7.580000e+02	4.096000e+04	8.944533e-01	6.051541e-04	2.048000e+00
1.0	8.760000e+02	4.096000e+04	8.943924e-01	7.049666e-04	2.048000e+00
1.0	1.024000e+03	4.096000e+04	8.940575e-01	6.164033e-04	2.048000e+00
1.0	1.280000e+03	4.096000e+04	8.940600e-01	4.791319e-04	2.048000e+00
1.0	1.536000e+03	4.096000e+04	8.942174e-01	6.629512e-04	2.048000e+00
1.0	1.280000e+02	4.096000e+04	8.870020e-01	6.774499e-04	2.064000e+00
1.0	2.560000e+02	4.096000e+04	8.870088e-01	6.395569e-04	2.064000e+00
1.0	3.840000e+02	4.096000e+04	8.872021e-01	5.789757e-04	2.064000e+00
1.0	5.120000e+02	4.096000e+04	8.870067e-01	5.164060e-04	2.064000e+00
1.0	6.400000e+02	4.096000e+04	8.870046e-01	5.251037e-04	2.064000e+00
1.0	7.580000e+02	4.096000e+04	8.871508e-01	6.794171e-04	2.064000e+00
1.0	8.760000e+02	4.096000e+04	8.871900e-01	5.471563e-04	2.064000e+00
1.0	1.024000e+03	4.096000e+04	8.870049e-01	5.324602e-04	2.064000e+00
1.0	1.280000e+03	4.096000e+04	8.870020e-01	5.449136e-04	2.064000e+00
1.0	1.536000e+03	4.096000e+04	8.871565e-01	5.473257e-04	2.064000e+00
1.0	1.280000e+02	4.096000e+04	8.800127e-01	6.745704e-04	2.080000e+00
1.0	2.560000e+02	4.096000e+04	8.800187e-01	7.062401e-04	2.080000e+00
1.0	3.840000e+02	4.096000e+04	8.800284e-01	7.191905e-04	2.080000e+00
1.0	5.120000e+02	4.096000e+04	8.800164e-01	7.599833e-04	2.080000e+00
1.0	6.400000e+02	4.096000e+04	8.800189e-01	7.625854e-04	2.080000e+00
1.0	7.580000e+02	4.096000e+04	8.800710e-01	8.757556e-04	2.080000e+00
1.0	8.760000e+02	4.096000e+04	8.802310e-01	9.776510e-04	2.080000e+00
1.0	1.024000e+03	4.096000e+04	8.800208e-01	8.478120e-04	2.080000e+00
1.0	1.280000e+03	4.096000e+04	8.800178e-01	7.498422e-04	2.080000e+00
1.0	1.536000e+03	4.096000e+04	8.802557e-01	1.058244e-03	2.080000e+00
1.0	1.280000e+02	4.096000e+04	8.703913e-01	9.164393e-04	2.096000e+00
1.0	2.560000e+02	4.096000e+04	8.703904e-01	1.033231e-03	2.096000e+00
1.0	3.840000e+02	4.096000e+04	8.704748e-01	1.088511e-03	2.096000e+00
1.0	5.120000e+02	4.096000e+04	8.703887e-01	8.300473e-04	2.096000e+00
1.0	6.400000e+02	4.096000e+04	8.703924e-01	8.049778e-04	2.096000e+00
1.0	7.580000e+02	4.096000e+04	8.703390e-01	9.900957e-04	2.096000e+00
1.0	8.760000e+02	4.096000e+04	8.702507e-01	1.023962e-03	2.096000e+00
1.0	1.024000e+03	4.096000e+04	8.703905e-01	7.897135e-04	2.096000e+00
1.0	1.280000e+03	4.096000e+04	8.703895e-01	9.927666e-04	2.096000e+00
1.0	1.536000e+03	4.096000e+04	8.700940e-01	8.796618e-04	2.096000e+00
1.0	1.280000e+02	4.096000e+04	8.623982e-01	1.233806e-03	2.112000e+00
1.0	2.560000e+02	4.096000e+04	8.623921e-01	1.274330e-03	2.112000e+00
1.0	3.840000e+02	4.096000e+04	8.623753e-01	1.154825e-03	2.112000e+00
1.0	5.120000e+02	4.096000e+04	8.623997e-01	1.057733e-03	2.112000e+00
1.0	6.400000e+02	4.096000e+04	8.624021e-01	1.235801e-03	2.112000e+00
1.0	7.580000e+02	4.096000e+04	8.623055e-01	1.262824e-03	2.112000e+00
1.0	8.760000e+02	4.096000e+04	8.623135e-01	1.185963e-03	2.112000e+00
1.0	1.024000e+03	4.096000e+04	8.624072e-01	1.142857e-03	2.112000e+00
1.0	1.280000e+03	4.096000e+04	8.623998e-01	9.846194e-04	2.112000e+00
1.0	1.536000e+03	4.096000e+04	8.625040e-01	1.218729e-03	2.112000e+00
1.0	1.280000e+02	4.096000e+04	8.521830e-01	1.222699e-03	2.128000e+00
1.0	2.560000e+02	4.096000e+04	8.521775e-01	1.251807e-03	2.128000e+00
1.0	3.840000e+02	4.096000e+04	8.522741e-01	1.299220e-03	2.128000e+00
1.0	5.120000e+02	4.096000e+04	8.521791e-01	1.344003e-03	2.128000e+00
1.0	6.400000e+02	4.096000e+04	8.521763e-01	7.627848e-04	2.128000e+00
1.0	7.580000e+02	4.096000e+04	8.522642e-01	1.140292e-03	2.128000e+00
1.0	8.760000e+02	4.096000e+04	8.522258e-01	1.271312e-03	2.128000e+00
1.0	1.024000e+03	4.096000e+04	8.521858e-01	1.381478e-03	2.128000e+00
1.0	1.280000e+03	4.096000e+04	8.521748e-01	7.055009e-04	2.128000e+00
1.0	1.536000e+03	4.096000e+04	8.523774e-01	1.424947e-03	2.128000e+00
1.0	1.280000e+02	4.096000e+04	8.376813e-01	3.348722e-03	2.144000e+00
1.0	2.560000e+02	4.096000e+04	8.377028e-01	3.328944e-03	2.144000e+00
1.0	3.840000e+02	4.096000e+04	8.376542e-01	4.105967e-03	2.144000e+00
1.0	5.120000e+02	4.096000e+04	8.377416e-01	4.091654e-03	2.144000e+00
1.0	6.400000e+02	4.096000e+04	8.377060e-01	4.522936e-03	2.144000e+00
1.0	7.580000e+02	4.096000e+04	8.375695e-01	4.622755e-03	2.144000e+00
1.0	8.760000e+02	4.096000e+04	8.372330e-01	3.643995e-03	2.144000e+00
1.0	1.024000e+03	4.096000e+04	8.376930e-01	4.124891e-03	2.144000e+00
1.0	1.280000e+03	4.096000e+04	8.376758e-01	4.442826e-03	2.144000e+00
1.0	1.536000e+03	4.096000e+04	8.366780e-01	4.234845e-03	2.144000e+00
1.0	1.280000e+02	4.096000e+04	8.275528e-01	1.768449e-03	2.160000e+00
1.0	2.560000e+02	4.096000e+04	8.275419e-01	1.827846e-03	2.160000e+00
1.0	3.840000e+02	4.096000e+04	8.278042e-01	1.587311e-03	2.160000e+00
1.0	5.120000e+02	4.096000e+04	8.275559e-01	1.687980e-03	2.160000e+00
1.0	6.400000e+02	4.096000e+04	8.275565e-01	1.489963e-03	2.160000e+00
1.0	7.580000e+02	4.096000e+04	8.276312e-01	2.091252e-03	2.160000e+00
1.0	8.760000e+02	4.096000e+04	8.277361e-01	1.604511e-03	2.160000e+00
1.0	1.024000e+03	4.096000e+04	8.275660e-01	1.382128e-03	2.160000e+00
1.0	1.280000e+03	4.096000e+04	8.275623e-01	1.424019e-03	2.160000e+00
1.0	1.536000e+03	4.096000e+04	8.274932e-01	1.176517e-03	2.160000e+00
1.0	1.280000e+02	4.096000e+04	8.094213e-01	2.579141e-03	2.176000e+00
1.0	2.560000e+02	4.096000e+04	8.094094e-01	2.658269e-03	2.176000e+00
1.0	3.840000e+02	4.096000e+04	8.088460e-01	2.369870e-03	2.176000e+00
1.0	5.120000e+02	4.096000e+04	8.094577e-01	2.723228e-03	2.176000e+00
1.0	6.400000e+02	4.096000e+04	8.094394e-01	2.355746e-03	2.176000e+00
1.0	7.580000e+02	4.096000e+04	8.091721e-01	2.045859e-03	2.176000e+00
1.0	8.760000e+02	4.096000e+04	8.092599e-01	2.228992e-03	2.176000e+00
1.0	1.024000e+03	4.096000e+04	8.094328e-01	2.693543e-03	2.176000e+00
1.0	1.280000e+03	4.096000e+04	8.094308e-01	2.237916e-03	2.176000e+00
1.0	1.536000e+03	4.096000e+04	8.092978e-01	2.386629e-03	2.176000e+00
1.0	1.280000e+02	4.096000e+04	7.931128e-01	3.892564e-03	2.192000e+00
1.0	2.560000e+02	4.096000e+04	7.930851e-01	3.758548e-03	2.192000e+00
1.0	3.840000e+02	4.096000e+04	7.933397e-01	3.691418e-03	2.192000e+00
1.0	5.120000e+02	4.096000e+04	7.930834e-01	3.444650e-03	2.192000e+00
1.0	6.400000e+02	4.096000e+04	7.931057e-01	3.641638e-03	2.192000e+00
1.0	7.580000e+02	4.096000e+04	7.929518e-01	3.038218e-03	2.192000e+00
1.0	8.760000e+02	4.096000e+04	7.925326e-01	3.673962e-03	2.192000e+00
1.0	1.024000e+03	4.096000e+04	7.930963e-01	3.438848e-03	2.192000e+00
1.0	1.280000e+03	4.096000e+04	7.931004e-01	3.435252e-03	2.192000e+00
1.0	1.536000e+03	4.096000e+04	7.937986e-01	3.073979e-03	2.192000e+00
1.0	1.280000e+02	4.096000e+04	7.795364e-01	4.521977e-03	2.208000e+00
1.0	2.560000e+02	4.096000e+04	7.795282e-01	4.469868e-03	2.208000e+00
1.0	3.840000e+02	4.096000e+04	7.815463e-01	4.185199e-03	2.208000e+00
1.0	5.120000e+02	4.096000e+04	7.795307e-01	5.389703e-03	2.208000e+00
1.0	6.400000e+02	4.096000e+04	7.796016e-01	4.352313e-03	2.208000e+00
1.0	7.580000e+02	4.096000e+04	7.811719e-01	4.327672e-03	2.208000e+00
1.0	8.760000e+02	4.096000e+04	7.809105e-01	4.420221e-03	2.208000e+00
1.0	1.024000e+03	4.096000e+04	7.795141e-01	5.093923e-03	2.208000e+00
1.0	1.280000e+03	4.096000e+04	7.795691e-01	4.877010e-03	2.208000e+00
1.0	1.536000e+03	4.096000e+04	7.798089e-01	4.680380e-03	2.208000e+00
1.0	1.280000e+02	4.096000e+04	7.361470e-01	8.799308e-03	2.224000e+00
1.0	2.560000e+02	4.096000e+04	7.360602e-01	9.808074e-03	2.224000e+00
1.0	3.840000e+02	4.096000e+04	7.349951e-01	1.132974e-02	2.224000e+00
1.0	5.120000e+02	4.096000e+04	7.361368e-01	9.385428e-03	2.224000e+00
1.0	6.400000e+02	4.096000e+04	7.360785e-01	1.072938e-02	2.224000e+00
1.0	7.580000e+02	4.096000e+04	7.346411e-01	1.119593e-02	2.224000e+00
1.0	8.760000e+02	4.096000e+04	7.339202e-01	1.105733e-02	2.224000e+00
1.0	1.024000e+03	4.096000e+04	7.360649e-01	1.025538e-02	2.224000e+00
1.0	1.280000e+03	4.096000e+04	7.360941e-01	9.586058e-03	2.224000e+00
1.0	1.536000e+03	4.096000e+04	7.319435e-01	7.967768e-03	2.224000e+00
1.0	1.280000e+02	4.096000e+04	7.041440e-01	1.466416e-02	2.228000e+00
1.0	2.560000e+02	4.096000e+04	7.040461e-01	1.824609e-02	2.228000e+00
1.0	3.840000e+02	4.096000e+04	7.026896e-01	2.139933e-02	2.228000e+00
1.0	5.120000e+02	4.096000e+04	7.039660e-01	1.799199e-02	2.228000e+00
1.0	6.400000e+02	4.096000e+04	7.040984e-01	1.940618e-02	2.228000e+00
1.0	7.580000e+02	4.096000e+04	7.024252e-01	2.166806e-02	2.228000e+00
1.0	8.760000e+02	4.096000e+04	7.004212e-01	2.485533e-02	2.228000e+00
1.0	1.024000e+03	4.096000e+04	7.039408e-01	2.003154e-02	2.228000e+00
1.0	1.280000e+03	4.096000e+04	7.038659e-01	2.168809e-02	2.228000e+00
1.0	1.536000e+03	4.096000e+04	6.969175e-01	2.517243e-02	2.228000e+00
1.0	1.280000e+02	4.096000e+04	7.374487e-01	6.177222e-03	2.232000e+00
1.0	2.560000e+02	4.096000e+04	7.374074e-01	6.679194e-03	2.232000e+00
1.0	3.840000e+02	4.096000e+04	7.367621e-01	6.563827e-03	2.232000e+00
1.0	5.120000e+02	4.096000e+04	7.374437e-01	5.629686e-03	2.232000e+00
1.0	6.400000e+02	4.096000e+04	7.374324e-01	6.839368e-03	2.232000e+00
1.0	7.580000e+02	4.096000e+04	7.363158e-01	7.361315e-03	2.232000e+00
1.0	8.760000e+02	4.096000e+04	7.382436e-01	7.476352e-03	2.232000e+00
1.0	1.024000e+03	4.096000e+04	7.374145e-01	7.114347e-03	2.232000e+00
1.0	1.280000e+03	4.096000e+04	7.374003e-01	6.850849e-03	2.232000e+00
1.0	1.536000e+03	4.096000e+04	7.389340e-01	6.352053e-03	2.232000e+00
1.0	1.280000e+02	4.096000e+04	6.904573e-01	1.320831e-02	2.236000e+00
1.0	2.560000e+02	4.096000e+04	6.903050e-01	1.540571e-02	2.236000e+00
1.0	3.840000e+02	4.096000e+04	6.890789e-01	1.593192e-02	2.236000e+00
1.0	5.120000e+02	4.096000e+04	6.904651e-01	1.705510e-02	2.236000e+00
1.0	6.400000e+02	4.096000e+04	6.903549e-01	1.545604e-02	2.236000e+00
1.0	7.580000e+02	4.096000e+04	6.883698e-01	1.888752e-02	2.236000e+00
1.0	8.760000e+02	4.096000e+04	6.877568e-01	1.873644e-02	2.236000e+00
1.0	1.024000e+03	4.096000e+04	6.903706e-01	1.777519e-02	2.236000e+00
1.0	1.280000e+03	4.096000e+04	6.904944e-01	1.833343e-02	2.236000e+00
1.0	1.536000e+03	4.096000e+04	6.862101e-01	2.127260e-02	2.236000e+00
1.0	1.280000e+02	4.096000e+04	7.104501e-01	1.032220e-02	2.240000e+00
1.0	2.560000e+02	4.096000e+04	7.104220e-01	1.339856e-02	2.240000e+00
1.0	3.840000e+02	4.096000e+04	7.093158e-01	1.376958e-02	2.240000e+00
1.0	5.120000e+02	4.096000e+04	7.105668e-01	1.342178e-02	2.240000e+00
1.0	6.400000e+02	4.096000e+04	7.105222e-01	1.047344e-02	2.240000e+00
1.0	7.580000e+02	4.096000e+04	7.088330e-01	1.476107e-02	2.240000e+00
1.0	8.760000e+02	4.096000e+04	7.080956e-01	1.178917e-02	2.240000e+00
1.0	1.024000e+03	4.096000e+04	7.105258e-01	1.165653e-02	2.240000e+00
1.0	1.280000e+03	4.096000e+04	7.104880e-01	1.349834e-02	2.240000e+00
1.0	1.536000e+03	4.096000e+04	7.049548e-01	1.263483e-02	2.240000e+00
1.0	1.280000e+02	4.096000e+04	7.037955e-01	8.030672e-03	2.244000e+00
1.0	2.560000e+02	4.096000e+04	7.037355e-01	8.392950e-03	2.244000e+00
1.0	3.840000e+02	4.096000e+04	7.024964e-01	9.248590e-03	2.244000e+00
1.0	5.120000e+02	4.096000e+04	7.036972e-01	9.326919e-03	2.244000e+00
1.0	6.400000e+02	4.096000e+04	7.036936e-01	9.701855e-03	2.244000e+00
1.0	7.580000e+02	4.096000e+04	7.016782e-01	9.743380e-03	2.244000e+00
1.0	8.760000e+02	4.096000e+04	7.011857e-01	1.025598e-02	2.244000e+00
1.0	1.024000e+03	4.096000e+04	7.037859e-01	9.000873e-03	2.244000e+00
1.0	1.280000e+03	4.096000e+04	7.038595e-01	8.264810e-03	2.244000e+00
1.0	1.536000e+03	4.096000e+04	7.045565e-01	8.359484e-03	2.244000e+00
1.0	1.280000e+02	4.096000e+04	7.117939e-01	6.706555e-03	2.248000e+00
1.0	2.560000e+02	4.096000e+04	7.117479e-01	7.392696e-03	2.248000e+00
1.0	3.840000e+02	4.096000e+04	7.112312e-01	7.880358e-03	2.248000e+00
1.0	5.120000e+02	4.096000e+04	7.117975e-01	8.166712e-03	2.248000e+00
1.0	6.400000e+02	4.096000e+04	7.117464e-01	6.535974e-03	2.248000e+00
1.0	7.580000e+02	4.096000e+04	7.111756e-01	7.997119e-03	2.248000e+00
1.0	8.760000e+02	4.096000e+04	7.120294e-01	6.797946e-03	2.248000e+00
1.0	1.024000e+03	4.096000e+04	7.117780e-01	7.793871e-03	2.248000e+00
1.0	1.280000e+03	4.096000e+04	7.117447e-01	7.113679e-03	2.248000e+00
1.0	1.536000e+03	4.096000e+04	7.103415e-01	7.503087e-03	2.248000e+00
1.0	1.280000e+02	4.096000e+04	6.473352e-01	1.564376e-02	2.252000e+00
1.0	2.560000e+02	4.096000e+04	6.472711e-01	1.767113e-02	2.252000e+00
1.0	3.840000e+02	4.096000e+04	6.524778e-01	1.936394e-02	2.252000e+00
1.0	5.120000e+02	4.096000e+04	6.474226e-01	1.991149e-02	2.252000e+00
1.0	6.400000e+02	4.096000e+04	6.473644e-01	2.302403e-02	2.252000e+00
1.0	7.580000e+02	4.096000e+04	6.545180e-01	1.989314e-02	2.252000e+00
1.0	8.760000e+02	4.096000e+04	6.528186e-01	2.322818e-02	2.252000e+00
1.0	1.024000e+03	4.096000e+04	6.472612e-01	2.210095e-02	2.252000e+00
1.0	1.280000e+03	4.096000e+04	6.472070e-01	2.238084e-02	2.252000e+00
1.0	1.536000e+03	4.096000e+04	6.553401e-01	1.847692e-02	2.252000e+00
1.0	1.280000e+02	4.096000e+04	6.679943e-01	1.385434e-02	2.256000e+00
1.0	2.560000e+02	4.096000e+04	6.681026e-01	1.454020e-02	2.256000e+00
1.0	3.840000e+02	4.096000e+04	6.662919e-01	1.789803e-02	2.256000e+00
1.0	5.120000e+02	4.096000e+04	6.679497e-01	1.322469e-02	2.256000e+00
1.0	6.400000e+02	4.096000e+04	6.679117e-01	1.625275e-02	2.256000e+00
1.0	7.580000e+02	4.096000e+04	6.669399e-01	1.543614e-02	2.256000e+00
1.0	8.760000e+02	4.096000e+04	6.727705e-01	1.740774e-02	2.256000e+00
1.0	1.024000e+03	4.096000e+04	6.679994e-01	1.304665e-02	2.256000e+00
1.0	1.280000e+03	4.096000e+04	6.680249e-01	1.591399e-02	2.256000e+00
1.0	1.536000e+03	4.096000e+04	6.713785e-01	1.592120e-02	2.256000e+00
1.0	1.280000e+02	4.096000e+04	6.608704e-01	1.153695e-02	2.260000e+00
1.0	2.560000e+02	4.096000e+04	6.607411e-01	1.286694e-02	2.260000e+00
1.0	3.840000e+02	4.096000e+04	6.602096e-01	1.544133e-02	2.260000e+00
1.0	5.120000e+02	4.096000e+04	6.607228e-01	1.097786e-02	2.260000e+00
1.0	6.400000e+02	4.096000e+04	6.607523e-01	1.538756e-02	2.260000e+00
1.0	7.580000e+02	4.096000e+04	6.605491e-01	1.461640e-02	2.260000e+00
1.0	8.760000e+02	4.096000e+04	6.663959e-01	1.272286e-02	2.260000e+00
1.0	1.024000e+03	4.096000e+04	6.607765e-01	1.303779e-02	2.260000e+00
1.0	1.280000e+03	4.096000e+04	6.607633e-01	1.325390e-02	2.260000e+00
1.0	1.536000e+03	4.096000e+04	6.648937e-01	1.338894e-02	2.260000e+00
1.0	1.280000e+02	4.096000e+04	6.370158e-01	1.506067e-02	2.264000e+00
1.0	2.560000e+02	4.096000e+04	6.368746e-01	1.895840e-02	2.264000e+00
1.0	3.840000e+02	4.096000e+04	6.346570e-01	2.028226e-02	2.264000e+00
1.0	5.120000e+02	4.096000e+04	6.368478e-01	1.998293e-02	2.264000e+00
1.0	6.400000e+02	4.096000e+04	6.368514e-01	2.272503e-02	2.264000e+00
1.0	7.580000e+02	4.096000e+04	6.335321e-01	2.124303e-02	2.264000e+00
1.0	8.760000e+02	4.096000e+04	6.321328e-01	2.320446e-02	2.264000e+00
1.0	1.024000e+03	4.096000e+04	6.370924e-01	2.192092e-02	2.264000e+00
1.0	1.280000e+03	4.096000e+04	6.368769e-01	2.154405e-02	2.264000e+00
1.0	1.536000e+03	4.096000e+04	6.308136e-01	2.751582e-02	2.264000e+00
1.0	1.280000e+02	4.096000e+04	6.482404e-01	1.479230e-02	2.268000e+00
1.0	2.560000e+02	4.096000e+04	6.482844e-01	1.777579e-02	2.268000e+00
1.0	3.840000e+02	4.096000e+04	6.481343e-01	2.013128e-02	2.268000e+00
1.0	5.120000e+02	4.096000e+04	6.483487e-01	2.060470e-02	2.268000e+00
1.0	6.400000e+02	4.096000e+04	6.483677e-01	2.062924e-02	2.268000e+00
1.0	7.580000e+02	4.096000e+04	6.466966e-01	2.257695e-02	2.268000e+00
1.0	8.760000e+02	4.096000e+04	6.447741e-01	1.622410e-02	2.268000e+00
1.0	1.024000e+03	4.096000e+04	6.483346e-01	2.148162e-02	2.268000e+00
1.0	1.280000e+03	4.096000e+04	6.482390e-01	1.792120e-02	2.268000e+00
1.0	1.536000e+03	4.096000e+04	6.419585e-01	2.083153e-02	2.268000e+00
1.0	1.280000e+02	4.096000e+04	5.850917e-01	1.775306e-02	2.272000e+00
1.0	2.560000e+02	4.096000e+04	5.849903e-01	1.848428e-02	2.272000e+00
1.0	3.840000e+02	4.096000e+04	5.905627e-01	1.720696e-02	2.272000e+00
1.0	5.120000e+02	4.096000e+04	5.849912e-01	2.082917e-02	2.272000e+00
1.0	6.400000e+02	4.096000e+04	5.848853e-01	2.071899e-02	2.272000e+00
1.0	7.580000e+02	4.096000e+04	5.918228e-01	2.180741e-02	2.272000e+00
1.0	8.760000e+02	4.096000e+04	5.924322e-01	2.635684e-02	2.272000e+00
1.0	1.024000e+03	4.096000e+04	5.848031e-01	2.185671e-02	2.272000e+00
1.0	1.280000e+03	4.096000e+04	5.850317e-01	2.372230e-02	2.272000e+00
1.0	1.536000e+03	4.096000e+04	5.885426e-01	2.500723e-02	2.272000e+00
1.0	1.280000e+02	4.096000e+04	5.994776e-01	1.817814e-02	2.276000e+00
1.0	2.560000e+02	4.096000e+04	5.996127e-01	1.998008e-02	2.276000e+00
1.0	3.840000e+02	4.096000e+04	6.037773e-01	2.121234e-02	2.276000e+00
1.0	5.120000e+02	4.096000e+04	5.996611e-01	1.930674e-02	2.276000e+00
1.0	6.400000e+02	4.096000e+04	5.996171e-01	2.068050e-02	2.276000e+00
1.0	7.580000e+02	4.096000e+04	6.068339e-01	1.812379e-02	2.276000e+00
1.0	8.760000e+02	4.096000e+04	6.070011e-01	2.351994e-02	2.276000e+00
1.0	1.024000e+03	4.096000e+04	5.994832e-01	2.353163e-02	2.276000e+00
1.0	1.280000e+03	4.096000e+04	5.993375e-01	2.517257e-02	2.276000e+00
1.0	1.536000e+03	4.096000e+04	6.104610e-01	2.385926e-02	2.276000e+00
1.0	1.280000e+02	4.096000e+04	5.536610e-01	1.891600e-02	2.280000e+00
1.0	2.560000e+02	4.096000e+04	5.537236e-01	2.199902e-02	2.280000e+00
1.0	3.840000e+02	4.096000e+04	5.498962e-01	2.501744e-02	2.280000e+00
1.0	5.120000e+02	4.096000e+04	5.536138e-01	2.585620e-02	2.280000e+00
1.0	6.400000e+02	4.096000e+04	5.535847e-01	2.191512e-02	2.280000e+00
1.0	7.580000e+02	4.096000e+04	5.487368e-01	2.101703e-02	2.280000e+00
1.0	8.760000e+02	4.096000e+04	5.468552e-01	2.266565e-02	2.280000e+00
1.0	1.024000e+03	4.096000e+04	5.537239e-01	1.932122e-02	2.280000e+00
1.0	1.280000e+03	4.096000e+04	5.536398e-01	2.424791e-02	2.280000e+00
1.0	1.536000e+03	4.096000e+04	5.473703e-01	2.039493e-02	2.280000e+00
1.0	1.280000e+02	4.096000e+04	5.562961e-01	1.779319e-02	2.284000e+00
1.0	2.560000e+02	4.096000e+04	5.561941e-01	2.157925e-02	2.284000e+00
1.0	3.840000e+02	4.096000e+04	5.610229e-01	2.505848e-02	2.284000e+00
1.0	5.120000e+02	4.096000e+04	5.562826e-01	2.579085e-02	2.284000e+00
1.0	6.400000e+02	4.096000e+04	5.562979e-01	2.923382e-02	2.284000e+00
1.0	7.580000e+02	4.096000e+04	5.634836e-01	3.046468e-02	2.284000e+00
1.0	8.760000e+02	4.096000e+04	5.598175e-01	3.261360e-02	2.284000e+00
1.0	1.024000e+03	4.096000e+04	5.561251e-01	3.032712e-02	2.284000e+00
1.0	1.280000e+03	4.096000e+04	5.560980e-01	3.408500e-02	2.284000e+00
1.0	1.536000e+03	4.096000e+04	5.714162e-01	3.188416e-02	2.284000e+00
1.0	1.280000e+02	4.096000e+04	5.828876e-01	1.583980e-02	2.288000e+00
1.0	2.560000e+02	4.096000e+04	5.828481e-01	1.883479e-02	2.288000e+00
1.0	3.840000e+02	4.096000e+04	5.806648e-01	2.045826e-02	2.288000e+00
1.0	5.120000e+02	4.096000e+04	5.828279e-01	2.268938e-02	2.288000e+00
1.0	6.400000e+02	4.096000e+04	5.829824e-01	1.633673e-02	2.288000e+00
1.0	7.580000e+02	4.096000e+04	5.810703e-01	2.512597e-02	2.288000e+00
1.0	8.760000e+02	4.096000e+04	5.788180e-01	2.539997e-02	2.288000e+00
1.0	1.024000e+03	4.096000e+04	5.828928e-01	2.141098e-02	2.288000e+00
1.0	1.280000e+03	4.096000e+04	5.830419e-01	2.026216e-02	2.288000e+00
1.0	1.536000e+03	4.096000e+04	5.751228e-01	2.222718e-02	2.288000e+00
1.0	1.280000e+02	4.096000e+04	5.328337e-01	1.853446e-02	2.292000e+00
1.0	2.560000e+02	4.096000e+04	5.328165e-01	2.397924e-02	2.292000e+00
1.0	3.840000e+02	4.096000e+04	5.296853e-01	2.677325e-02	2.292000e+00
1.0	5.120000e+02	4.096000e+04	5.329231e-01	2.838426e-02	2.292000e+00
1.0	6.400000e+02	4.096000e+04	5.328785e-01	2.878388e-02	2.292000e+00
1.0	7.580000e+02	4.096000e+04	5.295016e-01	2.748173e-02	2.292000e+00
1.0	8.760000e+02	4.096000e+04	5.263237e-01	3.310328e-02	2.292000e+00
1.0	1.024000e+03	4.096000e+04	5.330170e-01	2.527485e-02	2.292000e+00
1.0	1.280000e+03	4.096000e+04	5.326421e-01	3.247391e-02	2.292000e+00
1.0	1.536000e+03	4.096000e+04	5.231509e-01	2.780222e-02	2.292000e+00
1.0	1.280000e+02	4.096000e+04	5.117381e-01	1.928343e-02	2.296000e+00
1.0	2.560000e+02	4.096000e+04	5.115686e-01	2.402664e-02	2.296000e+00
1.0	3.840000e+02	4.096000e+04	5.175460e-01	2.435801e-02	2.296000e+00
1.0	5.120000e+02	4.096000e+04	5.115829e-01	2.375166e-02	2.296000e+00
1.0	6.400000e+02	4.096000e+04	5.117984e-01	2.504424e-02	2.296000e+00
1.0	7.580000e+02	4.096000e+04	5.164159e-01	2.824970e-02	2.296000e+00
1.0	8.760000e+02	4.096000e+04	5.170403e-01	2.810315e-02	2.296000e+00
1.0	1.024000e+03	4.096000e+04	5.118198e-01	2.725090e-02	2.296000e+00
1.0	1.280000e+03	4.096000e+04	5.115259e-01	3.112602e-02	2.296000e+00
1.0	1.536000e+03	4.096000e+04	5.287835e-01	3.080141e-02	2.296000e+00
1.0	1.280000e+02	4.096000e+04	4.991051e-01	1.842931e-02	2.300000e+00
1.0	2.560000e+02	4.096000e+04	4.989994e-01	2.292211e-02	2.300000e+00
1.0	3.840000e+02	4.096000e+04	5.090308e-01	2.195324e-02	2.300000e+00
1.0	5.120000e+02	4.096000e+04	4.994081e-01	2.772135e-02	2.300000e+00
1.0	6.400000e+02	4.096000e+04	4.992776e-01	2.857720e-02	2.300000e+00
1.0	7.580000e+02	4.096000e+04	5.134085e-01	2.609705e-02	2.300000e+00
1.0	8.760000e+02	4.096000e+04	5.150423e-01	3.058731e-02	2.300000e+00
1.0	1.024000e+03	4.096000e+04	4.992510e-01	2.997713e-02	2.300000e+00
1.0	1.280000e+03	4.096000e+04	4.994122e-01	2.935466e-02	2.300000e+00
1.0	1.536000e+03	4.096000e+04	5.101938e-01	3.243318e-02	2.300000e+00
1.0	1.280000e+02	4.096000e+04	4.844922e-01	1.669403e-02	2.304000e+00
1.0	2.560000e+02	4.096000e+04	4.845008e-01	2.068054e-02	2.304000e+00
1.0	3.840000e+02	4.096000e+04	4.849218e-01	2.056329e-02	2.304000e+00
1.0	5.120000e+02	4.096000e+04	4.846196e-01	2.148342e-02	2.304000e+00
1.0	6.400000e+02	4.096000e+04	4.844861e-01	2.412244e-02	2.304000e+00
1.0	7.580000e+02	4.096000e+04	4.871914e-01	2.574288e-02	2.304000e+00
1.0	8.760000e+02	4.096000e+04	4.949189e-01	2.341015e-02	2.304000e+00
1.0	1.024000e+03	4.096000e+04	4.844802e-01	2.488471e-02	2.304000e+00
1.0	1.280000e+03	4.096000e+04	4.845837e-01	2.655857e-02	2.304000e+00
1.0	1.536000e+03	4.096000e+04	5.030682e-01	1.119178e-02	2.304000e+00
1.0	1.280000e+02	4.096000e+04	4.799499e-01	1.859460e-02	2.308000e+00
1.0	2.560000e+02	4.096000e+04	4.802366e-01	2.250288e-02	2.308000e+00
1.0	3.840000e+02	4.096000e+04	4.881031e-01	2.248187e-02	2.308000e+00
1.0	5.120000e+02	4.096000e+04	4.800758e-01	2.262024e-02	2.308000e+00
1.0	6.400000e+02	4.096000e+04	4.800084e-01	1.901143e-02	2.308000e+00
1.0	7.580000e+02	4.096000e+04	4.913931e-01	2.023121e-02	2.308000e+00
1.0	8.760000e+02	4.096000e+04	4.909549e-01	1.192181e-02	2.308000e+00
1.0	1.024000e+03	4.096000e+04	4.801945e-01	2.424666e-02	2.308000e+00
1.0	1.280000e+03	4.096000e+04	4.802680e-01	2.117515e-02	2.308000e+00
1.0	1.536000e+03	4.096000e+04	4.935519e-01	1.588909e-02	2.308000e+00
1.0	1.280000e+02	4.096000e+04	4.712171e-01	1.646853e-02	2.312000e+00
1.0	2.560000e+02	4.096000e+04	4.709894e-01	1.884079e-02	2.312000e+00
1.0	3.840000e+02	4.096000e+04	4.687856e-01	2.039786e-02	2.312000e+00
1.0	5.120000e+02	4.096000e+04	4.710959e-01	1.617539e-02	2.312000e+00
1.0	6.400000e+02	4.096000e+04	4.710974e-01	1.727444e-02	2.312000e+00
1.0	7.580000e+02	4.096000e+04	4.708362e-01	1.955028e-02	2.312000e+00
1.0	8.760000e+02	4.096000e+04	4.771277e-01	1.614596e-02	2.312000e+00
1.0	1.024000e+03	4.096000e+04	4.710747e-01	1.533548e-02	2.312000e+00
1.0	1.280000e+03	4.096000e+04	4.710712e-01	1.607976e-02	2.312000e+00
1.0	1.536000e+03	4.096000e+04	4.747695e-01	1.902838e-02	2.312000e+00
1.0	1.280000e+02	4.096000e+04	3.877845e-01	1.797926e-02	2.316000e+00
1.0	2.560000e+02	4.096000e+04	3.877478e-01	2.043112e-02	2.316000e+00
1.0	3.840000e+02	4.096000e+04	3.820760e-01	2.185257e-02	2.316000e+00
1.0	5.120000e+02	4.096000e+04	3.879538e-01	2.518316e-02	2.316000e+00
1.0	6.400000e+02	4.096000e+04	3.878424e-01	2.357174e-02	2.316000e+00
1.0	7.580000e+02	4.096000e+04	3.801739e-01	1.743290e-02	2.316000e+00
1.0	8.760000e+02	4.096000e+04	3.767012e-01	1.894599e-02	2.316000e+00
1.0	1.024000e+03	4.096000e+04	3.878746e-01	2.452725e-02	2.316000e+00
1.0	1.280000e+03	4.096000e+04	3.876595e-01	2.352543e-02	2.316000e+00
1.0	1.536000e+03	4.096000e+04	3.732684e-01	1.817602e-02	2.316000e+00
1.0	1.280000e+02	4.096000e+04	4.338790e-01	1.836532e-02	2.320000e+00
1.0	2.560000e+02	4.096000e+04	4.338062e-01	2.115469e-02	2.320000e+00
1.0	3.840000e+02	4.096000e+04	4.348126e-01	2.421221e-02	2.320000e+00
1.0	5.120000e+02	4.096000e+04	4.338733e-01	2.558846e-02	2.320000e+00
1.0	6.400000e+02	4.096000e+04	4.338501e-01	2.328966e-02	2.320000e+00
1.0	7.580000e+02	4.096000e+04	4.371497e-01	2.698148e-02	2.320000e+00
1.0	8.760000e+02	4.096000e+04	4.343320e-01	1.691142e-02	2.320000e+00
1.0	1.024000e+03	4.096000e+04	4.339387e-01	1.711500e-02	2.320000e+00
1.0	1.280000e+03	4.096000e+04	4.339491e-01	1.569549e-02	2.320000e+00
1.0	1.536000e+03	4.096000e+04	4.369381e-01	2.254856e-02	2.320000e+00
1.0	1.280000e+02	4.096000e+04	3.731737e-01	1.834947e-02	2.324000e+00
1.0	2.560000e+02	4.096000e+04	3.733046e-01	2.083974e-02	2.324000e+00
1.0	3.840000e+02	4.096000e+04	3.728156e-01	2.115946e-02	2.324000e+00
1.0	5.120000e+02	4.096000e+04	3.731529e-01	2.435604e-02	2.324000e+00
1.0	6.400000e+02	4.096000e+04	3.730052e-01	2.374533e-02	2.324000e+00
1.0	7.580000e+02	4.096000e+04	3.734979e-01	2.119491e-02	2.324000e+00
1.0	8.760000e+02	4.096000e+04	3.704938e-01	2.583661e-02	2.324000e+00
1.0	1.024000e+03	4.096000e+04	3.731479e-01	2.336323e-02	2.324000e+00
1.0	1.280000e+03	4.096000e+04	3.731704e-01	2.428532e-02	2.324000e+00
1.0	1.536000e+03	4.096000e+04	3.761194e-01	3.112659e-02	2.324000e+00
1.0	1.280000e+02	4.096000e+04	4.121565e-01	1.712310e-02	2.328000e+00
1.0	2.560000e+02	4.096000e+04	4.123653e-01	2.023922e-02	2.328000e+00
1.0	3.840000e+02	4.096000e+04	4.121111e-01	2.252021e-02	2.328000e+00
1.0	5.120000e+02	4.096000e+04	4.121093e-01	2.354843e-02	2.328000e+00
1.0	6.400000e+02	4.096000e+04	4.123009e-01	1.696252e-02	2.328000e+00
1.0	7.580000e+02	4.096000e+04	4.147790e-01	1.700035e-02	2.328000e+00
1.0	8.760000e+02	4.096000e+04	4.165513e-01	2.239434e-02	2.328000e+00
1.0	1.024000e+03	4.096000e+04	4.122194e-01	1.912514e-02	2.328000e+00
1.0	1.280000e+03	4.096000e+04	4.121692e-01	1.959704e-02	2.328000e+00
1.0	1.536000e+03	4.096000e+04	4.165466e-01	2.308011e-02	2.328000e+00
1.0	1.280000e+02	4.096000e+04	3.630414e-01	1.772735e-02	2.332000e+00
1.0	2.560000e+02	4.096000e+04	3.631340e-01	2.010987e-02	2.332000e+00
1.0	3.840000e+02	4.096000e+04	3.647110e-01	2.300702e-02	2.332000e+00
1.0	5.120000e+02	4.096000e+04	3.629422e-01	2.169153e-02	2.332000e+00
1.0	6.400000e+02	4.096000e+04	3.629781e-01	2.226536e-02	2.332000e+00
1.0	7.580000e+02	4.096000e+04	3.680946e-01	1.987064e-02	2.332000e+00
1.0	8.760000e+02	4.096000e+04	3.712516e-01	1.882105e-02	2.332000e+00
1.0	1.024000e+03	4.096000e+04	3.628870e-01	2.732952e-02	2.332000e+00
1.0	1.280000e+03	4.096000e+04	3.630810e-01	2.430041e-02	2.332000e+00
1.0	1.536000e+03	4.096000e+04	3.778082e-01	1.166336e-02	2.332000e+00
1.0	1.280000e+02	4.096000e+04	3.198060e-01	1.760929e-02	2.336000e+00
1.0	2.560000e+02	4.096000e+04	3.198218e-01	2.159668e-02	2.336000e+00
1.0	3.840000e+02	4.096000e+04	3.167254e-01	2.097489e-02	2.336000e+00
1.0	5.120000e+02	4.096000e+04	3.196882e-01	2.454489e-02	2.336000e+00
1.0	6.400000e+02	4.096000e+04	3.197263e-01	2.356693e-02	2.336000e+00
1.0	7.580000e+02	4.096000e+04	3.163477e-01	2.222622e-02	2.336000e+00
1.0	8.760000e+02	4.096000e+04	3.155549e-01	2.671113e-02	2.336000e+00
1.0	1.024000e+03	4.096000e+04	3.198247e-01	2.189596e-02	2.336000e+00
1.0	1.280000e+03	4.096000e+04	3.197298e-01	2.219429e-02	2.336000e+00
1.0	1.536000e+03	4.096000e+04	3.072675e-01	2.300511e-02	2.336000e+00
1.0	1.280000e+02	4.096000e+04	3.580346e-01	1.770651e-02	2.340000e+00
1.0	2.560000e+02	4.096000e+04	3.580690e-01	2.157483e-02	2.340000e+00
1.0	3.840000e+02	4.096000e+04	3.549046e-01	2.520442e-02	2.340000e+00
1.0	5.120000e+02	4.096000e+04	3.580414e-01	2.246017e-02	2.340000e+00
1.0	6.400000e+02	4.096000e+04	3.580020e-01	2.633198e-02	2.340000e+00
1.0	7.580000e+02	4.096000e+04	3.517404e-01	2.412164e-02	2.340000e+00
1.0	8.760000e+02	4.096000e+04	3.525343e-01	2.587460e-02	2.340000e+00
1.0	1.024000e+03	4.096000e+04	3.581252e-01	2.121490e-02	2.340000e+00
1.0	1.280000e+03	4.096000e+04	3.580465e-01	2.625860e-02	2.340000e+00
1.0	1.536000e+03	4.096000e+04	3.581645e-01	3.263437e-02	2.340000e+00
1.0	1.280000e+02	4.096000e+04	3.633218e-01	1.629637e-02	2.344000e+00
1.0	2.560000e+02	4.096000e+04	3.632297e-01	1.745830e-02	2.344000e+00
1.0	3.840000e+02	4.096000e+04	3.645826e-01	2.077012e-02	2.344000e+00
1.0	5.120000e+02	4.096000e+04	3.633518e-01	1.819957e-02	2.344000e+00
1.0	6.400000e+02	4.096000e+04	3.633425e-01	1.630919e-02	2.344000e+00
1.0	7.580000e+02	4.096000e+04	3.659135e-01	2.085336e-02	2.344000e+00
1.0	8.760000e+02	4.096000e+04	3.645473e-01	1.981205e-02	2.344000e+00
1.0	1.024000e+03	4.096000e+04	3.633277e-01	1.916317e-02	2.344000e+00
1.0	1.280000e+03	4.096000e+04	3.633378e-01	2.007574e-02	2.344000e+00
1.0	1.536000e+03	4.096000e+04	3.688059e-01	2.040139e-02	2.344000e+00
1.0	1.280000e+02	4.096000e+04	3.058695e-01	1.602800e-02	2.348000e+00
1.0	2.560000e+02	4.096000e+04	3.060939e-01	1.775545e-02	2.348000e+00
1.0	3.840000e+02	4.096000e+04	3.046551e-01	1.715856e-02	2.348000e+00
1.0	5.120000e+02	4.096000e+04	3.059930e-01	2.012321e-02	2.348000e+00
1.0	6.400000e+02	4.096000e+04	3.059186e-01	1.687688e-02	2.348000e+00
1.0	7.580000e+02	4.096000e+04	3.047153e-01	1.558976e-02	2.348000e+00
1.0	8.760000e+02	4.096000e+04	3.033484e-01	1.537576e-02	2.348000e+00
1.0	1.024000e+03	4.096000e+04	3.061845e-01	1.909498e-02	2.348000e+00
1.0	1.280000e+03	4.096000e+04	3.060181e-01	1.404360e-02	2.348000e+00
1.0	1.536000e+03	4.096000e+04	3.044987e-01	1.337383e-02	2.348000e+00
1.0	1.280000e+02	4.096000e+04	3.076071e-01	1.507599e-02	2.352000e+00
1.0	2.560000e+02	4.096000e+04	3.075866e-01	1.733066e-02	2.352000e+00
1.0	3.840000e+02	4.096000e+04	3.079646e-01	2.008649e-02	2.352000e+00
1.0	5.120000e+02	4.096000e+04	3.076136e-01	2.060014e-02	2.352000e+00
1.0	6.400000e+02	4.096000e+04	3.077571e-01	2.029296e-02	2.352000e+00
1.0	7.580000e+02	4.096000e+04	3.091472e-01	2.139526e-02	2.352000e+00
1.0	8.760000e+02	4.096000e+04	3.092253e-01	1.932627e-02	2.352000e+00
1.0	1.024000e+03	4.096000e+04	3.077056e-01	2.187442e-02	2.352000e+00
1.0	1.280000e+03	4.096000e+04	3.076138e-01	2.091994e-02	2.352000e+00
1.0	1.536000e+03	4.096000e+04	3.166190e-01	1.991853e-02	2.352000e+00
1.0	1.280000e+02	4.096000e+04	3.015508e-01	1.305498e-02	2.356000e+00
1.0	2.560000e+02	4.096000e+04	3.015748e-01	1.401401e-02	2.356000e+00
1.0	3.840000e+02	4.096000e+04	2.978092e-01	1.291819e-02	2.356000e+00
1.0	5.120000e+02	4.096000e+04	3.015055e-01	1.472148e-02	2.356000e+00
1.0	6.400000e+02	4.096000e+04	3.014932e-01	1.519191e-02	2.356000e+00
1.0	7.580000e+02	4.096000e+04	2.988484e-01	1.646161e-02	2.356000e+00
1.0	8.760000e+02	4.096000e+04	3.009858e-01	1.342083e-02	2.356000e+00
1.0	1.024000e+03	4.096000e+04	3.014522e-01	1.248465e-02	2.356000e+00
1.0	1.280000e+03	4.096000e+04	3.015271e-01	1.869744e-02	2.356000e+00
1.0	1.536000e+03	4.096000e+04	3.047037e-01	1.224649e-02	2.356000e+00
1.0	1.280000e+02	4.096000e+04	2.852792e-01	1.432191e-02	2.360000e+00
1.0	2.560000e+02	4.096000e+04	2.851933e-01	1.504856e-02	2.360000e+00
1.0	3.840000e+02	4.096000e+04	2.839381e-01	1.700655e-02	2.360000e+00
1.0	5.120000e+02	4.096000e+04	2.851724e-01	1.283780e-02	2.360000e+00
1.0	6.400000e+02	4.096000e+04	2.853640e-01	1.745622e-02	2.360000e+00
1.0	7.580000e+02	4.096000e+04	2.829245e-01	1.758992e-02	2.360000e+00
1.0	8.760000e+02	4.096000e+04	2.803639e-01	1.664458e-02	2.360000e+00
1.0	1.024000e+03	4.096000e+04	2.852238e-01	1.583368e-02	2.360000e+00
1.0	1.280000e+03	4.096000e+04	2.851782e-01	2.082325e-02	2.360000e+00
1.0	1.536000e+03	4.096000e+04	2.742214e-01	1.002140e-02	2.360000e+00
1.0	1.280000e+02	4.096000e+04	3.066596e-01	1.422983e-02	2.364000e+00
1.0	2.560000e+02	4.096000e+04	3.066295e-01	1.430229e-02	2.364000e+00
1.0	3.840000e+02	4.096000e+04	3.026971e-01	1.390414e-02	2.364000e+00
1.0	5.120000e+02	4.096000e+04	3.067759e-01	1.161411e-02	2.364000e+00
1.0	6.400000e+02	4.096000e+04	3.068883e-01	1.193358e-02	2.364000e+00
1.0	7.580000e+02	4.096000e+04	3.027521e-01	1.173760e-02	2.364000e+00
1.0	8.760000e+02	4.096000e+04	3.047680e-01	1.177815e-02	2.364000e+00
1.0	1.024000e+03	4.096000e+04	3.067716e-01	7.182804e-03	2.364000e+00
1.0	1.280000e+03	4.096000e+04	3.066682e-01	8.804808e-03	2.364000e+00
1.0	1.536000e+03	4.096000e+04	3.073653e-01	1.099418e-02	2.364000e+00
1.0	1.280000e+02	4.096000e+04	2.508850e-01	1.118430e-02	2.368000e+00
1.0	2.560000e+02	4.096000e+04	2.509093e-01	1.118961e-02	2.368000e+00
1.0	3.840000e+02	4.096000e+04	2.492000e-01	1.240964e-02	2.368000e+00
1.0	5.120000e+02	4.096000e+04	2.509439e-01	1.202365e-02	2.368000e+00
1.0	6.400000e+02	4.096000e+04	2.508846e-01	1.228147e-02	2.368000e+00
1.0	7.580000e+02	4.096000e+04	2.481715e-01	1.342063e-02	2.368000e+00
1.0	8.760000e+02	4.096000e+04	2.485719e-01	1.261467e-02	2.368000e+00
1.0	1.024000e+03	4.096000e+04	2.509354e-01	1.230894e-02	2.368000e+00
1.0	1.280000e+03	4.096000e+04	2.509697e-01	8.647645e-03	2.368000e+00
1.0	1.536000e+03	4.096000e+04	2.485125e-01	1.413822e-02	2.368000e+00
1.0	1.280000e+02	4.096000e+04	2.432484e-01	1.275312e-02	2.372000e+00
1.0	2.560000e+02	4.096000e+04	2.432819e-01	1.401686e-02	2.372000e+00
1.0	3.840000e+02	4.096000e+04	2.416686e-01	1.418409e-02	2.372000e+00
1.0	5.120000e+02	4.096000e+04	2.432564e-01	1.396778e-02	2.372000e+00
1.0	6.400000e+02	4.096000e+04	2.430343e-01	1.255780e-02	2.372000e+00
1.0	7.580000e+02	4.096000e+04	2.410530e-01	1.435107e-02	2.372000e+00
1.0	8.760000e+02	4.096000e+04	2.435442e-01	1.513313e-02	2.372000e+00
1.0	1.024000e+03	4.096000e+04	2.431633e-01	1.532931e-02	2.372000e+00
1.0	1.280000e+03	4.096000e+04	2.432081e-01	1.313175e-02	2.372000e+00
1.0	1.536000e+03	4.096000e+04	2.473391e-01	1.381046e-02	2.372000e+00
1.0	1.280000e+02	4.096000e+04	2.676434e-01	1.346860e-02	2.376000e+00
1.0	2.560000e+02	4.096000e+04	2.674586e-01	1.606218e-02	2.376000e+00
1.0	3.840000e+02	4.096000e+04	2.706769e-01	1.576820e-02	2.376000e+00
1.0	5.120000e+02	4.096000e+04	2.677053e-01	1.415379e-02	2.376000e+00
1.0	6.400000e+02	4.096000e+04	2.676427e-01	1.626093e-02	2.376000e+00
1.0	7.580000e+02	4.096000e+04	2.721257e-01	1.353528e-02	2.376000e+00
1.0	8.760000e+02	4.096000e+04	2.706123e-01	1.551862e-02	2.376000e+00
1.0	1.024000e+03	4.096000e+04	2.677460e-01	1.344419e-02	2.376000e+00
1.0	1.280000e+03	4.096000e+04	2.676092e-01	1.688444e-02	2.376000e+00
1.0	1.536000e+03	4.096000e+04	2.697255e-01	1.607358e-02	2.376000e+00
1.0	1.280000e+02	4.096000e+04	2.333765e-01	1.231738e-02	2.380000e+00
1.0	2.560000e+02	4.096000e+04	2.333344e-01	1.474218e-02	2.380000e+00
1.0	3.840000e+02	4.096000e+04	2.306164e-01	1.547536e-02	2.380000e+00
1.0	5.120000e+02	4.096000e+04	2.330849e-01	1.754099e-02	2.380000e+00
1.0	6.400000e+02	4.096000e+04	2.332023e-01	1.667955e-02	2.380000e+00
1.0	7.580000e+02	4.096000e+04	2.297435e-01	1.692683e-02	2.380000e+00
1.0	8.760000e+02	4.096000e+04	2.315467e-01	1.732794e-02	2.380000e+00
1.0	1.024000e+03	4.096000e+04	2.334134e-01	1.573939e-02	2.380000e+00
1.0	1.280000e+03	4.096000e+04	2.332648e-01	1.522572e-02	2.380000e+00
1.0	1.536000e+03	4.096000e+04	2.342946e-01	2.079991e-02	2.380000e+00
1.0	1.280000e+02	4.096000e+04	2.357823e-01	1.185710e-02	2.384000e+00
1.0	2.560000e+02	4.096000e+04	2.359137e-01	1.464400e-02	2.384000e+00
1.0	3.840000e+02	4.096000e+04	2.366917e-01	1.423893e-02	2.384000e+00
1.0	5.120000e+02	4.096000e+04	2.359302e-01	1.347948e-02	2.384000e+00
1.0	6.400000e+02	4.096000e+04	2.359217e-01	1.420195e-02	2.384000e+00
1.0	7.580000e+02	4.096000e+04	2.339296e-01	1.433680e-02	2.384000e+00
1.0	8.760000e+02	4.096000e+04	2.334248e-01	1.443117e-02	2.384000e+00
1.0	1.024000e+03	4.096000e+04	2.360007e-01	1.218036e-02	2.384000e+00
1.0	1.280000e+03	4.096000e+04	2.359508e-01	1.306796e-02	2.384000e+00
1.0	1.536000e+03	4.096000e+04	2.379452e-01	1.392886e-02	2.384000e+00
1.0	1.280000e+02	4.096000e+04	2.403687e-01	1.090023e-02	2.388000e+00
1.0	2.560000e+02	4.096000e+04	2.402722e-01	1.212240e-02	2.388000e+00
1.0	3.840000e+02	4.096000e+04	2.416460e-01	1.379339e-02	2.388000e+00
1.0	5.120000e+02	4.096000e+04	2.402876e-01	1.121845e-02	2.388000e+00
1.0	6.400000e+02	4.096000e+04	2.402907e-01	1.172023e-02	2.388000e+00
1.0	7.580000e+02	4.096000e+04	2.413050e-01	1.039257e-02	2.388000e+00
1.0	8.760000e+02	4.096000e+04	2.445411e-01	1.075402e-02	2.388000e+00
1.0	1.024000e+03	4.096000e+04	2.403447e-01	1.030333e-02	2.388000e+00
1.0	1.280000e+03	4.096000e+04	2.403815e-01	8.467011e-03	2.388000e+00
1.0	1.536000e+03	4.096000e+04	2.461393e-01	1.410286e-02	2.388000e+00
1.0	1.280000e+02	4.096000e+04	2.377682e-01	1.032221e-02	2.392000e+00
1.0	2.560000e+02	4.096000e+04	2.377898e-01	1.066071e-02	2.392000e+00
1.0	3.840000e+02	4.096000e+04	2.366398e-01	1.340607e-02	2.392000e+00
1.0	5.120000e+02	4.096000e+04	2.377474e-01	9.527350e-03	2.392000e+00
1.0	6.400000e+02	4.096000e+04	2.377746e-01	1.094124e-02	2.392000e+00
1.0	7.580000e+02	4.096000e+04	2.383790e-01	1.066347e-02	2.392000e+00
1.0	8.760000e+02	4.096000e+04	2.382542e-01	1.040116e-02	2.392000e+00
1.0	1.024000e+03	4.096000e+04	2.377174e-01	1.146049e-02	2.392000e+00
1.0	1.280000e+03	4.096000e+04	2.377429e-01	1.381618e-02	2.392000e+00
1.0	1.536000e+03	4.096000e+04	2.398130e-01	1.449740e-02	2.392000e+00
1.0	1.280000e+02	4.096000e+04	2.109509e-01	1.004308e-02	2.396000e+00
1.0	2.560000e+02	4.096000e+04	2.109536e-01	1.062063e-02	2.396000e+00
1.0	3.840000e+02	4.096000e+04	2.104963e-01	1.061105e-02	2.396000e+00
1.0	5.120000e+02	4.096000e+04	2.109926e-01	9.351500e-03	2.396000e+00
1.0	6.400000e+02	4.096000e+04	2.110354e-01	9.053849e-03	2.396000e+00
1.0	7.580000e+02	4.096000e+04	2.115740e-01	1.178351e-02	2.396000e+00
1.0	8.760000e+02	4.096000e+04	2.122163e-01	1.211219e-02	2.396000e+00
1.0	1.024000e+03	4.096000e+04	2.110077e-01	1.122128e-02	2.396000e+00
1.0	1.280000e+03	4.096000e+04	2.109800e-01	9.956238e-03	2.396000e+00
1.0	1.536000e+03	4.096000e+04	2.128542e-01	1.417136e-02	2.396000e+00
1.0	1.280000e+02	4.096000e+04	2.064717e-01	8.471217e-03	2.400000e+00
1.0	2.560000e+02	4.096000e+04	2.066278e-01	8.957200e-03	2.400000e+00
1.0	3.840000e+02	4.096000e+04	2.060134e-01	8.353862e-03	2.400000e+00
1.0	5.120000e+02	4.096000e+04	2.065313e-01	7.709755e-03	2.400000e+00
1.0	6.400000e+02	4.096000e+04	2.064846e-01	8.007760e-03	2.400000e+00
1.0	7.580000e+02	4.096000e+04	2.066075e-01	7.653446e-03	2.400000e+00
1.0	8.760000e+02	4.096000e+04	2.079763e-01	9.776498e-03	2.400000e+00
1.0	1.024000e+03	4.096000e+04	2.065155e-01	8.267507e-03	2.400000e+00
1.0	1.280000e+03	4.096000e+04	2.064916e-01	6.646000e-03	2.400000e+00
1.0	1.536000e+03	4.096000e+04	2.060885e-01	6.665823e-03	2.400000e+00
1.0	1.280000e+02	4.096000e+04	1.919449e-01	9.465407e-03	2.416000e+00
1.0	2.560000e+02	4.096000e+04	1.919923e-01	1.020929e-02	2.416000e+00
1.0	3.840000e+02	4.096000e+04	1.917416e-01	9.358928e-03	2.416000e+00
1.0	5.120000e+02	4.096000e+04	1.920275e-01	9.353709e-03	2.416000e+00
1.0	6.400000e+02	4.096000e+04	1.920141e-01	9.522948e-03	2.416000e+00
1.0	7.580000e+02	4.096000e+04	1.901012e-01	9.657265e-03	2.416000e+00
1.0	8.760000e+02	4.096000e+04	1.889123e-01	1.066225e-02	2.416000e+00
1.0	1.024000e+03	4.096000e+04	1.919300e-01	1.011522e-02	2.416000e+00
1.0	1.280000e+03	4.096000e+04	1.920098e-01	7.625064e-03	2.416000e+00
1.0	1.536000e+03	4.096000e+04	1.874591e-01	9.360712e-03	2.416000e+00
1.0	1.280000e+02	4.096000e+04	1.813378e-01	7.064271e-03	2.432000e+00
1.0	2.560000e+02	4.096000e+04	1.814348e-01	7.004092e-03	2.432000e+00
1.0	3.840000e+02	4.096000e+04	1.806670e-01	7.527355e-03	2.432000e+00
1.0	5.120000e+02	4.096000e+04	1.813453e-01	6.989993e-03	2.432000e+00
1.0	6.400000e+02	4.096000e+04	1.813246e-01	6.170826e-03	2.432000e+00
1.0	7.580000e+02	4.096000e+04	1.809986e-01	7.158634e-03	2.432000e+00
1.0	8.760000e+02	4.096000e+04	1.811660e-01	7.314152e-03	2.432000e+00
1.0	1.024000e+03	4.096000e+04	1.813731e-01	5.400070e-03	2.432000e+00
1.0	1.280000e+03	4.096000e+04	1.813499e-01	3.877127e-03	2.432000e+00
1.0	1.536000e+03	4.096000e+04	1.808417e-01	6.226682e-03	2.432000e+00
1.0	1.280000e+02	4.096000e+04	1.673422e-01	6.594219e-03	2.448000e+00
1.0	2.560000e+02	4.096000e+04	1.671951e-01	7.199831e-03	2.448000e+00
1.0	3.840000e+02	4.096000e+04	1.675250e-01	6.711331e-03	2.448000e+00
1.0	5.120000e+02	4.096000e+04	1.672547e-01	7.064636e-03	2.448000e+00
1.0	6.400000e+02	4.096000e+04	1.672453e-01	6.928365e-03	2.448000e+00
1.0	7.580000e+02	4.096000e+04	1.680002e-01	5.933550e-03	2.448000e+00
1.0	8.760000e+02	4.096000e+04	1.681799e-01	6.296104e-03	2.448000e+00
1.0	1.024000e+03	4.096000e+04	1.673236e-01	6.553565e-03	2.448000e+00
1.0	1.280000e+03	4.096000e+04	1.672140e-01	7.799437e-03	2.448000e+00
1.0	1.536000e+03	4.096000e+04	1.703287e-01	6.133324e-03	2.448000e+00
1.0	1.280000e+02	4.096000e+04	1.464593e-01	5.305552e-03	2.464000e+00
1.0	2.560000e+02	4.096000e+04	1.464601e-01	5.435933e-03	2.464000e+00
1.0	3.840000e+02	4.096000e+04	1.476819e-01	5.838957e-03	2.464000e+00
1.0	5.120000e+02	4.096000e+04	1.464594e-01	5.250717e-03	2.464000e+00
1.0	6.400000e+02	4.096000e+04	1.464526e-01	5.582223e-03	2.464000e+00
1.0	7.580000e+02	4.096000e+04	1.468449e-01	5.891908e-03	2.464000e+00
1.0	8.760000e+02	4.096000e+04	1.466533e-01	7.141085e-03	2.464000e+00
1.0	1.024000e+03	4.096000e+04	1.464388e-01	5.138930e-03	2.464000e+00
1.0	1.280000e+03	4.096000e+04	1.464927e-01	5.183191e-03	2.464000e+00
1.0	1.536000e+03	4.096000e+04	1.488265e-01	4.215166e-03	2.464000e+00
1.0	1.280000e+02	4.096000e+04	1.536572e-01	4.619300e-03	2.480000e+00
1.0	2.560000e+02	4.096000e+04	1.536535e-01	4.477140e-03	2.480000e+00
1.0	3.840000e+02	4.096000e+04	1.534502e-01	4.358250e-03	2.480000e+00
1.0	5.120000e+02	4.096000e+04	1.536381e-01	4.138408e-03	2.480000e+00
1.0	6.400000e+02	4.096000e+04	1.536660e-01	3.953086e-03	2.480000e+00
1.0	7.580000e+02	4.096000e+04	1.535740e-01	5.009271e-03	2.480000e+00
1.0	8.760000e+02	4.096000e+04	1.535990e-01	3.993846e-03	2.480000e+00
1.0	1.024000e+03	4.096000e+04	1.536342e-01	3.039262e-03	2.480000e+00
1.0	1.280000e+03	4.096000e+04	1.536471e-01	3.934349e-03	2.480000e+00
1.0	1.536000e+03	4.096000e+04	1.538272e-01	3.653968e-03	2.480000e+00
1.0	1.280000e+02	4.096000e+04	1.387711e-01	4.381065e-03	2.496000e+00
1.0	2.560000e+02	4.096000e+04	1.388017e-01	4.179528e-03	2.496000e+00
1.0	3.840000e+02	4.096000e+04	1.376058e-01	4.946522e-03	2.496000e+00
1.0	5.120000e+02	4.096000e+04	1.388040e-01	4.422646e-03	2.496000e+00
1.0	6.400000e+02	4.096000e+04	1.388236e-01	5.105156e-03	2.496000e+00
1.0	7.580000e+02	4.096000e+04	1.379549e-01	5.257441e-03	2.496000e+00
1.0	8.760000e+02	4.096000e+04	1.379062e-01	4.942737e-03	2.496000e+00
1.0	1.024000e+03	4.096000e+04	1.387985e-01	4.328358e-03	2.496000e+00
1.0	1.280000e+03	4.096000e+04	1.388054e-01	3.897129e-03	2.496000e+00
1.0	1.536000e+03	4.096000e+04	1.383220e-01	3.940216e-03	2.496000e+00
1.0	1.280000e+02	4.096000e+04	1.197467e-01	3.927520e-03	2.512000e+00
1.0	2.560000e+02	4.096000e+04	1.197183e-01	4.304594e-03	2.512000e+00
1.0	3.840000e+02	4.096000e+04	1.195034e-01	4.798342e-03	2.512000e+00
1.0	5.120000e+02	4.096000e+04	1.197817e-01	5.029931e-03	2.512000e+00
1.0	6.400000e+02	4.096000e+04	1.197279e-01	3.883475e-03	2.512000e+00
1.0	7.580000e+02	4.096000e+04	1.195700e-01	5.477744e-03	2.512000e+00
1.0	8.760000e+02	4.096000e+04	1.199216e-01	4.947038e-03	2.512000e+00
1.0	1.024000e+03	4.096000e+04	1.197842e-01	4.492985e-03	2.512000e+00
1.0	1.280000e+03	4.096000e+04	1.197334e-01	4.285930e-03	2.512000e+00
1.0	1.536000e+03	4.096000e+04	1.169577e-01	4.634939e-03	2.512000e+00
1.0	1.280000e+02	4.096000e+04	1.199671e-01	3.673326e-03	2.528000e+00
1.0	2.560000e+02	4.096000e+04	1.199454e-01	3.616095e-03	2.528000e+00
1.0	3.840000e+02	4.096000e+04	1.209012e-01	3.834804e-03	2.528000e+00
1.0	5.120000e+02	4.096000e+04	1.199781e-01	4.032837e-03	2.528000e+00
1.0	6.400000e+02	4.096000e+04	1.199504e-01	3.220061e-03	2.528000e+00
1.0	7.580000e+02	4.096000e+04	1.202378e-01	4.019238e-03	2.528000e+00
1.0	8.760000e+02	4.096000e+04	1.201136e-01	4.846867e-03	2.528000e+00
1.0	1.024000e+03	4.096000e+04	1.199793e-01	3.803976e-03	2.528000e+00
1.0	1.280000e+03	4.096000e+04	1.199785e-01	4.246376e-03	2.528000e+00
1.0	1.536000e+03	4.096000e+04	1.211359e-01	4.469740e-03	2.528000e+00
1.0	1.280000e+02	4.096000e+04	1.213762e-01	3.661842e-03	2.544000e+00
1.0	2.560000e+02	4.096000e+04	1.214078e-01	3.868102e-03	2.544000e+00
1.0	3.840000e+02	4.096000e+04	1.203716e-01	4.089439e-03	2.544000e+00
1.0	5.120000e+02	4.096000e+04	1.213992e-01	4.046616e-03	2.544000e+00
1.0	6.400000e+02	4.096000e+04	1.214234e-01	3.709545e-03	2.544000e+00
1.0	7.580000e+02	4.096000e+04	1.205319e-01	4.180562e-03	2.544000e+00
1.0	8.760000e+02	4.096000e+04	1.206524e-01	3.681884e-03	2.544000e+00
1.0	1.024000e+03	4.096000e+04	1.213925e-01	4.699358e-03	2.544000e+00
1.0	1.280000e+03	4.096000e+04	1.214262e-01	4.009549e-03	2.544000e+00
1.0	1.536000e+03	4.096000e+04	1.203244e-01	4.521658e-03	2.544000e+00
1.0	1.280000e+02	4.096000e+04	1.096430e-01	2.931055e-03	2.560000e+00
1.0	2.560000e+02	4.096000e+04	1.096487e-01	2.647768e-03	2.560000e+00
1.0	3.840000e+02	4.096000e+04	1.097561e-01	2.994424e-03	2.560000e+00
1.0	5.120000e+02	4.096000e+04	1.096086e-01	3.043455e-03	2.560000e+00
1.0	6.400000e+02	4.096000e+04	1.096161e-01	3.570687e-03	2.560000e+00
1.0	7.580000e+02	4.096000e+04	1.100419e-01	3.878807e-03	2.560000e+00
1.0	8.760000e+02	4.096000e+04	1.097241e-01	2.766931e-03	2.560000e+00
1.0	1.024000e+03	4.096000e+04	1.096188e-01	2.928571e-03	2.560000e+00
1.0	1.280000e+03	4.096000e+04	1.096148e-01	3.094133e-03	2.560000e+00
1.0	1.536000e+03	4.096000e+04	1.093264e-01	2.491720e-03	2.560000e+00
1.0	1.280000e+02	4.096000e+04	1.030263e-01	2.418704e-03	2.576000e+00
1.0	2.560000e+02	4.096000e+04	1.029866e-01	2.671474e-03	2.576000e+00
1.0	3.840000e+02	4.096000e+04	1.031786e-01	2.680563e-03	2.576000e+00
1.0	5.120000e+02	4.096000e+04	1.029982e-01	2.962312e-03	2.576000e+00
1.0	6.400000e+02	4.096000e+04	1.030107e-01	3.182828e-03	2.576000e+00
1.0	7.580000e+02	4.096000e+04	1.033730e-01	3.055245e-03	2.576000e+00
1.0	8.760000e+02	4.096000e+04	1.032799e-01	2.564519e-03	2.576000e+00
1.0	1.024000e+03	4.096000e+04	1.030069e-01	2.764827e-03	2.576000e+00
1.0	1.280000e+03	4.096000e+04	1.029823e-01	3.018474e-03	2.576000e+00
1.0	1.536000e+03	4.096000e+04	1.029381e-01	1.656263e-03	2.576000e+00
1.0	1.280000e+02	4.096000e+04	1.057593e-01	2.266395e-03	2.592000e+00
1.0	2.560000e+02	4.096000e+04	1.057411e-01	2.518696e-03	2.592000e+00
1.0	3.840000e+02	4.096000e+04	1.058763e-01	2.633401e-03	2.592000e+00
1.0	5.120000e+02	4.096000e+04	1.057515e-01	2.948855e-03	2.592000e+00
1.0	6.400000e+02	4.096000e+04	1.057710e-01	2.249655e-03	2.592000e+00
1.0	7.580000e+02	4.096000e+04	1.061394e-01	2.880069e-03	2.592000e+00
1.0	8.760000e+02	4.096000e+04	1.062483e-01	3.373223e-03	2.592000e+00
1.0	1.024000e+03	4.096000e+04	1.057636e-01	2.716726e-03	2.592000e+00
1.0	1.280000e+03	4.096000e+04	1.057574e-01	2.759953e-03	2.592000e+00
1.0	1.536000e+03	4.096000e+04	1.048973e-01	3.665370e-03	2.592000e+00
1.0	1.280000e+02	4.096000e+04	9.924016e-02	2.397572e-03	2.608000e+00
1.0	2.560000e+02	4.096000e+04	9.924442e-02	2.385848e-03	2.608000e+00
1.0	3.840000e+02	4.096000e+04	9.927272e-02	2.219048e-03	2.608000e+00
1.0	5.120000e+02	4.096000e+04	9.925402e-02	2.179677e-03	2.608000e+00
1.0	6.400000e+02	4.096000e+04	9.924834e-02	1.730408e-03	2.608000e+00
1.0	7.580000e+02	4.096000e+04	9.924607e-02	1.682189e-03	2.608000e+00
1.0	8.760000e+02	4.096000e+04	9.966006e-02	1.887454e-03	2.608000e+00
1.0	1.024000e+03	4.096000e+04	9.924356e-02	2.272645e-03	2.608000e+00
1.0	1.280000e+03	4.096000e+04	9.925912e-02	1.275337e-03	2.608000e+00
1.0	1.536000e+03	4.096000e+04	1.000826e-01	1.841910e-03	2.608000e+00
1.0	1.280000e+02	4.096000e+04	9.395852e-02	2.330395e-03	2.624000e+00
1.0	2.560000e+02	4.096000e+04	9.396351e-02	2.326004e-03	2.624000e+00
1.0	3.840000e+02	4.096000e+04	9.409096e-02	2.524836e-03	2.624000e+00
1.0	5.120000e+02	4.096000e+04	9.396706e-02	2.030889e-03	2.624000e+00
1.0	6.400000e+02	4.096000e+04	9.397097e-02	1.579622e-03	2.624000e+00
1.0	7.580000e+02	4.096000e+04	9.405443e-02	1.842115e-03	2.624000e+00
1.0	8.760000e+02	4.096000e+04	9.417640e-02	1.423493e-03	2.624000e+00
1.0	1.024000e+03	4.096000e+04	9.395684e-02	2.026350e-03	2.624000e+00
1.0	1.280000e+03	4.096000e+04	9.395906e-02	1.541288e-03	2.624000e+00
1.0	1.536000e+03	4.096000e+04	9.399609e-02	1.419025e-03	2.624000e+00
1.0	1.280000e+02	4.096000e+04	9.383805e-02	2.135871e-03	2.640000e+00
1.0	2.560000e+02	4.096000e+04	9.382460e-02	2.099830e-03	2.640000e+00
1.0	3.840000e+02	4.096000e+04	9.379187e-02	2.206248e-03	2.640000e+00
1.0	5.120000e+02	4.096000e+04	9.385059e-02	2.224676e-03	2.640000e+00
1.0	6.400000e+02	4.096000e+04	9.384056e-02	1.773768e-03	2.640000e+00
1.0	7.580000e+02	4.096000e+04	9.382854e-02	1.616770e-03	2.640000e+00
1.0	8.760000e+02	4.096000e+04	9.428934e-02	2.276883e-03	2.640000e+00
1.0	1.024000e+03	4.096000e+04	9.384234e-02	1.666072e-03	2.640000e+00
1.0	1.280000e+03	4.096000e+04	9.382714e-02	2.024683e-03	2.640000e+00
1.0	1.536000e+03	4.096000e+04	9.430098e-02	1.778607e-03	2.640000e+00
1.0	1.280000e+02	4.096000e+04	8.794413e-02	1.725752e-03	2.656000e+00
1.0	2.560000e+02	4.096000e+04	8.794849e-02	1.910842e-03	2.656000e+00
1.0	3.840000e+02	4.096000e+04	8.772888e-02	2.022979e-03	2.656000e+00
1.0	5.120000e+02	4.096000e+04	8.794348e-02	1.715142e-03	2.656000e+00
1.0	6.400000e+02	4.096000e+04	8.793550e-02	2.194928e-03	2.656000e+00
1.0	7.580000e+02	4.096000e+04	8.779512e-02	1.985812e-03	2.656000e+00
1.0	8.760000e+02	4.096000e+04	8.798246e-02	2.082377e-03	2.656000e+00
1.0	1.024000e+03	4.096000e+04	8.795533e-02	1.753313e-03	2.656000e+00
1.0	1.280000e+03	4.096000e+04	8.795799e-02	1.390377e-03	2.656000e+00
1.0	1.536000e+03	4.096000e+04	8.744626e-02	1.643781e-03	2.656000e+00
1.0	1.280000e+02	4.096000e+04	8.365485e-02	2.044758e-03	2.672000e+00
1.0	2.560000e+02	4.096000e+04	8.363709e-02	2.011214e-03	2.672000e+00
1.0	3.840000e+02	4.096000e+04	8.376556e-02	1.829698e-03	2.672000e+00
1.0	5.120000e+02	4.096000e+04	8.363797e-02	2.067577e-03	2.672000e+00
1.0	6.400000e+02	4.096000e+04	8.362993e-02	2.491337e-03	2.672000e+00
1.0	7.580000e+02	4.096000e+04	8.383356e-02	2.168275e-03	2.672000e+00
1.0	8.760000e+02	4.096000e+04	8.335838e-02	2.105856e-03	2.672000e+00
1.0	1.024000e+03	4.096000e+04	8.363650e-02	2.154532e-03	2.672000e+00
1.0	1.280000e+03	4.096000e+04	8.364312e-02	1.269344e-03	2.672000e+00
1.0	1.536000e+03	4.096000e+04	8.382321e-02	2.288874e-03	2.672000e+00
1.0	1.280000e+02	4.096000e+04	8.269471e-02	2.074056e-03	2.688000e+00
1.0	2.560000e+02	4.096000e+04	8.269606e-02	2.220246e-03	2.688000e+00
1.0	3.840000e+02	4.096000e+04	8.231624e-02	2.210540e-03	2.688000e+00
1.0	5.120000e+02	4.096000e+04	8.270912e-02	1.930424e-03	2.688000e+00
1.0	6.400000e+02	4.096000e+04	8.271176e-02	1.880185e-03	2.688000e+00
1.0	7.580000e+02	4.096000e+04	8.234599e-02	1.433156e-03	2.688000e+00
1.0	8.760000e+02	4.096000e+04	8.282558e-02	2.095659e-03	2.688000e+00
1.0	1.024000e+03	4.096000e+04	8.272423e-02	2.158790e-03	2.688000e+00
1.0	1.280000e+03	4.096000e+04	8.269664e-02	1.872037e-03	2.688000e+00
1.0	1.536000e+03	4.096000e+04	8.259338e-02	1.631493e-03	2.688000e+00
1.0	1.280000e+02	4.096000e+04	8.119583e-02	1.773271e-03	2.704000e+00
1.0	2.560000e+02	4.096000e+04	8.122596e-02	2.026007e-03	2.704000e+00
1.0	3.840000e+02	4.096000e+04	8.072794e-02	1.809891e-03	2.704000e+00
1.0	5.120000e+02	4.096000e+04	8.120182e-02	2.102614e-03	2.704000e+00
1.0	6.400000e+02	4.096000e+04	8.122168e-02	1.921477e-03	2.704000e+00
1.0	7.580000e+02	4.096000e+04	8.040033e-02	1.660983e-03	2.704000e+00
1.0	8.760000e+02	4.096000e+04	8.018514e-02	1.963711e-03	2.704000e+00
1.0	1.024000e+03	4.096000e+04	8.120970e-02	1.671427e-03	2.704000e+00
1.0	1.280000e+03	4.096000e+04	8.121680e-02	1.842127e-03	2.704000e+00
1.0	1.536000e+03	4.096000e+04	8.032021e-02	1.993753e-03	2.704000e+00
1.0	1.280000e+02	4.096000e+04	8.048861e-02	1.429971e-03	2.720000e+00
1.0	2.560000e+02	4.096000e+04	8.047780e-02	1.396058e-03	2.720000e+00
1.0	3.840000e+02	4.096000e+04	8.069795e-02	1.434537e-03	2.720000e+00
1.0	5.120000e+02	4.096000e+04	8.048737e-02	1.220182e-03	2.720000e+00
1.0	6.400000e+02	4.096000e+04	8.048985e-02	1.471603e-03	2.720000e+00
1.0	7.580000e+02	4.096000e+04	8.075506e-02	1.355952e-03	2.720000e+00
1.0	8.760000e+02	4.096000e+04	8.081534e-02	1.494031e-03	2.720000e+00
1.0	1.024000e+03	4.096000e+04	8.047398e-02	1.422901e-03	2.720000e+00
1.0	1.280000e+03	4.096000e+04	8.048410e-02	1.583997e-03	2.720000e+00
1.0	1.536000e+03	4.096000e+04	8.054851e-02	1.467857e-03	2.720000e+00
1.0	1.280000e+02	4.096000e+04	7.734149e-02	1.390294e-03	2.736000e+00
1.0	2.560000e+02	4.096000e+04	7.732798e-02	1.291915e-03	2.736000e+00
1.0	3.840000e+02	4.096000e+04	7.740748e-02	1.617976e-03	2.736000e+00
1.0	5.120000e+02	4.096000e+04	7.732205e-02	1.593442e-03	2.736000e+00
1.0	6.400000e+02	4.096000e+04	7.733132e-02	1.296485e-03	2.736000e+00
1.0	7.580000e+02	4.096000e+04	7.729404e-02	1.737593e-03	2.736000e+00
1.0	8.760000e+02	4.096000e+04	7.737232e-02	1.456783e-03	2.736000e+00
1.0	1.024000e+03	4.096000e+04	7.732988e-02	1.662099e-03	2.736000e+00
1.0	1.280000e+03	4.096000e+04	7.732358e-02	1.520492e-03	2.736000e+00
1.0	1.536000e+03	4.096000e+04	7.790721e-02	2.082263e-03	2.736000e+00
1.0	1.280000e+02	4.096000e+04	7.411759e-02	1.290672e-03	2.752000e+00
1.0	2.560000e+02	4.096000e+04	7.411849e-02	1.190007e-03	2.752000e+00
1.0	3.840000e+02	4.096000e+04	7.418379e-02	1.313789e-03	2.752000e+00
1.0	5.120000e+02	4.096000e+04	7.412283e-02	1.196526e-03	2.752000e+00
1.0	6.400000e+02	4.096000e+04	7.411094e-02	1.372400e-03	2.752000e+00
1.0	7.580000e+02	4.096000e+04	7.429719e-02	1.414610e-03	2.752000e+00
1.0	8.760000e+02	4.096000e+04	7.402264e-02	8.543080e-04	2.752000e+00
1.0	1.024000e+03	4.096000e+04	7.413028e-02	1.291726e-03	2.752000e+00
1.0	1.280000e+03	4.096000e+04	7.412840e-02	1.135687e-03	2.752000e+00
1.0	1.536000e+03	4.096000e+04	7.392389e-02	1.484551e-03	2.752000e+00
1.0	1.280000e+02	4.096000e+04	7.028748e-02	1.213838e-03	2.792000e+00
1.0	2.560000e+02	4.096000e+04	7.028599e-02	1.126910e-03	2.792000e+00
1.0	3.840000e+02	4.096000e+04	7.050801e-02	1.258971e-03	2.792000e+00
1.0	5.120000e+02	4.096000e+04	7.028824e-02	1.144980e-03	2.792000e+00
1.0	6.400000e+02	4.096000e+04	7.027910e-02	7.840427e-04	2.792000e+00
1.0	7.580000e+02	4.096000e+04	7.042744e-02	7.027445e-04	2.792000e+00
1.0	8.760000e+02	4.096000e+04	7.053705e-02	8.206752e-04	2.792000e+00
1.0	1.024000e+03	4.096000e+04	7.028190e-02	6.293140e-04	2.792000e+00
1.0	1.280000e+03	4.096000e+04	7.027752e-02	5.843467e-04	2.792000e+00
1.0	1.536000e+03	4.096000e+04	7.061931e-02	8.720185e-04	2.792000e+00
1.0	1.280000e+02	4.096000e+04	6.428214e-02	1.098673e-03	2.856000e+00
1.0	2.560000e+02	4.096000e+04	6.427023e-02	1.148159e-03	2.856000e+00
1.0	3.840000e+02	4.096000e+04	6.433398e-02	1.116932e-03	2.856000e+00
1.0	5.120000e+02	4.096000e+04	6.427580e-02	1.258948e-03	2.856000e+00
1.0	6.400000e+02	4.096000e+04	6.427097e-02	1.153650e-03	2.856000e+00
1.0	7.580000e+02	4.096000e+04	6.431088e-02	1.271090e-03	2.856000e+00
1.0	8.760000e+02	4.096000e+04	6.461871e-02	8.012465e-04	2.856000e+00
1.0	1.024000e+03	4.096000e+04	6.428311e-02	1.290357e-03	2.856000e+00
1.0	1.280000e+03	4.096000e+04	6.427367e-02	8.883699e-04	2.856000e+00
1.0	1.536000e+03	4.096000e+04	6.499714e-02	1.040110e-03	2.856000e+00
1.0	1.280000e+02	4.096000e+04	6.230009e-02	9.210199e-04	2.920000e+00
1.0	2.560000e+02	4.096000e+04	6.229252e-02	9.690743e-04	2.920000e+00
1.0	3.840000e+02	4.096000e+04	6.221927e-02	7.331698e-04	2.920000e+00
1.0	5.120000e+02	4.096000e+04	6.229784e-02	7.288189e-04	2.920000e+00
1.0	6.400000e+02	4.096000e+04	6.229528e-02	8.677090e-04	2.920000e+00
1.0	7.580000e+02	4.096000e+04	6.231789e-02	7.840212e-04	2.920000e+00
1.0	8.760000e+02	4.096000e+04	6.219430e-02	8.651008e-04	2.920000e+00
1.0	1.024000e+03	4.096000e+04	6.229290e-02	7.523728e-04	2.920000e+00
1.0	1.280000e+03	4.096000e+04	6.228551e-02	8.780387e-04	2.920000e+00
1.0	1.536000e+03	4.096000e+04	6.243737e-02	8.753401e-04	2.920000e+00
1.0	1.280000e+02	4.096000e+04	5.722125e-02	8.080380e-04	2.984000e+00
1.0	2.560000e+02	4.096000e+04	5.721626e-02	7.638348e-04	2.984000e+00
1.0	3.840000e+02	4.096000e+04	5.720203e-02	6.932425e-04	2.984000e+00
1.0	5.120000e+02	4.096000e+04	5.722015e-02	5.800033e-04	2.984000e+00
1.0	6.400000e+02	4.096000e+04	5.722531e-02	7.364865e-04	2.984000e+00
1.0	7.580000e+02	4.096000e+04	5.703613e-02	6.367983e-04	2.984000e+00
1.0	8.760000e+02	4.096000e+04	5.703069e-02	6.718296e-04	2.984000e+00
1.0	1.024000e+03	4.096000e+04	5.722032e-02	7.160839e-04	2.984000e+00
1.0	1.280000e+03	4.096000e+04	5.722976e-02	7.568940e-04	2.984000e+00
1.0	1.536000e+03	4.096000e+04	5.667919e-02	6.355596e-04	2.984000e+00
1.0	1.280000e+02	4.096000e+04	5.462106e-02	6.657555e-04	3.048000e+00
1.0	2.560000e+02	4.096000e+04	5.461977e-02	6.552636e-04	3.048000e+00
1.0	3.840000e+02	4.096000e+04	5.486093e-02	7.262223e-04	3.048000e+00
1.0	5.120000e+02	4.096000e+04	5.461666e-02	6.994426e-04	3.048000e+00
1.0	6.400000e+02	4.096000e+04	5.462152e-02	7.982612e-04	3.048000e+00
1.0	7.580000e+02	4.096000e+04	5.497837e-02	6.562503e-04	3.048000e+00
1.0	8.760000e+02	4.096000e+04	5.512416e-02	5.181499e-04	3.048000e+00
1.0	1.024000e+03	4.096000e+04	5.462263e-02	6.629167e-04	3.048000e+00
1.0	1.280000e+03	4.096000e+04	5.462046e-02	7.642805e-04	3.048000e+00
1.0	1.536000e+03	4.096000e+04	5.511194e-02	5.430088e-04	3.048000e+00
1.0	1.280000e+02	4.096000e+04	5.188431e-02	6.428593e-04	3.112000e+00
1.0	2.560000e+02	4.096000e+04	5.187666e-02	6.196823e-04	3.112000e+00
1.0	3.840000e+02	4.096000e+04	5.190699e-02	6.081820e-04	3.112000e+00
1.0	5.120000e+02	4.096000e+04	5.188144e-02	5.996915e-04	3.112000e+00
1.0	6.400000e+02	4.096000e+04	5.188126e-02	5.656871e-04	3.112000e+00
1.0	7.580000e+02	4.096000e+04	5.183049e-02	6.479294e-04	3.112000e+00
1.0	8.760000e+02	4.096000e+04	5.184168e-02	6.888597e-04	3.112000e+00
1.0	1.024000e+03	4.096000e+04	5.188382e-02	4.934945e-04	3.112000e+00
1.0	1.280000e+03	4.096000e+04	5.188106e-02	6.862561e-04	3.112000e+00
1.0	1.536000e+03	4.096000e+04	5.207261e-02	4.791840e-04	3.112000e+00
1.0	1.280000e+02	4.096000e+04	4.934995e-02	6.419931e-04	3.176000e+00
1.0	2.560000e+02	4.096000e+04	4.934593e-02	5.939574e-04	3.176000e+00
1.0	3.840000e+02	4.096000e+04	4.933257e-02	6.122595e-04	3.176000e+00
1.0	5.120000e+02	4.096000e+04	4.935061e-02	5.770535e-04	3.176000e+00
1.0	6.400000e+02	4.096000e+04	4.934544e-02	6.398271e-04	3.176000e+00
1.0	7.580000e+02	4.096000e+04	4.942337e-02	6.693215e-04	3.176000e+00
1.0	8.760000e+02	4.096000e+04	4.922861e-02	5.207623e-04	3.176000e+00
1.0	1.024000e+03	4.096000e+04	4.934752e-02	5.369763e-04	3.176000e+00
1.0	1.280000e+03	4.096000e+04	4.934904e-02	6.473788e-04	3.176000e+00
1.0	1.536000e+03	4.096000e+04	4.912098e-02	5.998878e-04	3.176000e+00
1.0	1.280000e+02	4.096000e+04	4.697146e-02	5.462198e-04	3.240000e+00
1.0	2.560000e+02	4.096000e+04	4.697581e-02	6.245442e-04	3.240000e+00
1.0	3.840000e+02	4.096000e+04	4.677076e-02	5.954158e-04	3.240000e+00
1.0	5.120000e+02	4.096000e+04	4.696399e-02	5.572527e-04	3.240000e+00
1.0	6.400000e+02	4.096000e+04	4.696912e-02	6.010614e-04	3.240000e+00
1.0	7.580000e+02	4.096000e+04	4.676368e-02	4.716219e-04	3.240000e+00
1.0	8.760000e+02	4.096000e+04	4.675693e-02	3.736798e-04	3.240000e+00
1.0	1.024000e+03	4.096000e+04	4.696804e-02	3.171819e-04	3.240000e+00
1.0	1.280000e+03	4.096000e+04	4.696767e-02	6.312422e-04	3.240000e+00
1.0	1.536000e+03	4.096000e+04	4.689190e-02	5.242355e-04	3.240000e+00
1.0	1.280000e+02	4.096000e+04	4.623653e-02	5.678148e-04	3.304000e+00
1.0	2.560000e+02	4.096000e+04	4.623079e-02	5.617611e-04	3.304000e+00
1.0	3.840000e+02	4.096000e+04	4.610870e-02	6.391397e-04	3.304000e+00
1.0	5.120000e+02	4.096000e+04	4.623140e-02	5.491698e-04	3.304000e+00
1.0	6.400000e+02	4.096000e+04	4.623276e-02	5.374409e-04	3.304000e+00
1.0	7.580000e+02	4.096000e+04	4.610461e-02	8.031813e-04	3.304000e+00
1.0	8.760000e+02	4.096000e+04	4.628777e-02	6.515413e-04	3.304000e+00
1.0	1.024000e+03	4.096000e+04	4.622969e-02	6.416777e-04	3.304000e+00
1.0	1.280000e+03	4.096000e+04	4.623445e-02	4.055164e-04	3.304000e+00
1.0	1.536000e+03	4.096000e+04	4.649280e-02	6.447977e-04	3.304000e+00
1.0	1.280000e+02	4.096000e+04	4.403289e-02	4.154010e-04	3.368000e+00
1.0	2.560000e+02	4.096000e+04	4.403622e-02	4.172899e-04	3.368000e+00
1.0	3.840000e+02	4.096000e+04	4.409956e-02	3.944585e-04	3.368000e+00
1.0	5.120000e+02	4.096000e+04	4.403364e-02	3.695819e-04	3.368000e+00
1.0	6.400000e+02	4.096000e+04	4.403266e-02	4.750999e-04	3.368000e+00
1.0	7.580000e+02	4.096000e+04	4.415558e-02	4.350174e-04	3.368000e+00
1.0	8.760000e+02	4.096000e+04	4.419410e-02	3.314644e-04	3.368000e+00
1.0	1.024000e+03	4.096000e+04	4.403335e-02	3.177042e-04	3.368000e+00
1.0	1.280000e+03	4.096000e+04	4.403444e-02	5.412172e-04	3.368000e+00
1.0	1.536000e+03	4.096000e+04	4.413978e-02	4.497955e-04	3.368000e+00
1.0	1.280000e+02	4.096000e+04	4.236812e-02	5.096260e-04	3.432000e+00
1.0	2.560000e+02	4.096000e+04	4.237234e-02	5.509094e-04	3.432000e+00
1.0	3.840000e+02	4.096000e+04	4.239709e-02	6.612907e-04	3.432000e+00
1.0	5.120000e+02	4.096000e+04	4.236934e-02	5.826052e-04	3.432000e+00
1.0	6.400000e+02	4.096000e+04	4.237155e-02	6.659066e-04	3.432000e+00
1.0	7.580000e+02	4.096000e+04	4.237532e-02	6.846667e-04	3.432000e+00
1.0	8.760000e+02	4.096000e+04	4.218223e-02	6.982507e-04	3.432000e+00
1.0	1.024000e+03	4.096000e+04	4.237680e-02	7.153269e-04	3.432000e+00
1.0	1.280000e+03	4.096000e+04	4.237516e-02	6.743955e-04	3.432000e+00
1.0	1.536000e+03	4.096000e+04	4.210575e-02	7.647826e-04	3.432000e+00
1.0	1.280000e+02	4.096000e+04	4.173206e-02	4.407010e-04	3.496000e+00
1.0	2.560000e+02	4.096000e+04	4.173490e-02	3.897285e-04	3.496000e+00
1.0	3.840000e+02	4.096000e+04	4.172575e-02	4.300781e-04	3.496000e+00
1.0	5.120000e+02	4.096000e+04	4.173544e-02	4.636698e-04	3.496000e+00
1.0	6.400000e+02	4.096000e+04	4.173270e-02	4.065610e-04	3.496000e+00
1.0	7.580000e+02	4.096000e+04	4.162755e-02	4.550720e-04	3.496000e+00
1.0	8.760000e+02	4.096000e+04	4.168309e-02	5.700287e-04	3.496000e+00
1.0	1.024000e+03	4.096000e+04	4.173353e-02	4.887569e-04	3.496000e+00
1.0	1.280000e+03	4.096000e+04	4.173020e-02	4.451150e-04	3.496000e+00
1.0	1.536000e+03	4.096000e+04	4.168263e-02	5.794611e-04	3.496000e+00
1.0	1.280000e+02	4.096000e+04	3.948653e-02	4.313818e-04	3.560000e+00
1.0	2.560000e+02	4.096000e+04	3.948618e-02	4.784361e-04	3.560000e+00
1.0	3.840000e+02	4.096000e+04	3.949729e-02	3.518403e-04	3.560000e+00
1.0	5.120000e+02	4.096000e+04	3.948407e-02	4.447158e-04	3.560000e+00
1.0	6.400000e+02	4.096000e+04	3.948243e-02	3.186155e-04	3.560000e+00
1.0	7.580000e+02	4.096000e+04	3.943229e-02	2.942334e-04	3.560000e+00
1.0	8.760000e+02	4.096000e+04	3.944868e-02	2.161949e-04	3.560000e+00
1.0	1.024000e+03	4.096000e+04	3.948493e-02	2.529068e-04	3.560000e+00
1.0	1.280000e+03	4.096000e+04	3.948524e-02	1.636109e-04	3.560000e+00
1.0	1.536000e+03	4.096000e+04	3.948750e-02	1.923460e-04	3.560000e+00
1.0	1.280000e+02	4.096000e+04	3.857597e-02	3.665899e-04	3.624000e+00
1.0	2.560000e+02	4.096000e+04	3.857630e-02	3.207749e-04	3.624000e+00
1.0	3.840000e+02	4.096000e+04	3.853558e-02	3.896667e-04	3.624000e+00
1.0	5.120000e+02	4.096000e+04	3.857657e-02	3.589039e-04	3.624000e+00
1.0	6.400000e+02	4.096000e+04	3.857670e-02	3.357606e-04	3.624000e+00
1.0	7.580000e+02	4.096000e+04	3.854427e-02	3.748096e-04	3.624000e+00
1.0	8.760000e+02	4.096000e+04	3.849639e-02	2.924083e-04	3.624000e+00
1.0	1.024000e+03	4.096000e+04	3.857909e-02	3.833445e-04	3.624000e+00
1.0	1.280000e+03	4.096000e+04	3.857765e-02	3.088325e-04	3.624000e+00
1.0	1.536000e+03	4.096000e+04	3.837400e-02	1.666158e-04	3.624000e+00
