1.0	1.280000e+02	4.147200e+04	1.000000e+00	0.000000e+00	5.000000e-02
1.0	2.560000e+02	4.147200e+04	1.000000e+00	0.000000e+00	5.000000e-02
1.0	3.840000e+02	4.147200e+04	1.000000e+00	0.000000e+00	5.000000e-02
1.0	5.120000e+02	4.147200e+04	1.000000e+00	0.000000e+00	5.000000e-02
1.0	6.400000e+02	4.147200e+04	1.000000e+00	0.000000e+00	5.000000e-02
1.0	7.580000e+02	4.147200e+04	1.000000e+00	0.000000e+00	5.000000e-02
1.0	8.760000e+02	4.147200e+04	1.000000e+00	0.000000e+00	5.000000e-02
1.0	1.024000e+03	4.147200e+04	1.000000e+00	0.000000e+00	5.000000e-02
1.0	1.280000e+03	4.147200e+04	1.000000e+00	0.000000e+00	5.000000e-02
1.0	1.536000e+03	4.147200e+04	1.000000e+00	0.000000e+00	5.000000e-02
1.0	1.280000e+02	4.147200e+04	9.999988e-01	3.982338e-07	5.500000e-01
1.0	2.560000e+02	4.147200e+04	9.999988e-01	3.807404e-07	5.500000e-01
1.0	3.840000e+02	4.147200e+04	9.999988e-01	3.525966e-07	5.500000e-01
1.0	5.120000e+02	4.147200e+04	9.999988e-01	4.483429e-07	5.500000e-01
1.0	6.400000e+02	4.147200e+04	9.999988e-01	4.277752e-07	5.500000e-01
1.0	7.580000e+02	4.147200e+04	9.999987e-01	4.696852e-07	5.500000e-01
1.0	8.760000e+02	4.147200e+04	9.999987e-01	4.553029e-07	5.500000e-01
1.0	1.024000e+03	4.147200e+04	9.999988e-01	4.657807e-07	5.500000e-01
1.0	1.280000e+03	4.147200e+04	9.999988e-01	3.009925e-07	5.500000e-01
1.0	1.536000e+03	4.147200e+04	9.999987e-01	4.539476e-07	5.500000e-01
1.0	1.280000e+02	4.147200e+04	9.989080e-01	1.518511e-05	1.050000e+00
1.0	2.560000e+02	4.147200e+04	9.989096e-01	1.430298e-05	1.050000e+00
1.0	3.840000e+02	4.147200e+04	9.989079e-01	1.341131e-05	1.050000e+00
1.0	5.120000e+02	4.147200e+04	9.989096e-01	1.200292e-05	1.050000e+00
1.0	6.400000e+02	4.147200e+04	9.989095e-01	1.318174e-05	1.050000e+00
1.0	7.580000e+02	4.147200e+04	9.989121e-01	1.326826e-05	1.050000e+00
1.0	8.760000e+02	4.147200e+04	9.989087e-01	1.279489e-05	1.050000e+00
1.0	1.024000e+03	4.147200e+04	9.989095e-01	7.616405e-06	1.050000e+00
1.0	1.280000e+03	4.147200e+04	9.989095e-01	1.363566e-05	1.050000e+00
1.0	1.536000e+03	4.147200e+04	9.989103e-01	1.044065e-05	1.050000e+00
1.0	1.280000e+02	4.147200e+04	9.831574e-01	8.304295e-05	1.550000e+00
1.0	2.560000e+02	4.147200e+04	9.831596e-01	9.157471e-05	1.550000e+00
1.0	3.840000e+02	4.147200e+04	9.831571e-01	9.166431e-05	1.550000e+00
1.0	5.120000e+02	4.147200e+04	9.831603e-01	1.067220e-04	1.550000e+00
1.0	6.400000e+02	4.147200e+04	9.831596e-01	1.205574e-04	1.550000e+00
1.0	7.580000e+02	4.147200e+04	9.831535e-01	1.149878e-04	1.550000e+00
1.0	8.760000e+02	4.147200e+04	9.831327e-01	1.504766e-04	1.550000e+00
1.0	1.024000e+03	4.147200e+04	9.831594e-01	1.088254e-04	1.550000e+00
1.0	1.280000e+03	4.147200e+04	9.831596e-01	1.305509e-04	1.550000e+00
1.0	1.536000e+03	4.147200e+04	9.831413e-01	1.533909e-04	1.550000e+00
1.0	1.280000e+02	4.147200e+04	9.117792e-01	5.074953e-04	2.000000e+00
1.0	2.560000e+02	4.147200e+04	9.118166e-01	4.923453e-04	2.000000e+00
1.0	3.840000e+02	4.147200e+04	9.117831e-01	4.926990e-04	2.000000e+00
1.0	5.120000e+02	4.147200e+04	9.118193e-01	4.666778e-04	2.000000e+00
1.0	6.400000e+02	4.147200e+04	9.118170e-01	5.593232e-04	2.000000e+00
1.0	7.580000e+02	4.147200e+04	9.116585e-01	5.470417e-04	2.000000e+00
1.0	8.760000e+02	4.147200e+04	9.116956e-01	5.575899e-04	2.000000e+00
1.0	1.024000e+03	4.147200e+04	9.118178e-01	4.991250e-04	2.000000e+00
1.0	1.280000e+03	4.147200e+04	9.118237e-01	6.097771e-04	2.000000e+00
1.0	1.536000e+03	4.147200e+04	9.116673e-01	6.182647e-04	2.000000e+00
1.0	1.280000e+02	4.147200e+04	8.968461e-01	6.992296e-04	2.040000e+00
1.0	2.560000e+02	4.147200e+04	8.968140e-01	6.752959e-04	2.040000e+00
1.0	3.840000e+02	4.147200e+04	8.968476e-01	6.463759e-04	2.040000e+00
1.0	5.120000e+02	4.147200e+04	8.968151e-01	5.391436e-04	2.040000e+00
1.0	6.400000e+02	4.147200e+04	8.968158e-01	6.826572e-04	2.040000e+00
1.0	7.580000e+02	4.147200e+04	8.968035e-01	5.664973e-04	2.040000e+00
1.0	8.760000e+02	4.147200e+04	8.968377e-01	5.596714e-04	2.040000e+00
1.0	1.024000e+03	4.147200e+04	8.968176e-01	5.330814e-04	2.040000e+00
1.0	1.280000e+03	4.147200e+04	8.968114e-01	5.935022e-04	2.040000e+00
1.0	1.536000e+03	4.147200e+04	8.969177e-01	5.292671e-04	2.040000e+00
1.0	1.280000e+02	4.147200e+04	8.813774e-01	7.903822e-04	2.080000e+00
1.0	2.560000e+02	4.147200e+04	8.814514e-01	7.708980e-04	2.080000e+00
1.0	3.840000e+02	4.147200e+04	8.813773e-01	8.578754e-04	2.080000e+00
1.0	5.120000e+02	4.147200e+04	8.814540e-01	6.996510e-04	2.080000e+00
1.0	6.400000e+02	4.147200e+04	8.814558e-01	7.652897e-04	2.080000e+00
1.0	7.580000e+02	4.147200e+04	8.818546e-01	8.226067e-04	2.080000e+00
1.0	8.760000e+02	4.147200e+04	8.818228e-01	7.473774e-04	2.080000e+00
1.0	1.024000e+03	4.147200e+04	8.814507e-01	8.726811e-04	2.080000e+00
1.0	1.280000e+03	4.147200e+04	8.814523e-01	8.327742e-04	2.080000e+00
1.0	1.536000e+03	4.147200e+04	8.821138e-01	6.844604e-04	2.080000e+00
1.0	1.280000e+02	4.147200e+04	8.556772e-01	1.423156e-03	2.120000e+00
1.0	2.560000e+02	4.147200e+04	8.555176e-01	1.608443e-03	2.120000e+00
1.0	3.840000e+02	4.147200e+04	8.556683e-01	1.538815e-03	2.120000e+00
1.0	5.120000e+02	4.147200e+04	8.554991e-01	1.606601e-03	2.120000e+00
1.0	6.400000e+02	4.147200e+04	8.555100e-01	1.408332e-03	2.120000e+00
1.0	7.580000e+02	4.147200e+04	8.556885e-01	1.433817e-03	2.120000e+00
1.0	8.760000e+02	4.147200e+04	8.555640e-01	1.582444e-03	2.120000e+00
1.0	1.024000e+03	4.147200e+04	8.555207e-01	1.856539e-03	2.120000e+00
1.0	1.280000e+03	4.147200e+04	8.555024e-01	1.662705e-03	2.120000e+00
1.0	1.536000e+03	4.147200e+04	8.552390e-01	2.089686e-03	2.120000e+00
1.0	1.280000e+02	4.147200e+04	8.276317e-01	2.262344e-03	2.160000e+00
1.0	2.560000e+02	4.147200e+04	8.276027e-01	2.457374e-03	2.160000e+00
1.0	3.840000e+02	4.147200e+04	8.276524e-01	2.388735e-03	2.160000e+00
1.0	5.120000e+02	4.147200e+04	8.276141e-01	2.837257e-03	2.160000e+00
1.0	6.400000e+02	4.147200e+04	8.276215e-01	1.890425e-03	2.160000e+00
1.0	7.580000e+02	4.147200e+04	8.271386e-01	2.359297e-03	2.160000e+00
1.0	8.760000e+02	4.147200e+04	8.276763e-01	2.471802e-03	2.160000e+00
1.0	1.024000e+03	4.147200e+04	8.276435e-01	2.213006e-03	2.160000e+00
1.0	1.280000e+03	4.147200e+04	8.276487e-01	2.120687e-03	2.160000e+00
1.0	1.536000e+03	4.147200e+04	8.275534e-01	2.502979e-03	2.160000e+00
1.0	1.280000e+02	4.147200e+04	7.891424e-01	4.846207e-03	2.200000e+00
1.0	2.560000e+02	4.147200e+04	7.893196e-01	4.849679e-03	2.200000e+00
1.0	3.840000e+02	4.147200e+04	7.890819e-01	5.919182e-03	2.200000e+00
1.0	5.120000e+02	4.147200e+04	7.893094e-01	5.741407e-03	2.200000e+00
1.0	6.400000e+02	4.147200e+04	7.893578e-01	5.692635e-03	2.200000e+00
1.0	7.580000e+02	4.147200e+04	7.893175e-01	6.207484e-03	2.200000e+00
1.0	8.760000e+02	4.147200e+04	7.889836e-01	5.623082e-03	2.200000e+00
1.0	1.024000e+03	4.147200e+04	7.892663e-01	6.210958e-03	2.200000e+00
1.0	1.280000e+03	4.147200e+04	7.893090e-01	5.421183e-03	2.200000e+00
1.0	1.536000e+03	4.147200e+04	7.882170e-01	5.397754e-03	2.200000e+00
1.0	1.280000e+02	4.147200e+04	7.566080e-01	5.187016e-03	2.228000e+00
1.0	2.560000e+02	4.147200e+04	7.578049e-01	4.710609e-03	2.228000e+00
1.0	3.840000e+02	4.147200e+04	7.566402e-01	5.961608e-03	2.228000e+00
1.0	5.120000e+02	4.147200e+04	7.577842e-01	4.564791e-03	2.228000e+00
1.0	6.400000e+02	4.147200e+04	7.578375e-01	4.421322e-03	2.228000e+00
1.0	7.580000e+02	4.147200e+04	7.575065e-01	5.829106e-03	2.228000e+00
1.0	8.760000e+02	4.147200e+04	7.566659e-01	5.533540e-03	2.228000e+00
1.0	1.024000e+03	4.147200e+04	7.578350e-01	5.127622e-03	2.228000e+00
1.0	1.280000e+03	4.147200e+04	7.578015e-01	5.405164e-03	2.228000e+00
1.0	1.536000e+03	4.147200e+04	7.559129e-01	6.326446e-03	2.228000e+00
1.0	1.280000e+02	4.147200e+04	7.196208e-01	8.801074e-03	2.238000e+00
1.0	2.560000e+02	4.147200e+04	7.193846e-01	8.767379e-03	2.238000e+00
1.0	3.840000e+02	4.147200e+04	7.195448e-01	9.554259e-03	2.238000e+00
1.0	5.120000e+02	4.147200e+04	7.195368e-01	1.019693e-02	2.238000e+00
1.0	6.400000e+02	4.147200e+04	7.193715e-01	9.771768e-03	2.238000e+00
1.0	7.580000e+02	4.147200e+04	7.187646e-01	1.019869e-02	2.238000e+00
1.0	8.760000e+02	4.147200e+04	7.245935e-01	7.985795e-03	2.238000e+00
1.0	1.024000e+03	4.147200e+04	7.195113e-01	1.111615e-02	2.238000e+00
1.0	1.280000e+03	4.147200e+04	7.194008e-01	1.053609e-02	2.238000e+00
1.0	1.536000e+03	4.147200e+04	7.267926e-01	1.078944e-02	2.238000e+00
1.0	1.280000e+02	4.147200e+04	7.095427e-01	1.046838e-02	2.248000e+00
1.0	2.560000e+02	4.147200e+04	7.088397e-01	1.095914e-02	2.248000e+00
1.0	3.840000e+02	4.147200e+04	7.095264e-01	1.298325e-02	2.248000e+00
1.0	5.120000e+02	4.147200e+04	7.088927e-01	1.252573e-02	2.248000e+00
1.0	6.400000e+02	4.147200e+04	7.089342e-01	9.263675e-03	2.248000e+00
1.0	7.580000e+02	4.147200e+04	7.067520e-01	1.311306e-02	2.248000e+00
1.0	8.760000e+02	4.147200e+04	7.090625e-01	1.340161e-02	2.248000e+00
1.0	1.024000e+03	4.147200e+04	7.088501e-01	1.082607e-02	2.248000e+00
1.0	1.280000e+03	4.147200e+04	7.088540e-01	7.788179e-03	2.248000e+00
1.0	1.536000e+03	4.147200e+04	7.066614e-01	1.251774e-02	2.248000e+00
1.0	1.280000e+02	4.147200e+04	6.863442e-01	9.922172e-03	2.258000e+00
1.0	2.560000e+02	4.147200e+04	6.857521e-01	1.090612e-02	2.258000e+00
1.0	3.840000e+02	4.147200e+04	6.864017e-01	1.128989e-02	2.258000e+00
1.0	5.120000e+02	4.147200e+04	6.857331e-01	1.254193e-02	2.258000e+00
1.0	6.400000e+02	4.147200e+04	6.857397e-01	1.161401e-02	2.258000e+00
1.0	7.580000e+02	4.147200e+04	6.878242e-01	1.268061e-02	2.258000e+00
1.0	8.760000e+02	4.147200e+04	6.889544e-01	1.155524e-02	2.258000e+00
1.0	1.024000e+03	4.147200e+04	6.857754e-01	5.942416e-03	2.258000e+00
1.0	1.280000e+03	4.147200e+04	6.857429e-01	8.839304e-03	2.258000e+00
1.0	1.536000e+03	4.147200e+04	6.865368e-01	9.017270e-03	2.258000e+00
1.0	1.280000e+02	4.147200e+04	6.330099e-01	1.435364e-02	2.268000e+00
1.0	2.560000e+02	4.147200e+04	6.320749e-01	1.649010e-02	2.268000e+00
1.0	3.840000e+02	4.147200e+04	6.330397e-01	1.728012e-02	2.268000e+00
1.0	5.120000e+02	4.147200e+04	6.319170e-01	1.892107e-02	2.268000e+00
1.0	6.400000e+02	4.147200e+04	6.322218e-01	1.786973e-02	2.268000e+00
1.0	7.580000e+02	4.147200e+04	6.305484e-01	2.174369e-02	2.268000e+00
1.0	8.760000e+02	4.147200e+04	6.296814e-01	2.611476e-02	2.268000e+00
1.0	1.024000e+03	4.147200e+04	6.320588e-01	2.017535e-02	2.268000e+00
1.0	1.280000e+03	4.147200e+04	6.321122e-01	1.344683e-02	2.268000e+00
1.0	1.536000e+03	4.147200e+04	6.280169e-01	1.372050e-02	2.268000e+00
1.0	1.280000e+02	4.147200e+04	6.315006e-01	1.513760e-02	2.278000e+00
1.0	2.560000e+02	4.147200e+04	6.302791e-01	1.610397e-02	2.278000e+00
1.0	3.840000e+02	4.147200e+04	6.315181e-01	1.971840e-02	2.278000e+00
1.0	5.120000e+02	4.147200e+04	6.302711e-01	1.710473e-02	2.278000e+00
1.0	6.400000e+02	4.147200e+04	6.300211e-01	1.796480e-02	2.278000e+00
1.0	7.580000e+02	4.147200e+04	6.292551e-01	1.617644e-02	2.278000e+00
1.0	8.760000e+02	4.147200e+04	6.297508e-01	1.684742e-02	2.278000e+00
1.0	1.024000e+03	4.147200e+04	6.301135e-01	1.219984e-02	2.278000e+00
1.0	1.280000e+03	4.147200e+04	6.300726e-01	1.495829e-02	2.278000e+00
1.0	1.536000e+03	4.147200e+04	6.336204e-01	1.101114e-02	2.278000e+00
1.0	1.280000e+02	4.147200e+04	5.682873e-01	1.577537e-02	2.288000e+00
1.0	2.560000e+02	4.147200e+04	5.681021e-01	1.817572e-02	2.288000e+00
1.0	3.840000e+02	4.147200e+04	5.680929e-01	1.833689e-02	2.288000e+00
1.0	5.120000e+02	4.147200e+04	5.678750e-01	1.714976e-02	2.288000e+00
1.0	6.400000e+02	4.147200e+04	5.680655e-01	1.838166e-02	2.288000e+00
1.0	7.580000e+02	4.147200e+04	5.649516e-01	1.589367e-02	2.288000e+00
1.0	8.760000e+02	4.147200e+04	5.676159e-01	1.727183e-02	2.288000e+00
1.0	1.024000e+03	4.147200e+04	5.679901e-01	1.827059e-02	2.288000e+00
1.0	1.280000e+03	4.147200e+04	5.679157e-01	1.810617e-02	2.288000e+00
1.0	1.536000e+03	4.147200e+04	5.664172e-01	1.788057e-02	2.288000e+00
1.0	1.280000e+02	4.147200e+04	5.568560e-01	1.604670e-02	2.298000e+00
1.0	2.560000e+02	4.147200e+04	5.552722e-01	1.810096e-02	2.298000e+00
1.0	3.840000e+02	4.147200e+04	5.571151e-01	1.858778e-02	2.298000e+00
1.0	5.120000e+02	4.147200e+04	5.552966e-01	2.057174e-02	2.298000e+00
1.0	6.400000e+02	4.147200e+04	5.553598e-01	2.231708e-02	2.298000e+00
1.0	7.580000e+02	4.147200e+04	5.519704e-01	1.608545e-02	2.298000e+00
1.0	8.760000e+02	4.147200e+04	5.543248e-01	2.005709e-02	2.298000e+00
1.0	1.024000e+03	4.147200e+04	5.553359e-01	1.321356e-02	2.298000e+00
1.0	1.280000e+03	4.147200e+04	5.551288e-01	1.913007e-02	2.298000e+00
1.0	1.536000e+03	4.147200e+04	5.580316e-01	6.643405e-03	2.298000e+00
1.0	1.280000e+02	4.147200e+04	5.469707e-01	1.703470e-02	2.308000e+00
1.0	2.560000e+02	4.147200e+04	5.516641e-01	1.800188e-02	2.308000e+00
1.0	3.840000e+02	4.147200e+04	5.471024e-01	2.124858e-02	2.308000e+00
1.0	5.120000e+02	4.147200e+04	5.517653e-01	1.896480e-02	2.308000e+00
1.0	6.400000e+02	4.147200e+04	5.520450e-01	2.133031e-02	2.308000e+00
1.0	7.580000e+02	4.147200e+04	5.503001e-01	2.035060e-02	2.308000e+00
1.0	8.760000e+02	4.147200e+04	5.540125e-01	2.426976e-02	2.308000e+00
1.0	1.024000e+03	4.147200e+04	5.519055e-01	2.054715e-02	2.308000e+00
1.0	1.280000e+03	4.147200e+04	5.516576e-01	1.544009e-02	2.308000e+00
1.0	1.536000e+03	4.147200e+04	5.565320e-01	1.949090e-02	2.308000e+00
1.0	1.280000e+02	4.147200e+04	4.975649e-01	1.716582e-02	2.318000e+00
1.0	2.560000e+02	4.147200e+04	4.987330e-01	1.989779e-02	2.318000e+00
1.0	3.840000e+02	4.147200e+04	4.974989e-01	2.214801e-02	2.318000e+00
1.0	5.120000e+02	4.147200e+04	4.985967e-01	2.258453e-02	2.318000e+00
1.0	6.400000e+02	4.147200e+04	4.986961e-01	1.952989e-02	2.318000e+00
1.0	7.580000e+02	4.147200e+04	4.994839e-01	1.830388e-02	2.318000e+00
1.0	8.760000e+02	4.147200e+04	4.977290e-01	2.127637e-02	2.318000e+00
1.0	1.024000e+03	4.147200e+04	4.987083e-01	1.617856e-02	2.318000e+00
1.0	1.280000e+03	4.147200e+04	4.989787e-01	2.345414e-02	2.318000e+00
1.0	1.536000e+03	4.147200e+04	5.025134e-01	2.411390e-02	2.318000e+00
1.0	1.280000e+02	4.147200e+04	4.732250e-01	1.600144e-02	2.328000e+00
1.0	2.560000e+02	4.147200e+04	4.753781e-01	1.841571e-02	2.328000e+00
1.0	3.840000e+02	4.147200e+04	4.732314e-01	2.000249e-02	2.328000e+00
1.0	5.120000e+02	4.147200e+04	4.754240e-01	1.858145e-02	2.328000e+00
1.0	6.400000e+02	4.147200e+04	4.754471e-01	1.653168e-02	2.328000e+00
1.0	7.580000e+02	4.147200e+04	4.752117e-01	1.580338e-02	2.328000e+00
1.0	8.760000e+02	4.147200e+04	4.779187e-01	2.324412e-02	2.328000e+00
1.0	1.024000e+03	4.147200e+04	4.753975e-01	2.157699e-02	2.328000e+00
1.0	1.280000e+03	4.147200e+04	4.753823e-01	1.935083e-02	2.328000e+00
1.0	1.536000e+03	4.147200e+04	4.768578e-01	2.127727e-02	2.328000e+00
1.0	1.280000e+02	4.147200e+04	4.484466e-01	1.565054e-02	2.338000e+00
1.0	2.560000e+02	4.147200e+04	4.495212e-01	1.776508e-02	2.338000e+00
1.0	3.840000e+02	4.147200e+04	4.483313e-01	1.727426e-02	2.338000e+00
1.0	5.120000e+02	4.147200e+04	4.494934e-01	1.785100e-02	2.338000e+00
1.0	6.400000e+02	4.147200e+04	4.494461e-01	1.706922e-02	2.338000e+00
1.0	7.580000e+02	4.147200e+04	4.419213e-01	1.200463e-02	2.338000e+00
1.0	8.760000e+02	4.147200e+04	4.391333e-01	1.527967e-02	2.338000e+00
1.0	1.024000e+03	4.147200e+04	4.495047e-01	1.373288e-02	2.338000e+00
1.0	1.280000e+03	4.147200e+04	4.496336e-01	1.843187e-02	2.338000e+00
1.0	1.536000e+03	4.147200e+04	4.460759e-01	1.157826e-02	2.338000e+00
1.0	1.280000e+02	4.147200e+04	4.149898e-01	1.472883e-02	2.348000e+00
1.0	2.560000e+02	4.147200e+04	4.170494e-01	1.678999e-02	2.348000e+00
1.0	3.840000e+02	4.147200e+04	4.153933e-01	1.678525e-02	2.348000e+00
1.0	5.120000e+02	4.147200e+04	4.171779e-01	1.623276e-02	2.348000e+00
1.0	6.400000e+02	4.147200e+04	4.170953e-01	1.511178e-02	2.348000e+00
1.0	7.580000e+02	4.147200e+04	4.150292e-01	1.324057e-02	2.348000e+00
1.0	8.760000e+02	4.147200e+04	4.150158e-01	1.368005e-02	2.348000e+00
1.0	1.024000e+03	4.147200e+04	4.170226e-01	1.469053e-02	2.348000e+00
1.0	1.280000e+03	4.147200e+04	4.170407e-01	1.713150e-02	2.348000e+00
1.0	1.536000e+03	4.147200e+04	4.137462e-01	1.448032e-02	2.348000e+00
1.0	1.280000e+02	4.147200e+04	3.512744e-01	1.533752e-02	2.358000e+00
1.0	2.560000e+02	4.147200e+04	3.506011e-01	1.801391e-02	2.358000e+00
1.0	3.840000e+02	4.147200e+04	3.513801e-01	1.926338e-02	2.358000e+00
1.0	5.120000e+02	4.147200e+04	3.504478e-01	1.868988e-02	2.358000e+00
1.0	6.400000e+02	4.147200e+04	3.506520e-01	1.874445e-02	2.358000e+00
1.0	7.580000e+02	4.147200e+04	3.494179e-01	1.883919e-02	2.358000e+00
1.0	8.760000e+02	4.147200e+04	3.541828e-01	2.155397e-02	2.358000e+00
1.0	1.024000e+03	4.147200e+04	3.505482e-01	1.385101e-02	2.358000e+00
1.0	1.280000e+03	4.147200e+04	3.506376e-01	1.867868e-02	2.358000e+00
1.0	1.536000e+03	4.147200e+04	3.479497e-01	2.476181e-02	2.358000e+00
1.0	1.280000e+02	4.147200e+04	3.577891e-01	1.521361e-02	2.368000e+00
1.0	2.560000e+02	4.147200e+04	3.555500e-01	1.637569e-02	2.368000e+00
1.0	3.840000e+02	4.147200e+04	3.576578e-01	1.516449e-02	2.368000e+00
1.0	5.120000e+02	4.147200e+04	3.554669e-01	1.466221e-02	2.368000e+00
1.0	6.400000e+02	4.147200e+04	3.555394e-01	1.365486e-02	2.368000e+00
1.0	7.580000e+02	4.147200e+04	3.563788e-01	1.530769e-02	2.368000e+00
1.0	8.760000e+02	4.147200e+04	3.598009e-01	1.670555e-02	2.368000e+00
1.0	1.024000e+03	4.147200e+04	3.556660e-01	1.716175e-02	2.368000e+00
1.0	1.280000e+03	4.147200e+04	3.554349e-01	1.535146e-02	2.368000e+00
1.0	1.536000e+03	4.147200e+04	3.587365e-01	1.751341e-02	2.368000e+00
1.0	1.280000e+02	4.147200e+04	3.144268e-01	1.245897e-02	2.378000e+00
1.0	2.560000e+02	4.147200e+04	3.160101e-01	1.271722e-02	2.378000e+00
1.0	3.840000e+02	4.147200e+04	3.142744e-01	1.491504e-02	2.378000e+00
1.0	5.120000e+02	4.147200e+04	3.159793e-01	1.270985e-02	2.378000e+00
1.0	6.400000e+02	4.147200e+04	3.159913e-01	1.222964e-02	2.378000e+00
1.0	7.580000e+02	4.147200e+04	3.142831e-01	1.118653e-02	2.378000e+00
1.0	8.760000e+02	4.147200e+04	3.118904e-01	1.329769e-02	2.378000e+00
1.0	1.024000e+03	4.147200e+04	3.159803e-01	1.071379e-02	2.378000e+00
1.0	1.280000e+03	4.147200e+04	3.158996e-01	1.137842e-02	2.378000e+00
1.0	1.536000e+03	4.147200e+04	3.072941e-01	8.134453e-03	2.378000e+00
1.0	1.280000e+02	4.147200e+04	3.221041e-01	1.304444e-02	2.388000e+00
1.0	2.560000e+02	4.147200e+04	3.235335e-01	1.262785e-02	2.388000e+00
1.0	3.840000e+02	4.147200e+04	3.221050e-01	1.318596e-02	2.388000e+00
1.0	5.120000e+02	4.147200e+04	3.234950e-01	1.323678e-02	2.388000e+00
1.0	6.400000e+02	4.147200e+04	3.234965e-01	1.176282e-02	2.388000e+00
1.0	7.580000e+02	4.147200e+04	3.206271e-01	1.180945e-02	2.388000e+00
1.0	8.760000e+02	4.147200e+04	3.222183e-01	1.316567e-02	2.388000e+00
1.0	1.024000e+03	4.147200e+04	3.236957e-01	1.503327e-02	2.388000e+00
1.0	1.280000e+03	4.147200e+04	3.234938e-01	1.099792e-02	2.388000e+00
1.0	1.536000e+03	4.147200e+04	3.174149e-01	7.150550e-03	2.388000e+00
1.0	1.280000e+02	4.147200e+04	3.002507e-01	1.203912e-02	2.398000e+00
1.0	2.560000e+02	4.147200e+04	3.002464e-01	1.276748e-02	2.398000e+00
1.0	3.840000e+02	4.147200e+04	3.002114e-01	1.388369e-02	2.398000e+00
1.0	5.120000e+02	4.147200e+04	3.001848e-01	1.384610e-02	2.398000e+00
1.0	6.400000e+02	4.147200e+04	3.002234e-01	1.335273e-02	2.398000e+00
1.0	7.580000e+02	4.147200e+04	2.984061e-01	1.472058e-02	2.398000e+00
1.0	8.760000e+02	4.147200e+04	2.957423e-01	1.625554e-02	2.398000e+00
1.0	1.024000e+03	4.147200e+04	3.002442e-01	1.573423e-02	2.398000e+00
1.0	1.280000e+03	4.147200e+04	3.002039e-01	1.712853e-02	2.398000e+00
1.0	1.536000e+03	4.147200e+04	2.926040e-01	1.778349e-02	2.398000e+00
1.0	1.280000e+02	4.147200e+04	2.369732e-01	8.634023e-03	2.432000e+00
1.0	2.560000e+02	4.147200e+04	2.359560e-01	9.911635e-03	2.432000e+00
1.0	3.840000e+02	4.147200e+04	2.370200e-01	9.137755e-03	2.432000e+00
1.0	5.120000e+02	4.147200e+04	2.360489e-01	1.031992e-02	2.432000e+00
1.0	6.400000e+02	4.147200e+04	2.359848e-01	8.445413e-03	2.432000e+00
1.0	7.580000e+02	4.147200e+04	2.359113e-01	1.097634e-02	2.432000e+00
1.0	8.760000e+02	4.147200e+04	2.359719e-01	1.116824e-02	2.432000e+00
1.0	1.024000e+03	4.147200e+04	2.359075e-01	1.003792e-02	2.432000e+00
1.0	1.280000e+03	4.147200e+04	2.359548e-01	9.676128e-03	2.432000e+00
1.0	1.536000e+03	4.147200e+04	2.359423e-01	1.284550e-02	2.432000e+00
1.0	1.280000e+02	4.147200e+04	2.069793e-01	7.236907e-03	2.472000e+00
1.0	2.560000e+02	4.147200e+04	2.068924e-01	6.356310e-03	2.472000e+00
1.0	3.840000e+02	4.147200e+04	2.069431e-01	7.088970e-03	2.472000e+00
1.0	5.120000e+02	4.147200e+04	2.068473e-01	7.666372e-03	2.472000e+00
1.0	6.400000e+02	4.147200e+04	2.068436e-01	6.886015e-03	2.472000e+00
1.0	7.580000e+02	4.147200e+04	2.065777e-01	6.270566e-03	2.472000e+00
1.0	8.760000e+02	4.147200e+04	2.054826e-01	7.135103e-03	2.472000e+00
1.0	1.024000e+03	4.147200e+04	2.068484e-01	5.402481e-03	2.472000e+00
1.0	1.280000e+03	4.147200e+04	2.068603e-01	7.470209e-03	2.472000e+00
1.0	1.536000e+03	4.147200e+04	2.047994e-01	6.728855e-03	2.472000e+00
1.0	1.280000e+02	4.147200e+04	1.713530e-01	5.130942e-03	2.512000e+00
1.0	2.560000e+02	4.147200e+04	1.718723e-01	4.866256e-03	2.512000e+00
1.0	3.840000e+02	4.147200e+04	1.713556e-01	4.560331e-03	2.512000e+00
1.0	5.120000e+02	4.147200e+04	1.718868e-01	3.952430e-03	2.512000e+00
1.0	6.400000e+02	4.147200e+04	1.719122e-01	3.684251e-03	2.512000e+00
1.0	7.580000e+02	4.147200e+04	1.730415e-01	3.857035e-03	2.512000e+00
1.0	8.760000e+02	4.147200e+04	1.721231e-01	4.255481e-03	2.512000e+00
1.0	1.024000e+03	4.147200e+04	1.718488e-01	3.399166e-03	2.512000e+00
1.0	1.280000e+03	4.147200e+04	1.719065e-01	4.197803e-03	2.512000e+00
1.0	1.536000e+03	4.147200e+04	1.727121e-01	3.890575e-03	2.512000e+00
1.0	1.280000e+02	4.147200e+04	1.564863e-01	4.635230e-03	2.552000e+00
1.0	2.560000e+02	4.147200e+04	1.568888e-01	4.544630e-03	2.552000e+00
1.0	3.840000e+02	4.147200e+04	1.565394e-01	4.528926e-03	2.552000e+00
1.0	5.120000e+02	4.147200e+04	1.569294e-01	4.122788e-03	2.552000e+00
1.0	6.400000e+02	4.147200e+04	1.569269e-01	4.019989e-03	2.552000e+00
1.0	7.580000e+02	4.147200e+04	1.556426e-01	3.952199e-03	2.552000e+00
1.0	8.760000e+02	4.147200e+04	1.561060e-01	3.325130e-03	2.552000e+00
1.0	1.024000e+03	4.147200e+04	1.568942e-01	3.686646e-03	2.552000e+00
1.0	1.280000e+03	4.147200e+04	1.569204e-01	4.921773e-03	2.552000e+00
1.0	1.536000e+03	4.147200e+04	1.551871e-01	1.911607e-03	2.552000e+00
1.0	1.280000e+02	4.147200e+04	1.383246e-01	3.791446e-03	2.592000e+00
1.0	2.560000e+02	4.147200e+04	1.388845e-01	3.621647e-03	2.592000e+00
1.0	3.840000e+02	4.147200e+04	1.383506e-01	3.507570e-03	2.592000e+00
1.0	5.120000e+02	4.147200e+04	1.388929e-01	3.424844e-03	2.592000e+00
1.0	6.400000e+02	4.147200e+04	1.388833e-01	3.919821e-03	2.592000e+00
1.0	7.580000e+02	4.147200e+04	1.386450e-01	2.878042e-03	2.592000e+00
1.0	8.760000e+02	4.147200e+04	1.385445e-01	3.744102e-03	2.592000e+00
1.0	1.024000e+03	4.147200e+04	1.388706e-01	3.243967e-03	2.592000e+00
1.0	1.280000e+03	4.147200e+04	1.388774e-01	3.586578e-03	2.592000e+00
1.0	1.536000e+03	4.147200e+04	1.379051e-01	2.934451e-03	2.592000e+00
1.0	1.280000e+02	4.147200e+04	1.297364e-01	3.299754e-03	2.632000e+00
1.0	2.560000e+02	4.147200e+04	1.298772e-01	3.124101e-03	2.632000e+00
1.0	3.840000e+02	4.147200e+04	1.297520e-01	2.970098e-03	2.632000e+00
1.0	5.120000e+02	4.147200e+04	1.298752e-01	3.296167e-03	2.632000e+00
1.0	6.400000e+02	4.147200e+04	1.298467e-01	3.670532e-03	2.632000e+00
1.0	7.580000e+02	4.147200e+04	1.294015e-01	3.513815e-03	2.632000e+00
1.0	8.760000e+02	4.147200e+04	1.290569e-01	4.096237e-03	2.632000e+00
1.0	1.024000e+03	4.147200e+04	1.298593e-01	3.936721e-03	2.632000e+00
1.0	1.280000e+03	4.147200e+04	1.298645e-01	4.185185e-03	2.632000e+00
1.0	1.536000e+03	4.147200e+04	1.278594e-01	3.429384e-03	2.632000e+00
1.0	1.280000e+02	4.147200e+04	1.152013e-01	2.436635e-03	2.672000e+00
1.0	2.560000e+02	4.147200e+04	1.150943e-01	2.732094e-03	2.672000e+00
1.0	3.840000e+02	4.147200e+04	1.151708e-01	2.095271e-03	2.672000e+00
1.0	5.120000e+02	4.147200e+04	1.150762e-01	2.695943e-03	2.672000e+00
1.0	6.400000e+02	4.147200e+04	1.150912e-01	2.330036e-03	2.672000e+00
1.0	7.580000e+02	4.147200e+04	1.145362e-01	1.303624e-03	2.672000e+00
1.0	8.760000e+02	4.147200e+04	1.141976e-01	2.513110e-03	2.672000e+00
1.0	1.024000e+03	4.147200e+04	1.150843e-01	2.465893e-03	2.672000e+00
1.0	1.280000e+03	4.147200e+04	1.150766e-01	1.764516e-03	2.672000e+00
1.0	1.536000e+03	4.147200e+04	1.151951e-01	9.955802e-04	2.672000e+00
1.0	1.280000e+02	4.147200e+04	1.101239e-01	2.136317e-03	2.712000e+00
1.0	2.560000e+02	4.147200e+04	1.103434e-01	2.195542e-03	2.712000e+00
1.0	3.840000e+02	4.147200e+04	1.101405e-01	2.201740e-03	2.712000e+00
1.0	5.120000e+02	4.147200e+04	1.103266e-01	2.400966e-03	2.712000e+00
1.0	6.400000e+02	4.147200e+04	1.103316e-01	2.020116e-03	2.712000e+00
1.0	7.580000e+02	4.147200e+04	1.099851e-01	2.157653e-03	2.712000e+00
1.0	8.760000e+02	4.147200e+04	1.101253e-01	1.668824e-03	2.712000e+00
1.0	1.024000e+03	4.147200e+04	1.103270e-01	1.648555e-03	2.712000e+00
1.0	1.280000e+03	4.147200e+04	1.103165e-01	2.104540e-03	2.712000e+00
1.0	1.536000e+03	4.147200e+04	1.096109e-01	2.564232e-03	2.712000e+00
1.0	1.280000e+02	4.147200e+04	9.985984e-02	1.890391e-03	2.752000e+00
1.0	2.560000e+02	4.147200e+04	9.969996e-02	1.633934e-03	2.752000e+00
1.0	3.840000e+02	4.147200e+04	9.984536e-02	1.442044e-03	2.752000e+00
1.0	5.120000e+02	4.147200e+04	9.970300e-02	1.621848e-03	2.752000e+00
1.0	6.400000e+02	4.147200e+04	9.969873e-02	1.306894e-03	2.752000e+00
1.0	7.580000e+02	4.147200e+04	9.995620e-02	1.473728e-03	2.752000e+00
1.0	8.760000e+02	4.147200e+04	9.995198e-02	1.113506e-03	2.752000e+00
1.0	1.024000e+03	4.147200e+04	9.971024e-02	8.468445e-04	2.752000e+00
1.0	1.280000e+03	4.147200e+04	9.971488e-02	1.431842e-03	2.752000e+00
1.0	1.536000e+03	4.147200e+04	1.001339e-01	1.393942e-03	2.752000e+00
1.0	1.280000e+02	4.147200e+04	8.301519e-02	1.193866e-03	2.888000e+00
1.0	2.560000e+02	4.147200e+04	8.290389e-02	1.180974e-03	2.888000e+00
1.0	3.840000e+02	4.147200e+04	8.301952e-02	1.090278e-03	2.888000e+00
1.0	5.120000e+02	4.147200e+04	8.292190e-02	1.387573e-03	2.888000e+00
1.0	6.400000e+02	4.147200e+04	8.290678e-02	1.308742e-03	2.888000e+00
1.0	7.580000e+02	4.147200e+04	8.327237e-02	1.481012e-03	2.888000e+00
1.0	8.760000e+02	4.147200e+04	8.343542e-02	1.184902e-03	2.888000e+00
1.0	1.024000e+03	4.147200e+04	8.292069e-02	1.487641e-03	2.888000e+00
1.0	1.280000e+03	4.147200e+04	8.291274e-02	1.384143e-03	2.888000e+00
1.0	1.536000e+03	4.147200e+04	8.364503e-02	1.406269e-03	2.888000e+00
1.0	1.280000e+02	4.147200e+04	7.181257e-02	9.664985e-04	3.048000e+00
1.0	2.560000e+02	4.147200e+04	7.179644e-02	1.017261e-03	3.048000e+00
1.0	3.840000e+02	4.147200e+04	7.180052e-02	1.086951e-03	3.048000e+00
1.0	5.120000e+02	4.147200e+04	7.179161e-02	9.839195e-04	3.048000e+00
1.0	6.400000e+02	4.147200e+04	7.179600e-02	7.482638e-04	3.048000e+00
1.0	7.580000e+02	4.147200e+04	7.170846e-02	1.106969e-03	3.048000e+00
1.0	8.760000e+02	4.147200e+04	7.160880e-02	8.544897e-04	3.048000e+00
1.0	1.024000e+03	4.147200e+04	7.180177e-02	1.069725e-03	3.048000e+00
1.0	1.280000e+03	4.147200e+04	7.179082e-02	5.890564e-04	3.048000e+00
1.0	1.536000e+03	4.147200e+04	7.178531e-02	1.188409e-03	3.048000e+00
1.0	1.280000e+02	4.147200e+04	6.444742e-02	7.516331e-04	3.208000e+00
1.0	2.560000e+02	4.147200e+04	6.442762e-02	7.047795e-04	3.208000e+00
1.0	3.840000e+02	4.147200e+04	6.445764e-02	8.243291e-04	3.208000e+00
1.0	5.120000e+02	4.147200e+04	6.442998e-02	7.763225e-04	3.208000e+00
1.0	6.400000e+02	4.147200e+04	6.442972e-02	7.590920e-04	3.208000e+00
1.0	7.580000e+02	4.147200e+04	6.455161e-02	8.172200e-04	3.208000e+00
1.0	8.760000e+02	4.147200e+04	6.472489e-02	6.715130e-04	3.208000e+00
1.0	1.024000e+03	4.147200e+04	6.442929e-02	8.877749e-04	3.208000e+00
1.0	1.280000e+03	4.147200e+04	6.443088e-02	9.931888e-04	3.208000e+00
1.0	1.536000e+03	4.147200e+04	6.510490e-02	7.290016e-04	3.208000e+00
1.0	1.280000e+02	4.147200e+04	5.987908e-02	7.177173e-04	3.368000e+00
1.0	2.560000e+02	4.147200e+04	5.999096e-02	7.825611e-04	3.368000e+00
1.0	3.840000e+02	4.147200e+04	5.988168e-02	7.906456e-04	3.368000e+00
1.0	5.120000e+02	4.147200e+04	5.999388e-02	6.532132e-04	3.368000e+00
1.0	6.400000e+02	4.147200e+04	5.999414e-02	8.481979e-04	3.368000e+00
1.0	7.580000e+02	4.147200e+04	5.999494e-02	8.889446e-04	3.368000e+00
1.0	8.760000e+02	4.147200e+04	5.997161e-02	1.001630e-03	3.368000e+00
1.0	1.024000e+03	4.147200e+04	6.000044e-02	7.352466e-04	3.368000e+00
1.0	1.280000e+03	4.147200e+04	5.999207e-02	5.716221e-04	3.368000e+00
1.0	1.536000e+03	4.147200e+04	6.000813e-02	5.730322e-04	3.368000e+00
1.0	1.280000e+02	4.147200e+04	5.373476e-02	5.772895e-04	3.528000e+00
1.0	2.560000e+02	4.147200e+04	5.370283e-02	5.705367e-04	3.528000e+00
1.0	3.840000e+02	4.147200e+04	5.372654e-02	6.669737e-04	3.528000e+00
1.0	5.120000e+02	4.147200e+04	5.370555e-02	5.550206e-04	3.528000e+00
1.0	6.400000e+02	4.147200e+04	5.369895e-02	5.197190e-04	3.528000e+00
1.0	7.580000e+02	4.147200e+04	5.371446e-02	5.815236e-04	3.528000e+00
1.0	8.760000e+02	4.147200e+04	5.367728e-02	5.867896e-04	3.528000e+00
1.0	1.024000e+03	4.147200e+04	5.370171e-02	5.844911e-04	3.528000e+00
1.0	1.280000e+03	4.147200e+04	5.370482e-02	4.825643e-04	3.528000e+00
1.0	1.536000e+03	4.147200e+04	5.343015e-02	5.663603e-04	3.528000e+00
