1.0	1.280000e+02	4.147200e+04	1.000000e+00	0.000000e+00	5.000000e-02
1.0	2.560000e+02	4.147200e+04	1.000000e+00	0.000000e+00	5.000000e-02
1.0	3.840000e+02	4.147200e+04	1.000000e+00	0.000000e+00	5.000000e-02
1.0	5.120000e+02	4.147200e+04	1.000000e+00	0.000000e+00	5.000000e-02
1.0	6.400000e+02	4.147200e+04	1.000000e+00	0.000000e+00	5.000000e-02
1.0	7.580000e+02	4.147200e+04	1.000000e+00	0.000000e+00	5.000000e-02
1.0	8.760000e+02	4.147200e+04	1.000000e+00	0.000000e+00	5.000000e-02
1.0	1.024000e+03	4.147200e+04	1.000000e+00	0.000000e+00	5.000000e-02
1.0	1.280000e+03	4.147200e+04	1.000000e+00	0.000000e+00	5.000000e-02
1.0	1.536000e+03	4.147200e+04	1.000000e+00	0.000000e+00	5.000000e-02
1.0	1.280000e+02	4.147200e+04	1.000000e+00	0.000000e+00	2.500000e-01
1.0	2.560000e+02	4.147200e+04	1.000000e+00	0.000000e+00	2.500000e-01
1.0	3.840000e+02	4.147200e+04	1.000000e+00	0.000000e+00	2.500000e-01
1.0	5.120000e+02	4.147200e+04	1.000000e+00	0.000000e+00	2.500000e-01
1.0	6.400000e+02	4.147200e+04	1.000000e+00	0.000000e+00	2.500000e-01
1.0	7.580000e+02	4.147200e+04	1.000000e+00	0.000000e+00	2.500000e-01
1.0	8.760000e+02	4.147200e+04	1.000000e+00	0.000000e+00	2.500000e-01
1.0	1.024000e+03	4.147200e+04	1.000000e+00	0.000000e+00	2.500000e-01
1.0	1.280000e+03	4.147200e+04	1.000000e+00	0.000000e+00	2.500000e-01
1.0	1.536000e+03	4.147200e+04	1.000000e+00	0.000000e+00	2.500000e-01
1.0	1.280000e+02	4.147200e+04	1.000000e+00	0.000000e+00	4.500000e-01
1.0	2.560000e+02	4.147200e+04	1.000000e+00	0.000000e+00	4.500000e-01
1.0	3.840000e+02	4.147200e+04	1.000000e+00	0.000000e+00	4.500000e-01
1.0	5.120000e+02	4.147200e+04	1.000000e+00	0.000000e+00	4.500000e-01
1.0	6.400000e+02	4.147200e+04	1.000000e+00	0.000000e+00	4.500000e-01
1.0	7.580000e+02	4.147200e+04	1.000000e+00	0.000000e+00	4.500000e-01
1.0	8.760000e+02	4.147200e+04	1.000000e+00	0.000000e+00	4.500000e-01
1.0	1.024000e+03	4.147200e+04	1.000000e+00	0.000000e+00	4.500000e-01
1.0	1.280000e+03	4.147200e+04	1.000000e+00	0.000000e+00	4.500000e-01
1.0	1.536000e+03	4.147200e+04	1.000000e+00	0.000000e+00	4.500000e-01
1.0	1.280000e+02	4.147200e+04	9.999779e-01	3.531687e-06	6.500000e-01
1.0	2.560000e+02	4.147200e+04	9.999783e-01	3.594437e-06	6.500000e-01
1.0	3.840000e+02	4.147200e+04	9.999779e-01	3.589255e-06	6.500000e-01
1.0	5.120000e+02	4.147200e+04	9.999784e-01	3.638031e-06	6.500000e-01
1.0	6.400000e+02	4.147200e+04	9.999783e-01	3.158333e-06	6.500000e-01
1.0	7.580000e+02	4.147200e+04	9.999789e-01	3.902942e-06	6.500000e-01
1.0	8.760000e+02	4.147200e+04	9.999791e-01	3.845898e-06	6.500000e-01
1.0	1.024000e+03	4.147200e+04	9.999784e-01	3.286675e-06	6.500000e-01
1.0	1.280000e+03	4.147200e+04	9.999783e-01	3.010220e-06	6.500000e-01
1.0	1.536000e+03	4.147200e+04	9.999782e-01	3.091748e-06	6.500000e-01
1.0	1.280000e+02	4.147200e+04	9.996577e-01	1.609622e-05	8.500000e-01
1.0	2.560000e+02	4.147200e+04	9.996567e-01	1.576261e-05	8.500000e-01
1.0	3.840000e+02	4.147200e+04	9.996578e-01	1.573321e-05	8.500000e-01
1.0	5.120000e+02	4.147200e+04	9.996568e-01	1.271168e-05	8.500000e-01
1.0	6.400000e+02	4.147200e+04	9.996570e-01	1.483748e-05	8.500000e-01
1.0	7.580000e+02	4.147200e+04	9.996652e-01	7.533892e-06	8.500000e-01
1.0	8.760000e+02	4.147200e+04	9.996656e-01	9.235929e-06	8.500000e-01
1.0	1.024000e+03	4.147200e+04	9.996570e-01	1.259858e-05	8.500000e-01
1.0	1.280000e+03	4.147200e+04	9.996568e-01	1.203206e-05	8.500000e-01
1.0	1.536000e+03	4.147200e+04	9.996639e-01	7.539074e-06	8.500000e-01
1.0	1.280000e+02	4.147200e+04	9.978840e-01	4.669958e-05	1.050000e+00
1.0	2.560000e+02	4.147200e+04	9.978893e-01	4.590102e-05	1.050000e+00
1.0	3.840000e+02	4.147200e+04	9.978841e-01	4.203491e-05	1.050000e+00
1.0	5.120000e+02	4.147200e+04	9.978896e-01	4.120553e-05	1.050000e+00
1.0	6.400000e+02	4.147200e+04	9.978892e-01	5.277056e-05	1.050000e+00
1.0	7.580000e+02	4.147200e+04	9.978772e-01	4.549917e-05	1.050000e+00
1.0	8.760000e+02	4.147200e+04	9.978800e-01	4.981442e-05	1.050000e+00
1.0	1.024000e+03	4.147200e+04	9.978893e-01	4.001643e-05	1.050000e+00
1.0	1.280000e+03	4.147200e+04	9.978892e-01	4.578216e-05	1.050000e+00
1.0	1.536000e+03	4.147200e+04	9.978707e-01	2.942406e-05	1.050000e+00
1.0	1.280000e+02	4.147200e+04	9.920949e-01	8.813117e-05	1.250000e+00
1.0	2.560000e+02	4.147200e+04	9.920904e-01	9.249566e-05	1.250000e+00
1.0	3.840000e+02	4.147200e+04	9.920962e-01	9.233916e-05	1.250000e+00
1.0	5.120000e+02	4.147200e+04	9.920919e-01	8.973925e-05	1.250000e+00
1.0	6.400000e+02	4.147200e+04	9.920924e-01	1.062765e-04	1.250000e+00
1.0	7.580000e+02	4.147200e+04	9.920934e-01	9.444793e-05	1.250000e+00
1.0	8.760000e+02	4.147200e+04	9.920808e-01	1.059828e-04	1.250000e+00
1.0	1.024000e+03	4.147200e+04	9.920905e-01	8.593158e-05	1.250000e+00
1.0	1.280000e+03	4.147200e+04	9.920909e-01	1.131628e-04	1.250000e+00
1.0	1.536000e+03	4.147200e+04	9.920815e-01	7.785896e-05	1.250000e+00
1.0	1.280000e+02	4.147200e+04	9.785848e-01	1.905703e-04	1.450000e+00
1.0	2.560000e+02	4.147200e+04	9.785863e-01	1.990115e-04	1.450000e+00
1.0	3.840000e+02	4.147200e+04	9.785849e-01	1.617214e-04	1.450000e+00
1.0	5.120000e+02	4.147200e+04	9.785851e-01	1.702904e-04	1.450000e+00
1.0	6.400000e+02	4.147200e+04	9.785851e-01	1.961805e-04	1.450000e+00
1.0	7.580000e+02	4.147200e+04	9.785961e-01	1.747580e-04	1.450000e+00
1.0	8.760000e+02	4.147200e+04	9.786062e-01	1.877230e-04	1.450000e+00
1.0	1.024000e+03	4.147200e+04	9.785848e-01	1.970593e-04	1.450000e+00
1.0	1.280000e+03	4.147200e+04	9.785854e-01	1.541223e-04	1.450000e+00
1.0	1.536000e+03	4.147200e+04	9.785786e-01	2.231017e-04	1.450000e+00
1.0	1.280000e+02	4.147200e+04	9.512446e-01	3.452817e-04	1.650000e+00
1.0	2.560000e+02	4.147200e+04	9.512352e-01	3.550608e-04	1.650000e+00
1.0	3.840000e+02	4.147200e+04	9.512468e-01	3.039374e-04	1.650000e+00
1.0	5.120000e+02	4.147200e+04	9.512344e-01	3.488962e-04	1.650000e+00
1.0	6.400000e+02	4.147200e+04	9.512371e-01	3.188899e-04	1.650000e+00
1.0	7.580000e+02	4.147200e+04	9.512824e-01	3.319593e-04	1.650000e+00
1.0	8.760000e+02	4.147200e+04	9.511999e-01	3.805964e-04	1.650000e+00
1.0	1.024000e+03	4.147200e+04	9.512366e-01	3.049395e-04	1.650000e+00
1.0	1.280000e+03	4.147200e+04	9.512349e-01	2.831124e-04	1.650000e+00
1.0	1.536000e+03	4.147200e+04	9.512200e-01	2.303176e-04	1.650000e+00
1.0	1.280000e+02	4.147200e+04	9.000529e-01	6.510764e-04	1.850000e+00
1.0	2.560000e+02	4.147200e+04	8.999974e-01	6.027616e-04	1.850000e+00
1.0	3.840000e+02	4.147200e+04	9.000575e-01	5.916907e-04	1.850000e+00
1.0	5.120000e+02	4.147200e+04	8.999993e-01	5.957320e-04	1.850000e+00
1.0	6.400000e+02	4.147200e+04	8.999986e-01	6.574672e-04	1.850000e+00
1.0	7.580000e+02	4.147200e+04	8.999187e-01	5.877510e-04	1.850000e+00
1.0	8.760000e+02	4.147200e+04	9.000915e-01	5.492898e-04	1.850000e+00
1.0	1.024000e+03	4.147200e+04	9.000006e-01	4.718088e-04	1.850000e+00
1.0	1.280000e+03	4.147200e+04	9.000016e-01	5.797039e-04	1.850000e+00
1.0	1.536000e+03	4.147200e+04	9.000045e-01	4.517262e-04	1.850000e+00
1.0	1.280000e+02	4.147200e+04	8.331198e-01	1.312263e-03	2.000000e+00
1.0	2.560000e+02	4.147200e+04	8.330025e-01	1.044544e-03	2.000000e+00
1.0	3.840000e+02	4.147200e+04	8.331197e-01	8.411051e-04	2.000000e+00
1.0	5.120000e+02	4.147200e+04	8.330092e-01	9.576333e-04	2.000000e+00
1.0	6.400000e+02	4.147200e+04	8.329951e-01	9.866102e-04	2.000000e+00
1.0	7.580000e+02	4.147200e+04	8.330525e-01	1.004046e-03	2.000000e+00
1.0	8.760000e+02	4.147200e+04	8.330630e-01	8.696281e-04	2.000000e+00
1.0	1.024000e+03	4.147200e+04	8.329963e-01	1.159662e-03	2.000000e+00
1.0	1.280000e+03	4.147200e+04	8.330035e-01	1.008409e-03	2.000000e+00
1.0	1.536000e+03	4.147200e+04	8.331710e-01	1.176983e-03	2.000000e+00
1.0	1.280000e+02	4.147200e+04	8.218421e-01	1.431940e-03	2.016000e+00
1.0	2.560000e+02	4.147200e+04	8.218147e-01	1.291194e-03	2.016000e+00
1.0	3.840000e+02	4.147200e+04	8.218454e-01	1.450386e-03	2.016000e+00
1.0	5.120000e+02	4.147200e+04	8.218228e-01	1.426105e-03	2.016000e+00
1.0	6.400000e+02	4.147200e+04	8.218260e-01	1.340337e-03	2.016000e+00
1.0	7.580000e+02	4.147200e+04	8.220195e-01	1.576366e-03	2.016000e+00
1.0	8.760000e+02	4.147200e+04	8.219490e-01	1.521414e-03	2.016000e+00
1.0	1.024000e+03	4.147200e+04	8.218371e-01	1.489190e-03	2.016000e+00
1.0	1.280000e+03	4.147200e+04	8.218189e-01	1.566283e-03	2.016000e+00
1.0	1.536000e+03	4.147200e+04	8.223535e-01	1.571452e-03	2.016000e+00
1.0	1.280000e+02	4.147200e+04	8.098369e-01	2.154097e-03	2.032000e+00
1.0	2.560000e+02	4.147200e+04	8.097535e-01	2.285639e-03	2.032000e+00
1.0	3.840000e+02	4.147200e+04	8.098193e-01	2.350632e-03	2.032000e+00
1.0	5.120000e+02	4.147200e+04	8.097371e-01	2.807561e-03	2.032000e+00
1.0	6.400000e+02	4.147200e+04	8.097369e-01	2.708804e-03	2.032000e+00
1.0	7.580000e+02	4.147200e+04	8.094184e-01	2.846505e-03	2.032000e+00
1.0	8.760000e+02	4.147200e+04	8.093670e-01	2.491821e-03	2.032000e+00
1.0	1.024000e+03	4.147200e+04	8.097471e-01	2.456647e-03	2.032000e+00
1.0	1.280000e+03	4.147200e+04	8.097640e-01	2.498615e-03	2.032000e+00
1.0	1.536000e+03	4.147200e+04	8.090960e-01	3.419452e-03	2.032000e+00
1.0	1.280000e+02	4.147200e+04	7.974017e-01	2.003247e-03	2.048000e+00
1.0	2.560000e+02	4.147200e+04	7.971965e-01	2.000791e-03	2.048000e+00
1.0	3.840000e+02	4.147200e+04	7.973954e-01	1.482572e-03	2.048000e+00
1.0	5.120000e+02	4.147200e+04	7.971985e-01	1.827118e-03	2.048000e+00
1.0	6.400000e+02	4.147200e+04	7.971824e-01	1.528633e-03	2.048000e+00
1.0	7.580000e+02	4.147200e+04	7.972065e-01	1.313476e-03	2.048000e+00
1.0	8.760000e+02	4.147200e+04	7.970178e-01	1.287853e-03	2.048000e+00
1.0	1.024000e+03	4.147200e+04	7.971770e-01	1.806576e-03	2.048000e+00
1.0	1.280000e+03	4.147200e+04	7.971840e-01	1.393663e-03	2.048000e+00
1.0	1.536000e+03	4.147200e+04	7.967204e-01	1.840409e-03	2.048000e+00
1.0	1.280000e+02	4.147200e+04	7.873469e-01	2.417440e-03	2.064000e+00
1.0	2.560000e+02	4.147200e+04	7.873792e-01	2.802871e-03	2.064000e+00
1.0	3.840000e+02	4.147200e+04	7.873477e-01	2.812427e-03	2.064000e+00
1.0	5.120000e+02	4.147200e+04	7.874067e-01	2.632795e-03	2.064000e+00
1.0	6.400000e+02	4.147200e+04	7.873831e-01	2.781510e-03	2.064000e+00
1.0	7.580000e+02	4.147200e+04	7.879689e-01	2.636641e-03	2.064000e+00
1.0	8.760000e+02	4.147200e+04	7.876759e-01	3.108337e-03	2.064000e+00
1.0	1.024000e+03	4.147200e+04	7.874016e-01	2.559941e-03	2.064000e+00
1.0	1.280000e+03	4.147200e+04	7.873976e-01	2.974120e-03	2.064000e+00
1.0	1.536000e+03	4.147200e+04	7.880437e-01	3.419674e-03	2.064000e+00
1.0	1.280000e+02	4.147200e+04	7.773070e-01	2.096636e-03	2.080000e+00
1.0	2.560000e+02	4.147200e+04	7.772024e-01	1.983617e-03	2.080000e+00
1.0	3.840000e+02	4.147200e+04	7.773410e-01	2.048782e-03	2.080000e+00
1.0	5.120000e+02	4.147200e+04	7.772040e-01	1.842287e-03	2.080000e+00
1.0	6.400000e+02	4.147200e+04	7.772085e-01	2.474633e-03	2.080000e+00
1.0	7.580000e+02	4.147200e+04	7.770203e-01	2.003911e-03	2.080000e+00
1.0	8.760000e+02	4.147200e+04	7.768460e-01	2.344547e-03	2.080000e+00
1.0	1.024000e+03	4.147200e+04	7.772162e-01	2.373063e-03	2.080000e+00
1.0	1.280000e+03	4.147200e+04	7.771987e-01	2.580256e-03	2.080000e+00
1.0	1.536000e+03	4.147200e+04	7.768664e-01	2.723333e-03	2.080000e+00
1.0	1.280000e+02	4.147200e+04	7.612014e-01	2.977420e-03	2.096000e+00
1.0	2.560000e+02	4.147200e+04	7.608935e-01	2.816928e-03	2.096000e+00
1.0	3.840000e+02	4.147200e+04	7.612061e-01	3.438134e-03	2.096000e+00
1.0	5.120000e+02	4.147200e+04	7.609025e-01	2.979718e-03	2.096000e+00
1.0	6.400000e+02	4.147200e+04	7.608907e-01	3.486796e-03	2.096000e+00
1.0	7.580000e+02	4.147200e+04	7.602761e-01	2.476157e-03	2.096000e+00
1.0	8.760000e+02	4.147200e+04	7.597599e-01	2.824917e-03	2.096000e+00
1.0	1.024000e+03	4.147200e+04	7.609098e-01	3.531737e-03	2.096000e+00
1.0	1.280000e+03	4.147200e+04	7.608965e-01	3.578268e-03	2.096000e+00
1.0	1.536000e+03	4.147200e+04	7.594315e-01	3.650735e-03	2.096000e+00
1.0	1.280000e+02	4.147200e+04	7.470220e-01	3.242563e-03	2.112000e+00
1.0	2.560000e+02	4.147200e+04	7.474954e-01	3.266887e-03	2.112000e+00
1.0	3.840000e+02	4.147200e+04	7.470042e-01	2.581011e-03	2.112000e+00
1.0	5.120000e+02	4.147200e+04	7.475163e-01	2.865493e-03	2.112000e+00
1.0	6.400000e+02	4.147200e+04	7.474653e-01	2.408541e-03	2.112000e+00
1.0	7.580000e+02	4.147200e+04	7.467508e-01	2.683432e-03	2.112000e+00
1.0	8.760000e+02	4.147200e+04	7.463112e-01	2.623563e-03	2.112000e+00
1.0	1.024000e+03	4.147200e+04	7.474828e-01	2.745962e-03	2.112000e+00
1.0	1.280000e+03	4.147200e+04	7.474809e-01	2.886020e-03	2.112000e+00
1.0	1.536000e+03	4.147200e+04	7.456729e-01	2.957759e-03	2.112000e+00
1.0	1.280000e+02	4.147200e+04	7.280622e-01	4.129727e-03	2.128000e+00
1.0	2.560000e+02	4.147200e+04	7.288332e-01	4.197493e-03	2.128000e+00
1.0	3.840000e+02	4.147200e+04	7.280318e-01	4.030866e-03	2.128000e+00
1.0	5.120000e+02	4.147200e+04	7.287806e-01	4.765064e-03	2.128000e+00
1.0	6.400000e+02	4.147200e+04	7.288088e-01	4.696665e-03	2.128000e+00
1.0	7.580000e+02	4.147200e+04	7.291753e-01	3.606246e-03	2.128000e+00
1.0	8.760000e+02	4.147200e+04	7.289521e-01	4.415822e-03	2.128000e+00
1.0	1.024000e+03	4.147200e+04	7.288137e-01	5.035318e-03	2.128000e+00
1.0	1.280000e+03	4.147200e+04	7.288098e-01	4.156637e-03	2.128000e+00
1.0	1.536000e+03	4.147200e+04	7.292594e-01	3.889861e-03	2.128000e+00
1.0	1.280000e+02	4.147200e+04	7.030317e-01	6.808261e-03	2.144000e+00
1.0	2.560000e+02	4.147200e+04	7.024831e-01	6.607073e-03	2.144000e+00
1.0	3.840000e+02	4.147200e+04	7.030323e-01	7.460343e-03	2.144000e+00
1.0	5.120000e+02	4.147200e+04	7.024859e-01	8.919955e-03	2.144000e+00
1.0	6.400000e+02	4.147200e+04	7.024514e-01	9.301121e-03	2.144000e+00
1.0	7.580000e+02	4.147200e+04	7.030758e-01	9.599297e-03	2.144000e+00
1.0	8.760000e+02	4.147200e+04	7.025570e-01	8.059110e-03	2.144000e+00
1.0	1.024000e+03	4.147200e+04	7.024616e-01	8.765425e-03	2.144000e+00
1.0	1.280000e+03	4.147200e+04	7.024797e-01	1.239321e-02	2.144000e+00
1.0	1.536000e+03	4.147200e+04	7.017457e-01	1.362963e-02	2.144000e+00
1.0	1.280000e+02	4.147200e+04	6.962670e-01	4.301091e-03	2.160000e+00
1.0	2.560000e+02	4.147200e+04	6.958152e-01	4.003718e-03	2.160000e+00
1.0	3.840000e+02	4.147200e+04	6.962728e-01	4.875739e-03	2.160000e+00
1.0	5.120000e+02	4.147200e+04	6.958788e-01	4.345361e-03	2.160000e+00
1.0	6.400000e+02	4.147200e+04	6.958262e-01	3.377645e-03	2.160000e+00
1.0	7.580000e+02	4.147200e+04	6.952042e-01	4.113987e-03	2.160000e+00
1.0	8.760000e+02	4.147200e+04	6.954537e-01	2.706689e-03	2.160000e+00
1.0	1.024000e+03	4.147200e+04	6.958532e-01	4.152609e-03	2.160000e+00
1.0	1.280000e+03	4.147200e+04	6.958473e-01	3.084662e-03	2.160000e+00
1.0	1.536000e+03	4.147200e+04	6.954870e-01	4.237316e-03	2.160000e+00
1.0	1.280000e+02	4.147200e+04	6.594714e-01	8.055458e-03	2.176000e+00
1.0	2.560000e+02	4.147200e+04	6.594448e-01	7.736254e-03	2.176000e+00
1.0	3.840000e+02	4.147200e+04	6.594820e-01	7.877439e-03	2.176000e+00
1.0	5.120000e+02	4.147200e+04	6.593756e-01	6.508463e-03	2.176000e+00
1.0	6.400000e+02	4.147200e+04	6.593864e-01	6.444633e-03	2.176000e+00
1.0	7.580000e+02	4.147200e+04	6.601565e-01	5.679997e-03	2.176000e+00
1.0	8.760000e+02	4.147200e+04	6.594058e-01	5.738224e-03	2.176000e+00
1.0	1.024000e+03	4.147200e+04	6.594077e-01	5.495977e-03	2.176000e+00
1.0	1.280000e+03	4.147200e+04	6.593777e-01	3.908411e-03	2.176000e+00
1.0	1.536000e+03	4.147200e+04	6.592549e-01	6.035141e-03	2.176000e+00
1.0	1.280000e+02	4.147200e+04	6.366349e-01	9.006166e-03	2.192000e+00
1.0	2.560000e+02	4.147200e+04	6.359390e-01	1.027861e-02	2.192000e+00
1.0	3.840000e+02	4.147200e+04	6.367214e-01	1.047594e-02	2.192000e+00
1.0	5.120000e+02	4.147200e+04	6.359725e-01	9.017879e-03	2.192000e+00
1.0	6.400000e+02	4.147200e+04	6.360032e-01	9.066720e-03	2.192000e+00
1.0	7.580000e+02	4.147200e+04	6.344190e-01	6.343725e-03	2.192000e+00
1.0	8.760000e+02	4.147200e+04	6.369152e-01	8.437942e-03	2.192000e+00
1.0	1.024000e+03	4.147200e+04	6.359191e-01	7.954291e-03	2.192000e+00
1.0	1.280000e+03	4.147200e+04	6.359497e-01	9.139103e-03	2.192000e+00
1.0	1.536000e+03	4.147200e+04	6.359000e-01	8.482589e-03	2.192000e+00
1.0	1.280000e+02	4.147200e+04	6.036640e-01	8.641005e-03	2.208000e+00
1.0	2.560000e+02	4.147200e+04	6.037058e-01	9.011130e-03	2.208000e+00
1.0	3.840000e+02	4.147200e+04	6.037876e-01	9.594257e-03	2.208000e+00
1.0	5.120000e+02	4.147200e+04	6.036711e-01	9.434275e-03	2.208000e+00
1.0	6.400000e+02	4.147200e+04	6.036786e-01	8.432495e-03	2.208000e+00
1.0	7.580000e+02	4.147200e+04	6.041107e-01	8.710467e-03	2.208000e+00
1.0	8.760000e+02	4.147200e+04	6.038913e-01	7.995909e-03	2.208000e+00
1.0	1.024000e+03	4.147200e+04	6.036993e-01	8.667692e-03	2.208000e+00
1.0	1.280000e+03	4.147200e+04	6.036094e-01	8.289860e-03	2.208000e+00
1.0	1.536000e+03	4.147200e+04	6.006632e-01	7.715580e-03	2.208000e+00
1.0	1.280000e+02	4.147200e+04	5.883686e-01	8.824754e-03	2.224000e+00
1.0	2.560000e+02	4.147200e+04	5.875553e-01	8.566797e-03	2.224000e+00
1.0	3.840000e+02	4.147200e+04	5.884396e-01	7.154054e-03	2.224000e+00
1.0	5.120000e+02	4.147200e+04	5.875129e-01	8.159968e-03	2.224000e+00
1.0	6.400000e+02	4.147200e+04	5.875451e-01	9.381791e-03	2.224000e+00
1.0	7.580000e+02	4.147200e+04	5.871169e-01	8.330743e-03	2.224000e+00
1.0	8.760000e+02	4.147200e+04	5.855671e-01	6.266514e-03	2.224000e+00
1.0	1.024000e+03	4.147200e+04	5.875179e-01	8.024582e-03	2.224000e+00
1.0	1.280000e+03	4.147200e+04	5.875929e-01	1.005240e-02	2.224000e+00
1.0	1.536000e+03	4.147200e+04	5.844882e-01	6.020975e-03	2.224000e+00
1.0	1.280000e+02	4.147200e+04	6.040393e-01	7.466673e-03	2.228000e+00
1.0	2.560000e+02	4.147200e+04	6.038526e-01	9.145264e-03	2.228000e+00
1.0	3.840000e+02	4.147200e+04	6.040016e-01	7.670453e-03	2.228000e+00
1.0	5.120000e+02	4.147200e+04	6.038418e-01	8.645354e-03	2.228000e+00
1.0	6.400000e+02	4.147200e+04	6.037375e-01	9.957145e-03	2.228000e+00
1.0	7.580000e+02	4.147200e+04	6.023922e-01	9.504885e-03	2.228000e+00
1.0	8.760000e+02	4.147200e+04	6.022225e-01	1.018952e-02	2.228000e+00
1.0	1.024000e+03	4.147200e+04	6.037347e-01	9.159089e-03	2.228000e+00
1.0	1.280000e+03	4.147200e+04	6.038384e-01	9.663992e-03	2.228000e+00
1.0	1.536000e+03	4.147200e+04	6.002434e-01	1.006970e-02	2.228000e+00
1.0	1.280000e+02	4.147200e+04	5.582260e-01	1.076640e-02	2.232000e+00
1.0	2.560000e+02	4.147200e+04	5.571944e-01	1.199687e-02	2.232000e+00
1.0	3.840000e+02	4.147200e+04	5.582213e-01	1.236295e-02	2.232000e+00
1.0	5.120000e+02	4.147200e+04	5.571419e-01	1.114994e-02	2.232000e+00
1.0	6.400000e+02	4.147200e+04	5.571721e-01	9.638813e-03	2.232000e+00
1.0	7.580000e+02	4.147200e+04	5.566548e-01	1.054370e-02	2.232000e+00
1.0	8.760000e+02	4.147200e+04	5.569350e-01	1.365916e-02	2.232000e+00
1.0	1.024000e+03	4.147200e+04	5.572147e-01	1.230748e-02	2.232000e+00
1.0	1.280000e+03	4.147200e+04	5.571830e-01	9.021494e-03	2.232000e+00
1.0	1.536000e+03	4.147200e+04	5.544933e-01	1.020247e-02	2.232000e+00
1.0	1.280000e+02	4.147200e+04	5.739863e-01	8.313376e-03	2.236000e+00
1.0	2.560000e+02	4.147200e+04	5.730774e-01	7.773724e-03	2.236000e+00
1.0	3.840000e+02	4.147200e+04	5.739736e-01	8.069070e-03	2.236000e+00
1.0	5.120000e+02	4.147200e+04	5.730602e-01	7.003018e-03	2.236000e+00
1.0	6.400000e+02	4.147200e+04	5.730887e-01	7.281335e-03	2.236000e+00
1.0	7.580000e+02	4.147200e+04	5.725674e-01	6.334531e-03	2.236000e+00
1.0	8.760000e+02	4.147200e+04	5.723101e-01	7.794429e-03	2.236000e+00
1.0	1.024000e+03	4.147200e+04	5.731354e-01	8.669364e-03	2.236000e+00
1.0	1.280000e+03	4.147200e+04	5.730520e-01	5.816545e-03	2.236000e+00
1.0	1.536000e+03	4.147200e+04	5.745711e-01	6.565175e-03	2.236000e+00
1.0	1.280000e+02	4.147200e+04	5.577264e-01	1.028627e-02	2.240000e+00
1.0	2.560000e+02	4.147200e+04	5.566578e-01	1.025382e-02	2.240000e+00
1.0	3.840000e+02	4.147200e+04	5.577507e-01	9.601933e-03	2.240000e+00
1.0	5.120000e+02	4.147200e+04	5.566618e-01	1.020270e-02	2.240000e+00
1.0	6.400000e+02	4.147200e+04	5.566445e-01	8.581994e-03	2.240000e+00
1.0	7.580000e+02	4.147200e+04	5.580189e-01	1.060463e-02	2.240000e+00
1.0	8.760000e+02	4.147200e+04	5.571112e-01	9.621398e-03	2.240000e+00
1.0	1.024000e+03	4.147200e+04	5.567335e-01	9.305613e-03	2.240000e+00
1.0	1.280000e+03	4.147200e+04	5.566710e-01	1.022773e-02	2.240000e+00
1.0	1.536000e+03	4.147200e+04	5.569204e-01	8.637850e-03	2.240000e+00
1.0	1.280000e+02	4.147200e+04	5.492625e-01	1.061766e-02	2.244000e+00
1.0	2.560000e+02	4.147200e+04	5.499969e-01	1.077278e-02	2.244000e+00
1.0	3.840000e+02	4.147200e+04	5.492902e-01	1.009349e-02	2.244000e+00
1.0	5.120000e+02	4.147200e+04	5.499871e-01	9.740934e-03	2.244000e+00
1.0	6.400000e+02	4.147200e+04	5.500172e-01	1.098856e-02	2.244000e+00
1.0	7.580000e+02	4.147200e+04	5.492541e-01	1.127741e-02	2.244000e+00
1.0	8.760000e+02	4.147200e+04	5.476202e-01	1.148483e-02	2.244000e+00
1.0	1.024000e+03	4.147200e+04	5.500658e-01	8.285817e-03	2.244000e+00
1.0	1.280000e+03	4.147200e+04	5.500399e-01	9.301707e-03	2.244000e+00
1.0	1.536000e+03	4.147200e+04	5.519422e-01	7.544498e-03	2.244000e+00
1.0	1.280000e+02	4.147200e+04	5.606968e-01	7.769410e-03	2.248000e+00
1.0	2.560000e+02	4.147200e+04	5.602636e-01	8.900141e-03	2.248000e+00
1.0	3.840000e+02	4.147200e+04	5.606581e-01	9.779299e-03	2.248000e+00
1.0	5.120000e+02	4.147200e+04	5.602715e-01	8.071324e-03	2.248000e+00
1.0	6.400000e+02	4.147200e+04	5.602920e-01	8.566444e-03	2.248000e+00
1.0	7.580000e+02	4.147200e+04	5.577298e-01	8.027028e-03	2.248000e+00
1.0	8.760000e+02	4.147200e+04	5.566820e-01	6.032115e-03	2.248000e+00
1.0	1.024000e+03	4.147200e+04	5.602783e-01	9.429052e-03	2.248000e+00
1.0	1.280000e+03	4.147200e+04	5.602875e-01	1.039450e-02	2.248000e+00
1.0	1.536000e+03	4.147200e+04	5.545340e-01	6.166627e-03	2.248000e+00
1.0	1.280000e+02	4.147200e+04	5.179345e-01	1.064241e-02	2.252000e+00
1.0	2.560000e+02	4.147200e+04	5.169721e-01	1.164454e-02	2.252000e+00
1.0	3.840000e+02	4.147200e+04	5.178991e-01	1.174302e-02	2.252000e+00
1.0	5.120000e+02	4.147200e+04	5.168607e-01	1.049050e-02	2.252000e+00
1.0	6.400000e+02	4.147200e+04	5.168931e-01	1.141258e-02	2.252000e+00
1.0	7.580000e+02	4.147200e+04	5.148249e-01	1.161357e-02	2.252000e+00
1.0	8.760000e+02	4.147200e+04	5.220736e-01	9.481791e-03	2.252000e+00
1.0	1.024000e+03	4.147200e+04	5.167827e-01	1.086403e-02	2.252000e+00
1.0	1.280000e+03	4.147200e+04	5.168968e-01	1.042146e-02	2.252000e+00
1.0	1.536000e+03	4.147200e+04	5.205140e-01	1.147861e-02	2.252000e+00
1.0	1.280000e+02	4.147200e+04	5.088971e-01	1.061682e-02	2.256000e+00
1.0	2.560000e+02	4.147200e+04	5.087726e-01	1.002812e-02	2.256000e+00
1.0	3.840000e+02	4.147200e+04	5.089718e-01	1.056483e-02	2.256000e+00
1.0	5.120000e+02	4.147200e+04	5.087059e-01	9.757937e-03	2.256000e+00
1.0	6.400000e+02	4.147200e+04	5.087330e-01	9.856299e-03	2.256000e+00
1.0	7.580000e+02	4.147200e+04	5.067278e-01	1.334478e-02	2.256000e+00
1.0	8.760000e+02	4.147200e+04	5.062008e-01	7.485222e-03	2.256000e+00
1.0	1.024000e+03	4.147200e+04	5.087413e-01	1.011159e-02	2.256000e+00
1.0	1.280000e+03	4.147200e+04	5.087167e-01	1.098510e-02	2.256000e+00
1.0	1.536000e+03	4.147200e+04	5.046844e-01	8.014952e-03	2.256000e+00
1.0	1.280000e+02	4.147200e+04	5.132608e-01	1.042365e-02	2.260000e+00
1.0	2.560000e+02	4.147200e+04	5.137806e-01	1.137834e-02	2.260000e+00
1.0	3.840000e+02	4.147200e+04	5.133185e-01	1.143145e-02	2.260000e+00
1.0	5.120000e+02	4.147200e+04	5.136831e-01	1.200574e-02	2.260000e+00
1.0	6.400000e+02	4.147200e+04	5.138216e-01	1.360559e-02	2.260000e+00
1.0	7.580000e+02	4.147200e+04	5.182393e-01	1.245138e-02	2.260000e+00
1.0	8.760000e+02	4.147200e+04	5.175723e-01	1.326527e-02	2.260000e+00
1.0	1.024000e+03	4.147200e+04	5.136701e-01	1.067504e-02	2.260000e+00
1.0	1.280000e+03	4.147200e+04	5.138106e-01	1.367107e-02	2.260000e+00
1.0	1.536000e+03	4.147200e+04	5.171035e-01	1.623634e-02	2.260000e+00
1.0	1.280000e+02	4.147200e+04	5.195929e-01	8.782449e-03	2.264000e+00
1.0	2.560000e+02	4.147200e+04	5.181284e-01	9.787753e-03	2.264000e+00
1.0	3.840000e+02	4.147200e+04	5.195491e-01	1.135182e-02	2.264000e+00
1.0	5.120000e+02	4.147200e+04	5.182000e-01	1.101979e-02	2.264000e+00
1.0	6.400000e+02	4.147200e+04	5.179572e-01	1.054539e-02	2.264000e+00
1.0	7.580000e+02	4.147200e+04	5.182626e-01	1.071216e-02	2.264000e+00
1.0	8.760000e+02	4.147200e+04	5.173952e-01	1.084576e-02	2.264000e+00
1.0	1.024000e+03	4.147200e+04	5.180794e-01	1.010813e-02	2.264000e+00
1.0	1.280000e+03	4.147200e+04	5.180611e-01	1.218443e-02	2.264000e+00
1.0	1.536000e+03	4.147200e+04	5.150849e-01	6.773396e-03	2.264000e+00
1.0	1.280000e+02	4.147200e+04	4.883425e-01	1.152655e-02	2.268000e+00
1.0	2.560000e+02	4.147200e+04	4.868493e-01	1.266611e-02	2.268000e+00
1.0	3.840000e+02	4.147200e+04	4.883796e-01	1.226129e-02	2.268000e+00
1.0	5.120000e+02	4.147200e+04	4.870164e-01	1.224509e-02	2.268000e+00
1.0	6.400000e+02	4.147200e+04	4.868919e-01	1.120197e-02	2.268000e+00
1.0	7.580000e+02	4.147200e+04	4.850368e-01	1.207457e-02	2.268000e+00
1.0	8.760000e+02	4.147200e+04	4.840036e-01	1.070098e-02	2.268000e+00
1.0	1.024000e+03	4.147200e+04	4.870357e-01	1.441217e-02	2.268000e+00
1.0	1.280000e+03	4.147200e+04	4.870152e-01	1.163275e-02	2.268000e+00
1.0	1.536000e+03	4.147200e+04	4.815322e-01	1.398030e-02	2.268000e+00
1.0	1.280000e+02	4.147200e+04	4.743339e-01	1.201253e-02	2.272000e+00
1.0	2.560000e+02	4.147200e+04	4.733996e-01	1.237483e-02	2.272000e+00
1.0	3.840000e+02	4.147200e+04	4.743333e-01	1.288549e-02	2.272000e+00
1.0	5.120000e+02	4.147200e+04	4.733631e-01	1.246077e-02	2.272000e+00
1.0	6.400000e+02	4.147200e+04	4.732862e-01	1.215447e-02	2.272000e+00
1.0	7.580000e+02	4.147200e+04	4.726841e-01	1.057091e-02	2.272000e+00
1.0	8.760000e+02	4.147200e+04	4.736741e-01	1.270341e-02	2.272000e+00
1.0	1.024000e+03	4.147200e+04	4.735376e-01	1.260500e-02	2.272000e+00
1.0	1.280000e+03	4.147200e+04	4.733395e-01	1.585406e-02	2.272000e+00
1.0	1.536000e+03	4.147200e+04	4.738301e-01	1.056432e-02	2.272000e+00
1.0	1.280000e+02	4.147200e+04	4.714568e-01	1.140635e-02	2.276000e+00
1.0	2.560000e+02	4.147200e+04	4.711845e-01	1.279346e-02	2.276000e+00
1.0	3.840000e+02	4.147200e+04	4.715497e-01	1.329119e-02	2.276000e+00
1.0	5.120000e+02	4.147200e+04	4.712677e-01	1.281780e-02	2.276000e+00
1.0	6.400000e+02	4.147200e+04	4.712980e-01	1.330410e-02	2.276000e+00
1.0	7.580000e+02	4.147200e+04	4.693125e-01	1.313170e-02	2.276000e+00
1.0	8.760000e+02	4.147200e+04	4.695455e-01	1.346803e-02	2.276000e+00
1.0	1.024000e+03	4.147200e+04	4.713985e-01	1.483211e-02	2.276000e+00
1.0	1.280000e+03	4.147200e+04	4.711353e-01	1.275247e-02	2.276000e+00
1.0	1.536000e+03	4.147200e+04	4.736097e-01	1.646710e-02	2.276000e+00
1.0	1.280000e+02	4.147200e+04	4.778311e-01	1.246220e-02	2.280000e+00
1.0	2.560000e+02	4.147200e+04	4.762005e-01	1.200666e-02	2.280000e+00
1.0	3.840000e+02	4.147200e+04	4.779549e-01	1.063120e-02	2.280000e+00
1.0	5.120000e+02	4.147200e+04	4.761656e-01	1.047989e-02	2.280000e+00
1.0	6.400000e+02	4.147200e+04	4.762147e-01	8.917471e-03	2.280000e+00
1.0	7.580000e+02	4.147200e+04	4.769165e-01	9.264943e-03	2.280000e+00
1.0	8.760000e+02	4.147200e+04	4.741396e-01	8.205713e-03	2.280000e+00
1.0	1.024000e+03	4.147200e+04	4.762380e-01	1.128695e-02	2.280000e+00
1.0	1.280000e+03	4.147200e+04	4.762186e-01	9.494716e-03	2.280000e+00
1.0	1.536000e+03	4.147200e+04	4.756204e-01	9.373135e-03	2.280000e+00
1.0	1.280000e+02	4.147200e+04	4.423697e-01	1.256598e-02	2.284000e+00
1.0	2.560000e+02	4.147200e+04	4.415259e-01	1.365453e-02	2.284000e+00
1.0	3.840000e+02	4.147200e+04	4.423749e-01	1.392263e-02	2.284000e+00
1.0	5.120000e+02	4.147200e+04	4.413834e-01	1.394327e-02	2.284000e+00
1.0	6.400000e+02	4.147200e+04	4.414700e-01	1.589591e-02	2.284000e+00
1.0	7.580000e+02	4.147200e+04	4.399917e-01	1.419406e-02	2.284000e+00
1.0	8.760000e+02	4.147200e+04	4.375556e-01	1.464095e-02	2.284000e+00
1.0	1.024000e+03	4.147200e+04	4.415236e-01	1.354376e-02	2.284000e+00
1.0	1.280000e+03	4.147200e+04	4.414182e-01	1.257935e-02	2.284000e+00
1.0	1.536000e+03	4.147200e+04	4.428443e-01	1.523135e-02	2.284000e+00
1.0	1.280000e+02	4.147200e+04	4.402349e-01	1.312646e-02	2.288000e+00
1.0	2.560000e+02	4.147200e+04	4.440680e-01	1.369919e-02	2.288000e+00
1.0	3.840000e+02	4.147200e+04	4.402211e-01	1.252540e-02	2.288000e+00
1.0	5.120000e+02	4.147200e+04	4.440870e-01	1.562664e-02	2.288000e+00
1.0	6.400000e+02	4.147200e+04	4.441543e-01	1.148946e-02	2.288000e+00
1.0	7.580000e+02	4.147200e+04	4.405030e-01	1.580685e-02	2.288000e+00
1.0	8.760000e+02	4.147200e+04	4.426336e-01	1.390443e-02	2.288000e+00
1.0	1.024000e+03	4.147200e+04	4.440419e-01	1.566595e-02	2.288000e+00
1.0	1.280000e+03	4.147200e+04	4.440549e-01	1.182095e-02	2.288000e+00
1.0	1.536000e+03	4.147200e+04	4.433733e-01	1.770558e-02	2.288000e+00
1.0	1.280000e+02	4.147200e+04	4.247555e-01	1.367632e-02	2.292000e+00
1.0	2.560000e+02	4.147200e+04	4.245444e-01	1.562405e-02	2.292000e+00
1.0	3.840000e+02	4.147200e+04	4.248909e-01	1.398782e-02	2.292000e+00
1.0	5.120000e+02	4.147200e+04	4.246239e-01	1.584114e-02	2.292000e+00
1.0	6.400000e+02	4.147200e+04	4.244930e-01	1.319770e-02	2.292000e+00
1.0	7.580000e+02	4.147200e+04	4.285324e-01	1.312115e-02	2.292000e+00
1.0	8.760000e+02	4.147200e+04	4.281448e-01	1.646372e-02	2.292000e+00
1.0	1.024000e+03	4.147200e+04	4.246584e-01	1.523740e-02	2.292000e+00
1.0	1.280000e+03	4.147200e+04	4.246538e-01	1.489156e-02	2.292000e+00
1.0	1.536000e+03	4.147200e+04	4.249851e-01	2.169388e-02	2.292000e+00
1.0	1.280000e+02	4.147200e+04	4.147454e-01	1.420827e-02	2.296000e+00
1.0	2.560000e+02	4.147200e+04	4.141559e-01	1.504888e-02	2.296000e+00
1.0	3.840000e+02	4.147200e+04	4.147634e-01	1.441045e-02	2.296000e+00
1.0	5.120000e+02	4.147200e+04	4.142972e-01	1.515927e-02	2.296000e+00
1.0	6.400000e+02	4.147200e+04	4.142307e-01	1.790583e-02	2.296000e+00
1.0	7.580000e+02	4.147200e+04	4.114813e-01	1.750945e-02	2.296000e+00
1.0	8.760000e+02	4.147200e+04	4.106465e-01	1.558008e-02	2.296000e+00
1.0	1.024000e+03	4.147200e+04	4.141394e-01	1.545922e-02	2.296000e+00
1.0	1.280000e+03	4.147200e+04	4.141367e-01	1.611465e-02	2.296000e+00
1.0	1.536000e+03	4.147200e+04	4.105621e-01	1.860196e-02	2.296000e+00
1.0	1.280000e+02	4.147200e+04	4.288362e-01	1.156840e-02	2.300000e+00
1.0	2.560000e+02	4.147200e+04	4.299702e-01	1.221947e-02	2.300000e+00
1.0	3.840000e+02	4.147200e+04	4.288134e-01	1.156684e-02	2.300000e+00
1.0	5.120000e+02	4.147200e+04	4.299414e-01	1.137363e-02	2.300000e+00
1.0	6.400000e+02	4.147200e+04	4.299400e-01	8.912821e-03	2.300000e+00
1.0	7.580000e+02	4.147200e+04	4.311502e-01	9.954602e-03	2.300000e+00
1.0	8.760000e+02	4.147200e+04	4.332391e-01	1.041651e-02	2.300000e+00
1.0	1.024000e+03	4.147200e+04	4.299305e-01	1.074799e-02	2.300000e+00
1.0	1.280000e+03	4.147200e+04	4.299614e-01	9.052714e-03	2.300000e+00
1.0	1.536000e+03	4.147200e+04	4.357157e-01	1.344173e-02	2.300000e+00
1.0	1.280000e+02	4.147200e+04	4.173330e-01	1.346121e-02	2.304000e+00
1.0	2.560000e+02	4.147200e+04	4.148531e-01	1.321449e-02	2.304000e+00
1.0	3.840000e+02	4.147200e+04	4.172781e-01	1.270349e-02	2.304000e+00
1.0	5.120000e+02	4.147200e+04	4.148347e-01	1.385644e-02	2.304000e+00
1.0	6.400000e+02	4.147200e+04	4.147828e-01	1.125366e-02	2.304000e+00
1.0	7.580000e+02	4.147200e+04	4.151368e-01	1.359296e-02	2.304000e+00
1.0	8.760000e+02	4.147200e+04	4.155490e-01	1.200105e-02	2.304000e+00
1.0	1.024000e+03	4.147200e+04	4.147334e-01	1.332754e-02	2.304000e+00
1.0	1.280000e+03	4.147200e+04	4.146672e-01	1.293043e-02	2.304000e+00
1.0	1.536000e+03	4.147200e+04	4.135836e-01	1.002724e-02	2.304000e+00
1.0	1.280000e+02	4.147200e+04	3.788565e-01	1.293649e-02	2.308000e+00
1.0	2.560000e+02	4.147200e+04	3.802552e-01	1.384444e-02	2.308000e+00
1.0	3.840000e+02	4.147200e+04	3.786614e-01	1.516141e-02	2.308000e+00
1.0	5.120000e+02	4.147200e+04	3.803175e-01	1.290501e-02	2.308000e+00
1.0	6.400000e+02	4.147200e+04	3.802405e-01	1.350650e-02	2.308000e+00
1.0	7.580000e+02	4.147200e+04	3.885021e-01	1.104619e-02	2.308000e+00
1.0	8.760000e+02	4.147200e+04	3.857932e-01	1.155689e-02	2.308000e+00
1.0	1.024000e+03	4.147200e+04	3.800453e-01	1.381474e-02	2.308000e+00
1.0	1.280000e+03	4.147200e+04	3.801402e-01	1.326689e-02	2.308000e+00
1.0	1.536000e+03	4.147200e+04	3.888670e-01	8.343102e-03	2.308000e+00
1.0	1.280000e+02	4.147200e+04	3.740406e-01	1.257843e-02	2.312000e+00
1.0	2.560000e+02	4.147200e+04	3.724187e-01	1.323310e-02	2.312000e+00
1.0	3.840000e+02	4.147200e+04	3.740655e-01	1.555612e-02	2.312000e+00
1.0	5.120000e+02	4.147200e+04	3.723962e-01	1.308965e-02	2.312000e+00
1.0	6.400000e+02	4.147200e+04	3.723865e-01	1.551804e-02	2.312000e+00
1.0	7.580000e+02	4.147200e+04	3.757925e-01	1.282708e-02	2.312000e+00
1.0	8.760000e+02	4.147200e+04	3.760085e-01	1.488785e-02	2.312000e+00
1.0	1.024000e+03	4.147200e+04	3.723418e-01	1.395001e-02	2.312000e+00
1.0	1.280000e+03	4.147200e+04	3.723737e-01	1.075071e-02	2.312000e+00
1.0	1.536000e+03	4.147200e+04	3.783428e-01	1.352508e-02	2.312000e+00
1.0	1.280000e+02	4.147200e+04	3.824819e-01	1.368394e-02	2.316000e+00
1.0	2.560000e+02	4.147200e+04	3.805908e-01	1.362589e-02	2.316000e+00
1.0	3.840000e+02	4.147200e+04	3.825622e-01	1.524939e-02	2.316000e+00
1.0	5.120000e+02	4.147200e+04	3.805254e-01	1.450203e-02	2.316000e+00
1.0	6.400000e+02	4.147200e+04	3.806608e-01	1.473043e-02	2.316000e+00
1.0	7.580000e+02	4.147200e+04	3.781251e-01	1.621113e-02	2.316000e+00
1.0	8.760000e+02	4.147200e+04	3.780041e-01	1.693574e-02	2.316000e+00
1.0	1.024000e+03	4.147200e+04	3.805259e-01	1.409055e-02	2.316000e+00
1.0	1.280000e+03	4.147200e+04	3.805265e-01	1.584750e-02	2.316000e+00
1.0	1.536000e+03	4.147200e+04	3.794121e-01	1.576821e-02	2.316000e+00
1.0	1.280000e+02	4.147200e+04	3.626515e-01	1.180639e-02	2.320000e+00
1.0	2.560000e+02	4.147200e+04	3.609731e-01	1.259570e-02	2.320000e+00
1.0	3.840000e+02	4.147200e+04	3.627141e-01	1.380665e-02	2.320000e+00
1.0	5.120000e+02	4.147200e+04	3.610197e-01	1.213235e-02	2.320000e+00
1.0	6.400000e+02	4.147200e+04	3.609952e-01	1.290051e-02	2.320000e+00
1.0	7.580000e+02	4.147200e+04	3.592292e-01	1.481678e-02	2.320000e+00
1.0	8.760000e+02	4.147200e+04	3.562237e-01	1.494617e-02	2.320000e+00
1.0	1.024000e+03	4.147200e+04	3.610354e-01	1.301478e-02	2.320000e+00
1.0	1.280000e+03	4.147200e+04	3.610695e-01	1.138561e-02	2.320000e+00
1.0	1.536000e+03	4.147200e+04	3.534984e-01	1.461665e-02	2.320000e+00
1.0	1.280000e+02	4.147200e+04	3.935379e-01	1.141668e-02	2.324000e+00
1.0	2.560000e+02	4.147200e+04	3.932244e-01	1.200501e-02	2.324000e+00
1.0	3.840000e+02	4.147200e+04	3.934768e-01	1.285046e-02	2.324000e+00
1.0	5.120000e+02	4.147200e+04	3.933178e-01	9.813918e-03	2.324000e+00
1.0	6.400000e+02	4.147200e+04	3.932380e-01	1.123154e-02	2.324000e+00
1.0	7.580000e+02	4.147200e+04	3.906506e-01	1.350705e-02	2.324000e+00
1.0	8.760000e+02	4.147200e+04	3.958397e-01	1.358088e-02	2.324000e+00
1.0	1.024000e+03	4.147200e+04	3.932625e-01	1.080250e-02	2.324000e+00
1.0	1.280000e+03	4.147200e+04	3.933322e-01	1.390133e-02	2.324000e+00
1.0	1.536000e+03	4.147200e+04	3.955925e-01	1.296717e-02	2.324000e+00
1.0	1.280000e+02	4.147200e+04	3.350921e-01	1.159175e-02	2.328000e+00
1.0	2.560000e+02	4.147200e+04	3.355376e-01	1.266078e-02	2.328000e+00
1.0	3.840000e+02	4.147200e+04	3.349898e-01	1.434879e-02	2.328000e+00
1.0	5.120000e+02	4.147200e+04	3.355108e-01	1.441686e-02	2.328000e+00
1.0	6.400000e+02	4.147200e+04	3.354783e-01	1.648426e-02	2.328000e+00
1.0	7.580000e+02	4.147200e+04	3.372126e-01	1.748308e-02	2.328000e+00
1.0	8.760000e+02	4.147200e+04	3.371322e-01	1.877863e-02	2.328000e+00
1.0	1.024000e+03	4.147200e+04	3.355148e-01	1.728005e-02	2.328000e+00
1.0	1.280000e+03	4.147200e+04	3.356059e-01	1.654533e-02	2.328000e+00
1.0	1.536000e+03	4.147200e+04	3.366292e-01	2.157111e-02	2.328000e+00
1.0	1.280000e+02	4.147200e+04	3.454543e-01	1.224137e-02	2.332000e+00
1.0	2.560000e+02	4.147200e+04	3.447446e-01	1.277210e-02	2.332000e+00
1.0	3.840000e+02	4.147200e+04	3.453612e-01	1.266956e-02	2.332000e+00
1.0	5.120000e+02	4.147200e+04	3.444886e-01	1.297508e-02	2.332000e+00
1.0	6.400000e+02	4.147200e+04	3.446195e-01	1.135101e-02	2.332000e+00
1.0	7.580000e+02	4.147200e+04	3.412785e-01	1.055903e-02	2.332000e+00
1.0	8.760000e+02	4.147200e+04	3.414799e-01	9.359209e-03	2.332000e+00
1.0	1.024000e+03	4.147200e+04	3.446333e-01	1.212397e-02	2.332000e+00
1.0	1.280000e+03	4.147200e+04	3.446739e-01	1.358517e-02	2.332000e+00
1.0	1.536000e+03	4.147200e+04	3.388125e-01	1.642249e-02	2.332000e+00
1.0	1.280000e+02	4.147200e+04	3.281688e-01	1.227974e-02	2.336000e+00
1.0	2.560000e+02	4.147200e+04	3.283805e-01	1.325836e-02	2.336000e+00
1.0	3.840000e+02	4.147200e+04	3.281349e-01	1.209108e-02	2.336000e+00
1.0	5.120000e+02	4.147200e+04	3.284587e-01	1.302873e-02	2.336000e+00
1.0	6.400000e+02	4.147200e+04	3.283604e-01	1.465308e-02	2.336000e+00
1.0	7.580000e+02	4.147200e+04	3.293699e-01	1.109021e-02	2.336000e+00
1.0	8.760000e+02	4.147200e+04	3.307919e-01	7.715715e-03	2.336000e+00
1.0	1.024000e+03	4.147200e+04	3.283561e-01	1.101765e-02	2.336000e+00
1.0	1.280000e+03	4.147200e+04	3.283426e-01	1.176113e-02	2.336000e+00
1.0	1.536000e+03	4.147200e+04	3.274817e-01	1.287123e-02	2.336000e+00
1.0	1.280000e+02	4.147200e+04	3.091225e-01	1.360761e-02	2.340000e+00
1.0	2.560000e+02	4.147200e+04	3.089537e-01	1.556235e-02	2.340000e+00
1.0	3.840000e+02	4.147200e+04	3.091762e-01	1.566480e-02	2.340000e+00
1.0	5.120000e+02	4.147200e+04	3.088793e-01	1.659340e-02	2.340000e+00
1.0	6.400000e+02	4.147200e+04	3.090193e-01	1.311076e-02	2.340000e+00
1.0	7.580000e+02	4.147200e+04	3.117274e-01	1.351237e-02	2.340000e+00
1.0	8.760000e+02	4.147200e+04	3.110083e-01	1.268695e-02	2.340000e+00
1.0	1.024000e+03	4.147200e+04	3.089574e-01	1.450488e-02	2.340000e+00
1.0	1.280000e+03	4.147200e+04	3.090140e-01	1.016342e-02	2.340000e+00
1.0	1.536000e+03	4.147200e+04	3.112330e-01	1.749234e-02	2.340000e+00
1.0	1.280000e+02	4.147200e+04	3.152611e-01	1.210386e-02	2.344000e+00
1.0	2.560000e+02	4.147200e+04	3.145127e-01	1.295210e-02	2.344000e+00
1.0	3.840000e+02	4.147200e+04	3.150929e-01	1.358323e-02	2.344000e+00
1.0	5.120000e+02	4.147200e+04	3.146024e-01	1.103824e-02	2.344000e+00
1.0	6.400000e+02	4.147200e+04	3.144732e-01	1.270345e-02	2.344000e+00
1.0	7.580000e+02	4.147200e+04	3.151368e-01	1.190857e-02	2.344000e+00
1.0	8.760000e+02	4.147200e+04	3.185739e-01	1.230388e-02	2.344000e+00
1.0	1.024000e+03	4.147200e+04	3.146473e-01	9.510344e-03	2.344000e+00
1.0	1.280000e+03	4.147200e+04	3.145815e-01	1.410814e-02	2.344000e+00
1.0	1.536000e+03	4.147200e+04	3.182600e-01	1.376964e-02	2.344000e+00
1.0	1.280000e+02	4.147200e+04	3.020300e-01	1.070129e-02	2.348000e+00
1.0	2.560000e+02	4.147200e+04	3.035943e-01	1.063302e-02	2.348000e+00
1.0	3.840000e+02	4.147200e+04	3.019590e-01	1.229467e-02	2.348000e+00
1.0	5.120000e+02	4.147200e+04	3.035893e-01	1.028899e-02	2.348000e+00
1.0	6.400000e+02	4.147200e+04	3.036839e-01	1.059864e-02	2.348000e+00
1.0	7.580000e+02	4.147200e+04	3.061187e-01	1.267523e-02	2.348000e+00
1.0	8.760000e+02	4.147200e+04	3.051410e-01	9.929938e-03	2.348000e+00
1.0	1.024000e+03	4.147200e+04	3.036667e-01	1.247239e-02	2.348000e+00
1.0	1.280000e+03	4.147200e+04	3.036208e-01	8.346695e-03	2.348000e+00
1.0	1.536000e+03	4.147200e+04	3.067145e-01	1.350861e-02	2.348000e+00
1.0	1.280000e+02	4.147200e+04	2.939614e-01	1.186633e-02	2.352000e+00
1.0	2.560000e+02	4.147200e+04	2.935725e-01	1.250210e-02	2.352000e+00
1.0	3.840000e+02	4.147200e+04	2.941119e-01	1.096486e-02	2.352000e+00
1.0	5.120000e+02	4.147200e+04	2.934898e-01	1.281044e-02	2.352000e+00
1.0	6.400000e+02	4.147200e+04	2.935252e-01	8.909171e-03	2.352000e+00
1.0	7.580000e+02	4.147200e+04	2.964560e-01	1.271593e-02	2.352000e+00
1.0	8.760000e+02	4.147200e+04	2.939347e-01	1.420574e-02	2.352000e+00
1.0	1.024000e+03	4.147200e+04	2.934885e-01	1.536259e-02	2.352000e+00
1.0	1.280000e+03	4.147200e+04	2.934697e-01	8.660222e-03	2.352000e+00
1.0	1.536000e+03	4.147200e+04	2.922029e-01	7.440343e-03	2.352000e+00
1.0	1.280000e+02	4.147200e+04	2.880119e-01	1.084837e-02	2.356000e+00
1.0	2.560000e+02	4.147200e+04	2.890558e-01	1.110008e-02	2.356000e+00
1.0	3.840000e+02	4.147200e+04	2.880341e-01	8.637337e-03	2.356000e+00
1.0	5.120000e+02	4.147200e+04	2.890631e-01	1.211251e-02	2.356000e+00
1.0	6.400000e+02	4.147200e+04	2.890999e-01	9.589997e-03	2.356000e+00
1.0	7.580000e+02	4.147200e+04	2.920033e-01	8.210036e-03	2.356000e+00
1.0	8.760000e+02	4.147200e+04	2.900651e-01	1.050457e-02	2.356000e+00
1.0	1.024000e+03	4.147200e+04	2.890158e-01	1.044979e-02	2.356000e+00
1.0	1.280000e+03	4.147200e+04	2.889551e-01	9.643423e-03	2.356000e+00
1.0	1.536000e+03	4.147200e+04	2.906518e-01	4.961140e-03	2.356000e+00
1.0	1.280000e+02	4.147200e+04	2.500767e-01	1.114779e-02	2.360000e+00
1.0	2.560000e+02	4.147200e+04	2.514811e-01	1.220834e-02	2.360000e+00
1.0	3.840000e+02	4.147200e+04	2.500807e-01	1.278683e-02	2.360000e+00
1.0	5.120000e+02	4.147200e+04	2.514673e-01	1.505916e-02	2.360000e+00
1.0	6.400000e+02	4.147200e+04	2.513509e-01	1.408447e-02	2.360000e+00
1.0	7.580000e+02	4.147200e+04	2.542098e-01	1.668429e-02	2.360000e+00
1.0	8.760000e+02	4.147200e+04	2.545354e-01	1.367970e-02	2.360000e+00
1.0	1.024000e+03	4.147200e+04	2.514526e-01	1.434507e-02	2.360000e+00
1.0	1.280000e+03	4.147200e+04	2.514566e-01	1.404134e-02	2.360000e+00
1.0	1.536000e+03	4.147200e+04	2.513152e-01	1.643366e-02	2.360000e+00
1.0	1.280000e+02	4.147200e+04	2.599222e-01	1.060136e-02	2.364000e+00
1.0	2.560000e+02	4.147200e+04	2.619884e-01	1.001670e-02	2.364000e+00
1.0	3.840000e+02	4.147200e+04	2.598272e-01	9.804486e-03	2.364000e+00
1.0	5.120000e+02	4.147200e+04	2.620573e-01	8.545555e-03	2.364000e+00
1.0	6.400000e+02	4.147200e+04	2.619431e-01	1.026408e-02	2.364000e+00
1.0	7.580000e+02	4.147200e+04	2.617731e-01	1.235743e-02	2.364000e+00
1.0	8.760000e+02	4.147200e+04	2.629827e-01	1.107559e-02	2.364000e+00
1.0	1.024000e+03	4.147200e+04	2.619611e-01	8.548989e-03	2.364000e+00
1.0	1.280000e+03	4.147200e+04	2.620428e-01	6.236924e-03	2.364000e+00
1.0	1.536000e+03	4.147200e+04	2.672442e-01	5.574858e-03	2.364000e+00
1.0	1.280000e+02	4.147200e+04	2.392871e-01	1.130768e-02	2.368000e+00
1.0	2.560000e+02	4.147200e+04	2.370296e-01	1.141526e-02	2.368000e+00
1.0	3.840000e+02	4.147200e+04	2.391566e-01	1.174543e-02	2.368000e+00
1.0	5.120000e+02	4.147200e+04	2.370346e-01	1.212324e-02	2.368000e+00
1.0	6.400000e+02	4.147200e+04	2.369290e-01	1.190584e-02	2.368000e+00
1.0	7.580000e+02	4.147200e+04	2.369194e-01	1.202770e-02	2.368000e+00
1.0	8.760000e+02	4.147200e+04	2.337750e-01	1.264924e-02	2.368000e+00
1.0	1.024000e+03	4.147200e+04	2.369535e-01	1.180393e-02	2.368000e+00
1.0	1.280000e+03	4.147200e+04	2.369762e-01	1.016458e-02	2.368000e+00
1.0	1.536000e+03	4.147200e+04	2.393646e-01	1.138951e-02	2.368000e+00
1.0	1.280000e+02	4.147200e+04	2.508789e-01	1.013783e-02	2.372000e+00
1.0	2.560000e+02	4.147200e+04	2.503633e-01	9.347045e-03	2.372000e+00
1.0	3.840000e+02	4.147200e+04	2.509772e-01	1.049372e-02	2.372000e+00
1.0	5.120000e+02	4.147200e+04	2.503483e-01	7.364862e-03	2.372000e+00
1.0	6.400000e+02	4.147200e+04	2.504408e-01	1.072477e-02	2.372000e+00
1.0	7.580000e+02	4.147200e+04	2.509463e-01	1.015968e-02	2.372000e+00
1.0	8.760000e+02	4.147200e+04	2.500877e-01	9.067196e-03	2.372000e+00
1.0	1.024000e+03	4.147200e+04	2.503871e-01	7.191410e-03	2.372000e+00
1.0	1.280000e+03	4.147200e+04	2.504462e-01	6.323407e-03	2.372000e+00
1.0	1.536000e+03	4.147200e+04	2.475462e-01	6.573658e-03	2.372000e+00
1.0	1.280000e+02	4.147200e+04	2.412623e-01	9.767065e-03	2.376000e+00
1.0	2.560000e+02	4.147200e+04	2.415536e-01	1.046260e-02	2.376000e+00
1.0	3.840000e+02	4.147200e+04	2.412822e-01	8.194967e-03	2.376000e+00
1.0	5.120000e+02	4.147200e+04	2.415414e-01	1.052619e-02	2.376000e+00
1.0	6.400000e+02	4.147200e+04	2.415492e-01	7.313365e-03	2.376000e+00
1.0	7.580000e+02	4.147200e+04	2.441672e-01	7.528622e-03	2.376000e+00
1.0	8.760000e+02	4.147200e+04	2.457187e-01	6.991805e-03	2.376000e+00
1.0	1.024000e+03	4.147200e+04	2.415460e-01	9.478237e-03	2.376000e+00
1.0	1.280000e+03	4.147200e+04	2.415785e-01	8.409778e-03	2.376000e+00
1.0	1.536000e+03	4.147200e+04	2.478259e-01	7.633802e-03	2.376000e+00
1.0	1.280000e+02	4.147200e+04	2.441586e-01	1.132944e-02	2.380000e+00
1.0	2.560000e+02	4.147200e+04	2.434139e-01	1.087312e-02	2.380000e+00
1.0	3.840000e+02	4.147200e+04	2.441478e-01	1.218468e-02	2.380000e+00
1.0	5.120000e+02	4.147200e+04	2.435333e-01	1.235774e-02	2.380000e+00
1.0	6.400000e+02	4.147200e+04	2.434827e-01	1.185468e-02	2.380000e+00
1.0	7.580000e+02	4.147200e+04	2.409507e-01	9.542375e-03	2.380000e+00
1.0	8.760000e+02	4.147200e+04	2.406594e-01	1.314662e-02	2.380000e+00
1.0	1.024000e+03	4.147200e+04	2.436155e-01	1.051801e-02	2.380000e+00
1.0	1.280000e+03	4.147200e+04	2.435770e-01	9.169528e-03	2.380000e+00
1.0	1.536000e+03	4.147200e+04	2.406276e-01	1.486918e-02	2.380000e+00
1.0	1.280000e+02	4.147200e+04	2.355971e-01	9.718279e-03	2.384000e+00
1.0	2.560000e+02	4.147200e+04	2.342975e-01	1.094768e-02	2.384000e+00
1.0	3.840000e+02	4.147200e+04	2.355885e-01	1.060509e-02	2.384000e+00
1.0	5.120000e+02	4.147200e+04	2.344105e-01	1.228376e-02	2.384000e+00
1.0	6.400000e+02	4.147200e+04	2.343035e-01	9.602704e-03	2.384000e+00
1.0	7.580000e+02	4.147200e+04	2.329975e-01	1.165059e-02	2.384000e+00
1.0	8.760000e+02	4.147200e+04	2.325942e-01	1.064917e-02	2.384000e+00
1.0	1.024000e+03	4.147200e+04	2.342629e-01	1.051733e-02	2.384000e+00
1.0	1.280000e+03	4.147200e+04	2.342773e-01	1.070680e-02	2.384000e+00
1.0	1.536000e+03	4.147200e+04	2.372569e-01	1.050912e-02	2.384000e+00
1.0	1.280000e+02	4.147200e+04	2.183404e-01	1.067563e-02	2.388000e+00
1.0	2.560000e+02	4.147200e+04	2.180615e-01	1.219821e-02	2.388000e+00
1.0	3.840000e+02	4.147200e+04	2.184422e-01	1.072870e-02	2.388000e+00
1.0	5.120000e+02	4.147200e+04	2.180483e-01	1.337246e-02	2.388000e+00
1.0	6.400000e+02	4.147200e+04	2.181711e-01	8.974992e-03	2.388000e+00
1.0	7.580000e+02	4.147200e+04	2.145384e-01	1.025269e-02	2.388000e+00
1.0	8.760000e+02	4.147200e+04	2.114620e-01	9.041498e-03	2.388000e+00
1.0	1.024000e+03	4.147200e+04	2.180390e-01	1.164120e-02	2.388000e+00
1.0	1.280000e+03	4.147200e+04	2.180694e-01	7.811388e-03	2.388000e+00
1.0	1.536000e+03	4.147200e+04	2.120702e-01	1.148089e-02	2.388000e+00
1.0	1.280000e+02	4.147200e+04	2.330713e-01	9.292197e-03	2.392000e+00
1.0	2.560000e+02	4.147200e+04	2.340400e-01	9.998395e-03	2.392000e+00
1.0	3.840000e+02	4.147200e+04	2.330116e-01	1.089349e-02	2.392000e+00
1.0	5.120000e+02	4.147200e+04	2.339366e-01	9.866247e-03	2.392000e+00
1.0	6.400000e+02	4.147200e+04	2.339774e-01	1.131793e-02	2.392000e+00
1.0	7.580000e+02	4.147200e+04	2.355385e-01	1.116369e-02	2.392000e+00
1.0	8.760000e+02	4.147200e+04	2.360679e-01	1.272233e-02	2.392000e+00
1.0	1.024000e+03	4.147200e+04	2.340191e-01	9.043299e-03	2.392000e+00
1.0	1.280000e+03	4.147200e+04	2.340363e-01	1.445973e-02	2.392000e+00
1.0	1.536000e+03	4.147200e+04	2.368981e-01	1.331296e-02	2.392000e+00
1.0	1.280000e+02	4.147200e+04	2.117537e-01	8.541939e-03	2.396000e+00
1.0	2.560000e+02	4.147200e+04	2.112633e-01	8.855248e-03	2.396000e+00
1.0	3.840000e+02	4.147200e+04	2.116570e-01	9.915003e-03	2.396000e+00
1.0	5.120000e+02	4.147200e+04	2.114007e-01	7.933600e-03	2.396000e+00
1.0	6.400000e+02	4.147200e+04	2.113831e-01	7.052543e-03	2.396000e+00
1.0	7.580000e+02	4.147200e+04	2.130092e-01	7.695896e-03	2.396000e+00
1.0	8.760000e+02	4.147200e+04	2.135739e-01	6.591099e-03	2.396000e+00
1.0	1.024000e+03	4.147200e+04	2.114106e-01	8.252337e-03	2.396000e+00
1.0	1.280000e+03	4.147200e+04	2.114789e-01	7.399346e-03	2.396000e+00
1.0	1.536000e+03	4.147200e+04	2.136353e-01	8.242645e-03	2.396000e+00
1.0	1.280000e+02	4.147200e+04	2.085748e-01	9.988363e-03	2.400000e+00
1.0	2.560000e+02	4.147200e+04	2.088195e-01	1.147351e-02	2.400000e+00
1.0	3.840000e+02	4.147200e+04	2.086448e-01	1.009035e-02	2.400000e+00
1.0	5.120000e+02	4.147200e+04	2.089594e-01	1.163011e-02	2.400000e+00
1.0	6.400000e+02	4.147200e+04	2.089372e-01	9.894557e-03	2.400000e+00
1.0	7.580000e+02	4.147200e+04	2.105897e-01	1.020520e-02	2.400000e+00
1.0	8.760000e+02	4.147200e+04	2.089515e-01	1.061472e-02	2.400000e+00
1.0	1.024000e+03	4.147200e+04	2.089183e-01	1.019181e-02	2.400000e+00
1.0	1.280000e+03	4.147200e+04	2.089942e-01	1.210865e-02	2.400000e+00
1.0	1.536000e+03	4.147200e+04	2.101549e-01	1.253865e-02	2.400000e+00
1.0	1.280000e+02	4.147200e+04	1.875849e-01	8.551588e-03	2.416000e+00
1.0	2.560000e+02	4.147200e+04	1.871660e-01	8.267356e-03	2.416000e+00
1.0	3.840000e+02	4.147200e+04	1.876087e-01	9.226468e-03	2.416000e+00
1.0	5.120000e+02	4.147200e+04	1.872467e-01	8.102748e-03	2.416000e+00
1.0	6.400000e+02	4.147200e+04	1.872549e-01	9.312496e-03	2.416000e+00
1.0	7.580000e+02	4.147200e+04	1.863030e-01	7.982467e-03	2.416000e+00
1.0	8.760000e+02	4.147200e+04	1.848096e-01	6.494210e-03	2.416000e+00
1.0	1.024000e+03	4.147200e+04	1.871835e-01	6.944275e-03	2.416000e+00
1.0	1.280000e+03	4.147200e+04	1.871374e-01	7.930808e-03	2.416000e+00
1.0	1.536000e+03	4.147200e+04	1.829776e-01	6.130351e-03	2.416000e+00
1.0	1.280000e+02	4.147200e+04	1.631150e-01	6.814696e-03	2.432000e+00
1.0	2.560000e+02	4.147200e+04	1.639294e-01	6.821120e-03	2.432000e+00
1.0	3.840000e+02	4.147200e+04	1.630423e-01	7.379583e-03	2.432000e+00
1.0	5.120000e+02	4.147200e+04	1.638995e-01	5.713142e-03	2.432000e+00
1.0	6.400000e+02	4.147200e+04	1.639274e-01	6.563460e-03	2.432000e+00
1.0	7.580000e+02	4.147200e+04	1.612428e-01	7.899838e-03	2.432000e+00
1.0	8.760000e+02	4.147200e+04	1.616757e-01	7.746726e-03	2.432000e+00
1.0	1.024000e+03	4.147200e+04	1.639140e-01	3.934358e-03	2.432000e+00
1.0	1.280000e+03	4.147200e+04	1.639210e-01	4.286800e-03	2.432000e+00
1.0	1.536000e+03	4.147200e+04	1.649304e-01	4.000433e-03	2.432000e+00
1.0	1.280000e+02	4.147200e+04	1.320394e-01	7.179120e-03	2.448000e+00
1.0	2.560000e+02	4.147200e+04	1.327174e-01	7.744403e-03	2.448000e+00
1.0	3.840000e+02	4.147200e+04	1.320932e-01	7.572854e-03	2.448000e+00
1.0	5.120000e+02	4.147200e+04	1.326271e-01	5.596603e-03	2.448000e+00
1.0	6.400000e+02	4.147200e+04	1.327333e-01	7.405952e-03	2.448000e+00
1.0	7.580000e+02	4.147200e+04	1.339402e-01	6.064237e-03	2.448000e+00
1.0	8.760000e+02	4.147200e+04	1.349904e-01	5.378375e-03	2.448000e+00
1.0	1.024000e+03	4.147200e+04	1.326579e-01	4.366800e-03	2.448000e+00
1.0	1.280000e+03	4.147200e+04	1.326967e-01	8.163056e-03	2.448000e+00
1.0	1.536000e+03	4.147200e+04	1.352079e-01	3.772293e-03	2.448000e+00
1.0	1.280000e+02	4.147200e+04	1.275466e-01	5.791946e-03	2.464000e+00
1.0	2.560000e+02	4.147200e+04	1.282328e-01	5.587947e-03	2.464000e+00
1.0	3.840000e+02	4.147200e+04	1.275450e-01	3.997818e-03	2.464000e+00
1.0	5.120000e+02	4.147200e+04	1.282529e-01	4.557392e-03	2.464000e+00
1.0	6.400000e+02	4.147200e+04	1.282258e-01	3.819257e-03	2.464000e+00
1.0	7.580000e+02	4.147200e+04	1.278833e-01	3.830106e-03	2.464000e+00
1.0	8.760000e+02	4.147200e+04	1.290750e-01	3.754593e-03	2.464000e+00
1.0	1.024000e+03	4.147200e+04	1.282402e-01	3.571744e-03	2.464000e+00
1.0	1.280000e+03	4.147200e+04	1.282637e-01	3.293879e-03	2.464000e+00
1.0	1.536000e+03	4.147200e+04	1.291692e-01	2.385974e-03	2.464000e+00
1.0	1.280000e+02	4.147200e+04	1.194665e-01	5.202001e-03	2.480000e+00
1.0	2.560000e+02	4.147200e+04	1.204413e-01	5.446847e-03	2.480000e+00
1.0	3.840000e+02	4.147200e+04	1.194787e-01	5.332383e-03	2.480000e+00
1.0	5.120000e+02	4.147200e+04	1.204070e-01	6.233260e-03	2.480000e+00
1.0	6.400000e+02	4.147200e+04	1.203866e-01	5.570783e-03	2.480000e+00
1.0	7.580000e+02	4.147200e+04	1.233083e-01	3.966086e-03	2.480000e+00
1.0	8.760000e+02	4.147200e+04	1.236450e-01	4.008949e-03	2.480000e+00
1.0	1.024000e+03	4.147200e+04	1.203921e-01	4.650686e-03	2.480000e+00
1.0	1.280000e+03	4.147200e+04	1.204182e-01	4.541252e-03	2.480000e+00
1.0	1.536000e+03	4.147200e+04	1.230112e-01	3.811765e-03	2.480000e+00
1.0	1.280000e+02	4.147200e+04	1.055814e-01	4.808501e-03	2.496000e+00
1.0	2.560000e+02	4.147200e+04	1.056229e-01	4.777304e-03	2.496000e+00
1.0	3.840000e+02	4.147200e+04	1.055859e-01	4.528192e-03	2.496000e+00
1.0	5.120000e+02	4.147200e+04	1.056183e-01	3.869432e-03	2.496000e+00
1.0	6.400000e+02	4.147200e+04	1.056287e-01	2.812995e-03	2.496000e+00
1.0	7.580000e+02	4.147200e+04	1.061536e-01	3.646192e-03	2.496000e+00
1.0	8.760000e+02	4.147200e+04	1.062325e-01	3.074281e-03	2.496000e+00
1.0	1.024000e+03	4.147200e+04	1.056404e-01	2.581776e-03	2.496000e+00
1.0	1.280000e+03	4.147200e+04	1.056009e-01	2.724128e-03	2.496000e+00
1.0	1.536000e+03	4.147200e+04	1.060551e-01	2.907139e-03	2.496000e+00
1.0	1.280000e+02	4.147200e+04	9.242797e-02	3.954573e-03	2.512000e+00
1.0	2.560000e+02	4.147200e+04	9.301501e-02	3.906505e-03	2.512000e+00
1.0	3.840000e+02	4.147200e+04	9.241558e-02	3.790050e-03	2.512000e+00
1.0	5.120000e+02	4.147200e+04	9.301136e-02	3.740240e-03	2.512000e+00
1.0	6.400000e+02	4.147200e+04	9.298581e-02	3.437110e-03	2.512000e+00
1.0	7.580000e+02	4.147200e+04	9.271601e-02	3.620510e-03	2.512000e+00
1.0	8.760000e+02	4.147200e+04	9.292046e-02	3.276450e-03	2.512000e+00
1.0	1.024000e+03	4.147200e+04	9.300865e-02	3.457863e-03	2.512000e+00
1.0	1.280000e+03	4.147200e+04	9.302143e-02	2.674360e-03	2.512000e+00
1.0	1.536000e+03	4.147200e+04	9.446494e-02	2.229355e-03	2.512000e+00
1.0	1.280000e+02	4.147200e+04	8.721972e-02	3.532430e-03	2.528000e+00
1.0	2.560000e+02	4.147200e+04	8.715372e-02	4.002157e-03	2.528000e+00
1.0	3.840000e+02	4.147200e+04	8.726503e-02	4.176112e-03	2.528000e+00
1.0	5.120000e+02	4.147200e+04	8.714818e-02	3.777476e-03	2.528000e+00
1.0	6.400000e+02	4.147200e+04	8.716141e-02	4.462886e-03	2.528000e+00
1.0	7.580000e+02	4.147200e+04	8.629516e-02	4.452623e-03	2.528000e+00
1.0	8.760000e+02	4.147200e+04	8.697403e-02	4.782748e-03	2.528000e+00
1.0	1.024000e+03	4.147200e+04	8.714246e-02	2.842365e-03	2.528000e+00
1.0	1.280000e+03	4.147200e+04	8.712599e-02	3.392728e-03	2.528000e+00
1.0	1.536000e+03	4.147200e+04	8.820482e-02	3.694471e-03	2.528000e+00
1.0	1.280000e+02	4.147200e+04	8.426771e-02	3.554481e-03	2.544000e+00
1.0	2.560000e+02	4.147200e+04	8.391801e-02	3.072379e-03	2.544000e+00
1.0	3.840000e+02	4.147200e+04	8.429257e-02	3.215802e-03	2.544000e+00
1.0	5.120000e+02	4.147200e+04	8.392082e-02	2.876742e-03	2.544000e+00
1.0	6.400000e+02	4.147200e+04	8.387426e-02	3.466541e-03	2.544000e+00
1.0	7.580000e+02	4.147200e+04	8.497206e-02	3.729810e-03	2.544000e+00
1.0	8.760000e+02	4.147200e+04	8.557614e-02	3.452201e-03	2.544000e+00
1.0	1.024000e+03	4.147200e+04	8.390087e-02	3.401918e-03	2.544000e+00
1.0	1.280000e+03	4.147200e+04	8.387921e-02	3.975635e-03	2.544000e+00
1.0	1.536000e+03	4.147200e+04	8.674411e-02	2.656878e-03	2.544000e+00
1.0	1.280000e+02	4.147200e+04	7.378177e-02	2.958360e-03	2.560000e+00
1.0	2.560000e+02	4.147200e+04	7.413725e-02	2.835333e-03	2.560000e+00
1.0	3.840000e+02	4.147200e+04	7.380818e-02	2.368947e-03	2.560000e+00
1.0	5.120000e+02	4.147200e+04	7.414236e-02	2.480368e-03	2.560000e+00
1.0	6.400000e+02	4.147200e+04	7.415851e-02	2.641856e-03	2.560000e+00
1.0	7.580000e+02	4.147200e+04	7.431011e-02	2.519359e-03	2.560000e+00
1.0	8.760000e+02	4.147200e+04	7.449550e-02	3.063789e-03	2.560000e+00
1.0	1.024000e+03	4.147200e+04	7.416068e-02	2.531009e-03	2.560000e+00
1.0	1.280000e+03	4.147200e+04	7.414949e-02	2.926196e-03	2.560000e+00
1.0	1.536000e+03	4.147200e+04	7.457615e-02	3.306211e-03	2.560000e+00
1.0	1.280000e+02	4.147200e+04	6.493256e-02	2.848859e-03	2.576000e+00
1.0	2.560000e+02	4.147200e+04	6.512341e-02	2.825230e-03	2.576000e+00
1.0	3.840000e+02	4.147200e+04	6.494109e-02	2.496408e-03	2.576000e+00
1.0	5.120000e+02	4.147200e+04	6.511435e-02	1.932118e-03	2.576000e+00
1.0	6.400000e+02	4.147200e+04	6.511681e-02	2.428813e-03	2.576000e+00
1.0	7.580000e+02	4.147200e+04	6.474356e-02	2.122003e-03	2.576000e+00
1.0	8.760000e+02	4.147200e+04	6.498464e-02	2.788264e-03	2.576000e+00
1.0	1.024000e+03	4.147200e+04	6.510736e-02	2.049774e-03	2.576000e+00
1.0	1.280000e+03	4.147200e+04	6.511383e-02	2.412801e-03	2.576000e+00
1.0	1.536000e+03	4.147200e+04	6.444084e-02	2.687560e-03	2.576000e+00
1.0	1.280000e+02	4.147200e+04	6.410466e-02	2.448467e-03	2.592000e+00
1.0	2.560000e+02	4.147200e+04	6.428069e-02	2.528214e-03	2.592000e+00
1.0	3.840000e+02	4.147200e+04	6.406993e-02	2.198779e-03	2.592000e+00
1.0	5.120000e+02	4.147200e+04	6.426587e-02	1.730624e-03	2.592000e+00
1.0	6.400000e+02	4.147200e+04	6.425016e-02	2.362492e-03	2.592000e+00
1.0	7.580000e+02	4.147200e+04	6.417294e-02	2.227086e-03	2.592000e+00
1.0	8.760000e+02	4.147200e+04	6.447551e-02	1.966210e-03	2.592000e+00
1.0	1.024000e+03	4.147200e+04	6.424889e-02	2.065362e-03	2.592000e+00
1.0	1.280000e+03	4.147200e+04	6.430098e-02	2.869417e-03	2.592000e+00
1.0	1.536000e+03	4.147200e+04	6.483825e-02	1.427417e-03	2.592000e+00
1.0	1.280000e+02	4.147200e+04	5.717923e-02	2.564549e-03	2.608000e+00
1.0	2.560000e+02	4.147200e+04	5.734376e-02	2.646353e-03	2.608000e+00
1.0	3.840000e+02	4.147200e+04	5.720061e-02	2.386302e-03	2.608000e+00
1.0	5.120000e+02	4.147200e+04	5.734003e-02	2.535102e-03	2.608000e+00
1.0	6.400000e+02	4.147200e+04	5.732707e-02	2.284492e-03	2.608000e+00
1.0	7.580000e+02	4.147200e+04	5.746928e-02	2.535638e-03	2.608000e+00
1.0	8.760000e+02	4.147200e+04	5.680301e-02	2.807234e-03	2.608000e+00
1.0	1.024000e+03	4.147200e+04	5.735275e-02	2.185725e-03	2.608000e+00
1.0	1.280000e+03	4.147200e+04	5.736125e-02	2.409256e-03	2.608000e+00
1.0	1.536000e+03	4.147200e+04	5.641406e-02	2.571210e-03	2.608000e+00
1.0	1.280000e+02	4.147200e+04	5.292540e-02	2.028005e-03	2.624000e+00
1.0	2.560000e+02	4.147200e+04	5.302595e-02	2.032617e-03	2.624000e+00
1.0	3.840000e+02	4.147200e+04	5.293210e-02	1.982720e-03	2.624000e+00
1.0	5.120000e+02	4.147200e+04	5.303257e-02	1.962538e-03	2.624000e+00
1.0	6.400000e+02	4.147200e+04	5.301127e-02	1.749794e-03	2.624000e+00
1.0	7.580000e+02	4.147200e+04	5.292406e-02	1.832830e-03	2.624000e+00
1.0	8.760000e+02	4.147200e+04	5.337279e-02	1.788453e-03	2.624000e+00
1.0	1.024000e+03	4.147200e+04	5.302382e-02	1.864240e-03	2.624000e+00
1.0	1.280000e+03	4.147200e+04	5.303230e-02	1.275854e-03	2.624000e+00
1.0	1.536000e+03	4.147200e+04	5.391393e-02	1.402372e-03	2.624000e+00
1.0	1.280000e+02	4.147200e+04	5.281808e-02	2.305485e-03	2.640000e+00
1.0	2.560000e+02	4.147200e+04	5.256411e-02	2.521354e-03	2.640000e+00
1.0	3.840000e+02	4.147200e+04	5.281746e-02	2.341972e-03	2.640000e+00
1.0	5.120000e+02	4.147200e+04	5.258539e-02	2.235407e-03	2.640000e+00
1.0	6.400000e+02	4.147200e+04	5.259459e-02	2.651141e-03	2.640000e+00
1.0	7.580000e+02	4.147200e+04	5.329050e-02	2.243136e-03	2.640000e+00
1.0	8.760000e+02	4.147200e+04	5.380361e-02	1.593647e-03	2.640000e+00
1.0	1.024000e+03	4.147200e+04	5.259488e-02	1.966235e-03	2.640000e+00
1.0	1.280000e+03	4.147200e+04	5.258408e-02	2.181343e-03	2.640000e+00
1.0	1.536000e+03	4.147200e+04	5.382531e-02	1.473985e-03	2.640000e+00
1.0	1.280000e+02	4.147200e+04	5.087049e-02	1.857952e-03	2.656000e+00
1.0	2.560000e+02	4.147200e+04	5.079190e-02	1.923694e-03	2.656000e+00
1.0	3.840000e+02	4.147200e+04	5.086341e-02	2.090589e-03	2.656000e+00
1.0	5.120000e+02	4.147200e+04	5.077122e-02	1.407833e-03	2.656000e+00
1.0	6.400000e+02	4.147200e+04	5.078984e-02	1.636465e-03	2.656000e+00
1.0	7.580000e+02	4.147200e+04	5.072661e-02	1.791986e-03	2.656000e+00
1.0	8.760000e+02	4.147200e+04	5.075959e-02	1.517524e-03	2.656000e+00
1.0	1.024000e+03	4.147200e+04	5.077601e-02	1.447413e-03	2.656000e+00
1.0	1.280000e+03	4.147200e+04	5.077358e-02	1.470317e-03	2.656000e+00
1.0	1.536000e+03	4.147200e+04	5.055031e-02	1.301259e-03	2.656000e+00
1.0	1.280000e+02	4.147200e+04	4.401984e-02	1.592107e-03	2.672000e+00
1.0	2.560000e+02	4.147200e+04	4.393845e-02	1.513096e-03	2.672000e+00
1.0	3.840000e+02	4.147200e+04	4.401069e-02	1.380797e-03	2.672000e+00
1.0	5.120000e+02	4.147200e+04	4.393650e-02	1.573566e-03	2.672000e+00
1.0	6.400000e+02	4.147200e+04	4.394724e-02	1.600764e-03	2.672000e+00
1.0	7.580000e+02	4.147200e+04	4.451494e-02	1.569577e-03	2.672000e+00
1.0	8.760000e+02	4.147200e+04	4.449034e-02	1.623004e-03	2.672000e+00
1.0	1.024000e+03	4.147200e+04	4.394024e-02	1.581363e-03	2.672000e+00
1.0	1.280000e+03	4.147200e+04	4.394376e-02	1.483828e-03	2.672000e+00
1.0	1.536000e+03	4.147200e+04	4.466157e-02	1.485670e-03	2.672000e+00
1.0	1.280000e+02	4.147200e+04	4.284603e-02	1.527074e-03	2.688000e+00
1.0	2.560000e+02	4.147200e+04	4.263406e-02	1.544063e-03	2.688000e+00
1.0	3.840000e+02	4.147200e+04	4.284979e-02	1.522461e-03	2.688000e+00
1.0	5.120000e+02	4.147200e+04	4.263740e-02	1.497571e-03	2.688000e+00
1.0	6.400000e+02	4.147200e+04	4.264270e-02	1.325300e-03	2.688000e+00
1.0	7.580000e+02	4.147200e+04	4.282076e-02	1.297788e-03	2.688000e+00
1.0	8.760000e+02	4.147200e+04	4.325761e-02	9.857534e-04	2.688000e+00
1.0	1.024000e+03	4.147200e+04	4.263490e-02	1.408423e-03	2.688000e+00
1.0	1.280000e+03	4.147200e+04	4.263598e-02	1.404256e-03	2.688000e+00
1.0	1.536000e+03	4.147200e+04	4.333922e-02	1.366668e-03	2.688000e+00
1.0	1.280000e+02	4.147200e+04	4.234473e-02	1.419688e-03	2.704000e+00
1.0	2.560000e+02	4.147200e+04	4.243691e-02	1.569567e-03	2.704000e+00
1.0	3.840000e+02	4.147200e+04	4.235333e-02	1.456665e-03	2.704000e+00
1.0	5.120000e+02	4.147200e+04	4.241952e-02	1.465458e-03	2.704000e+00
1.0	6.400000e+02	4.147200e+04	4.241517e-02	1.309076e-03	2.704000e+00
1.0	7.580000e+02	4.147200e+04	4.240531e-02	1.362125e-03	2.704000e+00
1.0	8.760000e+02	4.147200e+04	4.237009e-02	1.732425e-03	2.704000e+00
1.0	1.024000e+03	4.147200e+04	4.242551e-02	8.696902e-04	2.704000e+00
1.0	1.280000e+03	4.147200e+04	4.241597e-02	1.555901e-03	2.704000e+00
1.0	1.536000e+03	4.147200e+04	4.221306e-02	8.095691e-04	2.704000e+00
1.0	1.280000e+02	4.147200e+04	3.947449e-02	1.638081e-03	2.720000e+00
1.0	2.560000e+02	4.147200e+04	3.958307e-02	1.660297e-03	2.720000e+00
1.0	3.840000e+02	4.147200e+04	3.947511e-02	1.899488e-03	2.720000e+00
1.0	5.120000e+02	4.147200e+04	3.958530e-02	1.831455e-03	2.720000e+00
1.0	6.400000e+02	4.147200e+04	3.957453e-02	1.842714e-03	2.720000e+00
1.0	7.580000e+02	4.147200e+04	3.975836e-02	2.090393e-03	2.720000e+00
1.0	8.760000e+02	4.147200e+04	3.990397e-02	2.027140e-03	2.720000e+00
1.0	1.024000e+03	4.147200e+04	3.958591e-02	1.885477e-03	2.720000e+00
1.0	1.280000e+03	4.147200e+04	3.958281e-02	1.923573e-03	2.720000e+00
1.0	1.536000e+03	4.147200e+04	3.962578e-02	2.751123e-03	2.720000e+00
1.0	1.280000e+02	4.147200e+04	3.792527e-02	1.286025e-03	2.736000e+00
1.0	2.560000e+02	4.147200e+04	3.788572e-02	1.437429e-03	2.736000e+00
1.0	3.840000e+02	4.147200e+04	3.792707e-02	1.505815e-03	2.736000e+00
1.0	5.120000e+02	4.147200e+04	3.790325e-02	1.585067e-03	2.736000e+00
1.0	6.400000e+02	4.147200e+04	3.789202e-02	1.448982e-03	2.736000e+00
1.0	7.580000e+02	4.147200e+04	3.775411e-02	1.570706e-03	2.736000e+00
1.0	8.760000e+02	4.147200e+04	3.781337e-02	1.561075e-03	2.736000e+00
1.0	1.024000e+03	4.147200e+04	3.789718e-02	1.751884e-03	2.736000e+00
1.0	1.280000e+03	4.147200e+04	3.788366e-02	1.327671e-03	2.736000e+00
1.0	1.536000e+03	4.147200e+04	3.751476e-02	9.148709e-04	2.736000e+00
1.0	1.280000e+02	4.147200e+04	3.722800e-02	1.129875e-03	2.752000e+00
1.0	2.560000e+02	4.147200e+04	3.753657e-02	1.144328e-03	2.752000e+00
1.0	3.840000e+02	4.147200e+04	3.722780e-02	1.194303e-03	2.752000e+00
1.0	5.120000e+02	4.147200e+04	3.753898e-02	1.168559e-03	2.752000e+00
1.0	6.400000e+02	4.147200e+04	3.753442e-02	1.168318e-03	2.752000e+00
1.0	7.580000e+02	4.147200e+04	3.770645e-02	1.420188e-03	2.752000e+00
1.0	8.760000e+02	4.147200e+04	3.730594e-02	1.205567e-03	2.752000e+00
1.0	1.024000e+03	4.147200e+04	3.753461e-02	1.104918e-03	2.752000e+00
1.0	1.280000e+03	4.147200e+04	3.753224e-02	1.436957e-03	2.752000e+00
1.0	1.536000e+03	4.147200e+04	3.740310e-02	1.479553e-03	2.752000e+00
1.0	1.280000e+02	4.147200e+04	3.160885e-02	9.440750e-04	2.792000e+00
1.0	2.560000e+02	4.147200e+04	3.161378e-02	1.066302e-03	2.792000e+00
1.0	3.840000e+02	4.147200e+04	3.160265e-02	9.704099e-04	2.792000e+00
1.0	5.120000e+02	4.147200e+04	3.162295e-02	1.144489e-03	2.792000e+00
1.0	6.400000e+02	4.147200e+04	3.161612e-02	1.049549e-03	2.792000e+00
1.0	7.580000e+02	4.147200e+04	3.148867e-02	1.051634e-03	2.792000e+00
1.0	8.760000e+02	4.147200e+04	3.137996e-02	1.148156e-03	2.792000e+00
1.0	1.024000e+03	4.147200e+04	3.160549e-02	1.218473e-03	2.792000e+00
1.0	1.280000e+03	4.147200e+04	3.161997e-02	1.158371e-03	2.792000e+00
1.0	1.536000e+03	4.147200e+04	3.155301e-02	1.438200e-03	2.792000e+00
1.0	1.280000e+02	4.147200e+04	2.557003e-02	7.004890e-04	2.856000e+00
1.0	2.560000e+02	4.147200e+04	2.562557e-02	7.890439e-04	2.856000e+00
1.0	3.840000e+02	4.147200e+04	2.555606e-02	9.114389e-04	2.856000e+00
1.0	5.120000e+02	4.147200e+04	2.562820e-02	7.796081e-04	2.856000e+00
1.0	6.400000e+02	4.147200e+04	2.562392e-02	8.338170e-04	2.856000e+00
1.0	7.580000e+02	4.147200e+04	2.583297e-02	8.802885e-04	2.856000e+00
1.0	8.760000e+02	4.147200e+04	2.596833e-02	6.633603e-04	2.856000e+00
1.0	1.024000e+03	4.147200e+04	2.563464e-02	9.373541e-04	2.856000e+00
1.0	1.280000e+03	4.147200e+04	2.563030e-02	6.293756e-04	2.856000e+00
1.0	1.536000e+03	4.147200e+04	2.600979e-02	7.526647e-04	2.856000e+00
1.0	1.280000e+02	4.147200e+04	2.265249e-02	6.105033e-04	2.920000e+00
1.0	2.560000e+02	4.147200e+04	2.249481e-02	5.222628e-04	2.920000e+00
1.0	3.840000e+02	4.147200e+04	2.265219e-02	5.991624e-04	2.920000e+00
1.0	5.120000e+02	4.147200e+04	2.249891e-02	5.244656e-04	2.920000e+00
1.0	6.400000e+02	4.147200e+04	2.250000e-02	6.387814e-04	2.920000e+00
1.0	7.580000e+02	4.147200e+04	2.258798e-02	4.949350e-04	2.920000e+00
1.0	8.760000e+02	4.147200e+04	2.270764e-02	7.706300e-04	2.920000e+00
1.0	1.024000e+03	4.147200e+04	2.249964e-02	5.286947e-04	2.920000e+00
1.0	1.280000e+03	4.147200e+04	2.249469e-02	5.636968e-04	2.920000e+00
1.0	1.536000e+03	4.147200e+04	2.273790e-02	5.218496e-04	2.920000e+00
1.0	1.280000e+02	4.147200e+04	2.016066e-02	5.745611e-04	2.984000e+00
1.0	2.560000e+02	4.147200e+04	2.026285e-02	6.252631e-04	2.984000e+00
1.0	3.840000e+02	4.147200e+04	2.015744e-02	6.107235e-04	2.984000e+00
1.0	5.120000e+02	4.147200e+04	2.027121e-02	5.331083e-04	2.984000e+00
1.0	6.400000e+02	4.147200e+04	2.027186e-02	4.529298e-04	2.984000e+00
1.0	7.580000e+02	4.147200e+04	2.019061e-02	3.772164e-04	2.984000e+00
1.0	8.760000e+02	4.147200e+04	2.025987e-02	4.800989e-04	2.984000e+00
1.0	1.024000e+03	4.147200e+04	2.026856e-02	4.694330e-04	2.984000e+00
1.0	1.280000e+03	4.147200e+04	2.027144e-02	4.766004e-04	2.984000e+00
1.0	1.536000e+03	4.147200e+04	2.041255e-02	2.234433e-04	2.984000e+00
1.0	1.280000e+02	4.147200e+04	1.897525e-02	4.655405e-04	3.048000e+00
1.0	2.560000e+02	4.147200e+04	1.897349e-02	4.714715e-04	3.048000e+00
1.0	3.840000e+02	4.147200e+04	1.897570e-02	4.925626e-04	3.048000e+00
1.0	5.120000e+02	4.147200e+04	1.897511e-02	4.881015e-04	3.048000e+00
1.0	6.400000e+02	4.147200e+04	1.897219e-02	5.628979e-04	3.048000e+00
1.0	7.580000e+02	4.147200e+04	1.900983e-02	6.176471e-04	3.048000e+00
1.0	8.760000e+02	4.147200e+04	1.895921e-02	5.127252e-04	3.048000e+00
1.0	1.024000e+03	4.147200e+04	1.897346e-02	4.899649e-04	3.048000e+00
1.0	1.280000e+03	4.147200e+04	1.897113e-02	5.532505e-04	3.048000e+00
1.0	1.536000e+03	4.147200e+04	1.898687e-02	5.811986e-04	3.048000e+00
1.0	1.280000e+02	4.147200e+04	1.685946e-02	4.817482e-04	3.112000e+00
1.0	2.560000e+02	4.147200e+04	1.692886e-02	4.225791e-04	3.112000e+00
1.0	3.840000e+02	4.147200e+04	1.685294e-02	5.108799e-04	3.112000e+00
1.0	5.120000e+02	4.147200e+04	1.693237e-02	3.650956e-04	3.112000e+00
1.0	6.400000e+02	4.147200e+04	1.693212e-02	4.407083e-04	3.112000e+00
1.0	7.580000e+02	4.147200e+04	1.699076e-02	3.296134e-04	3.112000e+00
1.0	8.760000e+02	4.147200e+04	1.699886e-02	3.733813e-04	3.112000e+00
1.0	1.024000e+03	4.147200e+04	1.693239e-02	2.865629e-04	3.112000e+00
1.0	1.280000e+03	4.147200e+04	1.693499e-02	3.788437e-04	3.112000e+00
1.0	1.536000e+03	4.147200e+04	1.697684e-02	3.043117e-04	3.112000e+00
1.0	1.280000e+02	4.147200e+04	1.552968e-02	3.672133e-04	3.176000e+00
1.0	2.560000e+02	4.147200e+04	1.544794e-02	3.721675e-04	3.176000e+00
1.0	3.840000e+02	4.147200e+04	1.553444e-02	4.278086e-04	3.176000e+00
1.0	5.120000e+02	4.147200e+04	1.544596e-02	3.477795e-04	3.176000e+00
1.0	6.400000e+02	4.147200e+04	1.544699e-02	3.974767e-04	3.176000e+00
1.0	7.580000e+02	4.147200e+04	1.531344e-02	3.333069e-04	3.176000e+00
1.0	8.760000e+02	4.147200e+04	1.530564e-02	4.443809e-04	3.176000e+00
1.0	1.024000e+03	4.147200e+04	1.544610e-02	3.247058e-04	3.176000e+00
1.0	1.280000e+03	4.147200e+04	1.544793e-02	3.043032e-04	3.176000e+00
1.0	1.536000e+03	4.147200e+04	1.538149e-02	3.835304e-04	3.176000e+00
1.0	1.280000e+02	4.147200e+04	1.451930e-02	3.053351e-04	3.240000e+00
1.0	2.560000e+02	4.147200e+04	1.454278e-02	2.554986e-04	3.240000e+00
1.0	3.840000e+02	4.147200e+04	1.451972e-02	2.795225e-04	3.240000e+00
1.0	5.120000e+02	4.147200e+04	1.454474e-02	2.494080e-04	3.240000e+00
1.0	6.400000e+02	4.147200e+04	1.454518e-02	3.136231e-04	3.240000e+00
1.0	7.580000e+02	4.147200e+04	1.456989e-02	3.169704e-04	3.240000e+00
1.0	8.760000e+02	4.147200e+04	1.461944e-02	3.208636e-04	3.240000e+00
1.0	1.024000e+03	4.147200e+04	1.454229e-02	3.266727e-04	3.240000e+00
1.0	1.280000e+03	4.147200e+04	1.454127e-02	2.901207e-04	3.240000e+00
1.0	1.536000e+03	4.147200e+04	1.463276e-02	2.802462e-04	3.240000e+00
1.0	1.280000e+02	4.147200e+04	1.289494e-02	2.814056e-04	3.304000e+00
1.0	2.560000e+02	4.147200e+04	1.291694e-02	2.391553e-04	3.304000e+00
1.0	3.840000e+02	4.147200e+04	1.289475e-02	2.555183e-04	3.304000e+00
1.0	5.120000e+02	4.147200e+04	1.291855e-02	2.404597e-04	3.304000e+00
1.0	6.400000e+02	4.147200e+04	1.291908e-02	2.865532e-04	3.304000e+00
1.0	7.580000e+02	4.147200e+04	1.288535e-02	2.826458e-04	3.304000e+00
1.0	8.760000e+02	4.147200e+04	1.289767e-02	3.547351e-04	3.304000e+00
1.0	1.024000e+03	4.147200e+04	1.291872e-02	2.785590e-04	3.304000e+00
1.0	1.280000e+03	4.147200e+04	1.291818e-02	3.079669e-04	3.304000e+00
1.0	1.536000e+03	4.147200e+04	1.288094e-02	3.633496e-04	3.304000e+00
1.0	1.280000e+02	4.147200e+04	1.263156e-02	2.987744e-04	3.368000e+00
1.0	2.560000e+02	4.147200e+04	1.265164e-02	2.713630e-04	3.368000e+00
1.0	3.840000e+02	4.147200e+04	1.263237e-02	2.518278e-04	3.368000e+00
1.0	5.120000e+02	4.147200e+04	1.265373e-02	2.809909e-04	3.368000e+00
1.0	6.400000e+02	4.147200e+04	1.265041e-02	2.805845e-04	3.368000e+00
1.0	7.580000e+02	4.147200e+04	1.269861e-02	3.185069e-04	3.368000e+00
1.0	8.760000e+02	4.147200e+04	1.264663e-02	2.351558e-04	3.368000e+00
1.0	1.024000e+03	4.147200e+04	1.265391e-02	2.355268e-04	3.368000e+00
1.0	1.280000e+03	4.147200e+04	1.265221e-02	2.829321e-04	3.368000e+00
1.0	1.536000e+03	4.147200e+04	1.260553e-02	2.312587e-04	3.368000e+00
1.0	1.280000e+02	4.147200e+04	1.145406e-02	2.257401e-04	3.432000e+00
1.0	2.560000e+02	4.147200e+04	1.144563e-02	2.272791e-04	3.432000e+00
1.0	3.840000e+02	4.147200e+04	1.145351e-02	2.247345e-04	3.432000e+00
1.0	5.120000e+02	4.147200e+04	1.144476e-02	2.471228e-04	3.432000e+00
1.0	6.400000e+02	4.147200e+04	1.144397e-02	2.566978e-04	3.432000e+00
1.0	7.580000e+02	4.147200e+04	1.150101e-02	2.800909e-04	3.432000e+00
1.0	8.760000e+02	4.147200e+04	1.149837e-02	2.793017e-04	3.432000e+00
1.0	1.024000e+03	4.147200e+04	1.144450e-02	2.987413e-04	3.432000e+00
1.0	1.280000e+03	4.147200e+04	1.144225e-02	3.126892e-04	3.432000e+00
1.0	1.536000e+03	4.147200e+04	1.142712e-02	3.417063e-04	3.432000e+00
1.0	1.280000e+02	4.147200e+04	1.076961e-02	2.356856e-04	3.496000e+00
1.0	2.560000e+02	4.147200e+04	1.079909e-02	2.326750e-04	3.496000e+00
1.0	3.840000e+02	4.147200e+04	1.077146e-02	2.295405e-04	3.496000e+00
1.0	5.120000e+02	4.147200e+04	1.079891e-02	2.646637e-04	3.496000e+00
1.0	6.400000e+02	4.147200e+04	1.079874e-02	2.499333e-04	3.496000e+00
1.0	7.580000e+02	4.147200e+04	1.077629e-02	2.507332e-04	3.496000e+00
1.0	8.760000e+02	4.147200e+04	1.073794e-02	2.676677e-04	3.496000e+00
1.0	1.024000e+03	4.147200e+04	1.079760e-02	2.698930e-04	3.496000e+00
1.0	1.280000e+03	4.147200e+04	1.079674e-02	2.951909e-04	3.496000e+00
1.0	1.536000e+03	4.147200e+04	1.064669e-02	2.312154e-04	3.496000e+00
1.0	1.280000e+02	4.147200e+04	1.015941e-02	1.983044e-04	3.560000e+00
1.0	2.560000e+02	4.147200e+04	1.014531e-02	1.891886e-04	3.560000e+00
1.0	3.840000e+02	4.147200e+04	1.015811e-02	2.190056e-04	3.560000e+00
1.0	5.120000e+02	4.147200e+04	1.014676e-02	2.207034e-04	3.560000e+00
1.0	6.400000e+02	4.147200e+04	1.014683e-02	1.482154e-04	3.560000e+00
1.0	7.580000e+02	4.147200e+04	1.016362e-02	1.987693e-04	3.560000e+00
1.0	8.760000e+02	4.147200e+04	1.016871e-02	1.664713e-04	3.560000e+00
1.0	1.024000e+03	4.147200e+04	1.014590e-02	1.349595e-04	3.560000e+00
1.0	1.280000e+03	4.147200e+04	1.014595e-02	1.445235e-04	3.560000e+00
1.0	1.536000e+03	4.147200e+04	1.013336e-02	1.905362e-04	3.560000e+00
1.0	1.280000e+02	4.147200e+04	9.449523e-03	1.893971e-04	3.624000e+00
1.0	2.560000e+02	4.147200e+04	9.442688e-03	1.681930e-04	3.624000e+00
1.0	3.840000e+02	4.147200e+04	9.450111e-03	1.512237e-04	3.624000e+00
1.0	5.120000e+02	4.147200e+04	9.443281e-03	1.744159e-04	3.624000e+00
1.0	6.400000e+02	4.147200e+04	9.443187e-03	1.561438e-04	3.624000e+00
1.0	7.580000e+02	4.147200e+04	9.404290e-03	9.523013e-05	3.624000e+00
1.0	8.760000e+02	4.147200e+04	9.396997e-03	1.416052e-04	3.624000e+00
1.0	1.024000e+03	4.147200e+04	9.443621e-03	1.114048e-04	3.624000e+00
1.0	1.280000e+03	4.147200e+04	9.443228e-03	1.336184e-04	3.624000e+00
1.0	1.536000e+03	4.147200e+04	9.401326e-03	6.480863e-05	3.624000e+00
