1.0	1.280000e+02	4.147200e+04	1.000000e+00	0.000000e+00	5.000000e-02
1.0	2.560000e+02	4.147200e+04	1.000000e+00	0.000000e+00	5.000000e-02
1.0	3.840000e+02	4.147200e+04	1.000000e+00	0.000000e+00	5.000000e-02
1.0	5.120000e+02	4.147200e+04	1.000000e+00	0.000000e+00	5.000000e-02
1.0	6.400000e+02	4.147200e+04	1.000000e+00	0.000000e+00	5.000000e-02
1.0	7.580000e+02	4.147200e+04	1.000000e+00	0.000000e+00	5.000000e-02
1.0	8.760000e+02	4.147200e+04	1.000000e+00	0.000000e+00	5.000000e-02
1.0	1.024000e+03	4.147200e+04	1.000000e+00	0.000000e+00	5.000000e-02
1.0	1.280000e+03	4.147200e+04	1.000000e+00	0.000000e+00	5.000000e-02
1.0	1.536000e+03	4.147200e+04	1.000000e+00	0.000000e+00	5.000000e-02
1.0	1.280000e+02	4.147200e+04	9.999980e-01	7.898931e-07	5.500000e-01
1.0	2.560000e+02	4.147200e+04	9.999980e-01	7.656332e-07	5.500000e-01
1.0	3.840000e+02	4.147200e+04	9.999980e-01	7.240077e-07	5.500000e-01
1.0	5.120000e+02	4.147200e+04	9.999980e-01	6.943096e-07	5.500000e-01
1.0	6.400000e+02	4.147200e+04	9.999980e-01	8.149216e-07	5.500000e-01
1.0	7.580000e+02	4.147200e+04	9.999979e-01	9.485910e-07	5.500000e-01
1.0	8.760000e+02	4.147200e+04	9.999978e-01	9.313720e-07	5.500000e-01
1.0	1.024000e+03	4.147200e+04	9.999980e-01	7.127290e-07	5.500000e-01
1.0	1.280000e+03	4.147200e+04	9.999980e-01	6.319725e-07	5.500000e-01
1.0	1.536000e+03	4.147200e+04	9.999977e-01	7.527088e-07	5.500000e-01
1.0	1.280000e+02	4.147200e+04	9.989329e-01	2.285945e-05	1.050000e+00
1.0	2.560000e+02	4.147200e+04	9.989344e-01	2.457559e-05	1.050000e+00
1.0	3.840000e+02	4.147200e+04	9.989327e-01	2.394842e-05	1.050000e+00
1.0	5.120000e+02	4.147200e+04	9.989346e-01	2.372321e-05	1.050000e+00
1.0	6.400000e+02	4.147200e+04	9.989346e-01	1.960493e-05	1.050000e+00
1.0	7.580000e+02	4.147200e+04	9.989336e-01	2.039678e-05	1.050000e+00
1.0	8.760000e+02	4.147200e+04	9.989366e-01	2.032510e-05	1.050000e+00
1.0	1.024000e+03	4.147200e+04	9.989345e-01	2.066246e-05	1.050000e+00
1.0	1.280000e+03	4.147200e+04	9.989347e-01	1.918628e-05	1.050000e+00
1.0	1.536000e+03	4.147200e+04	9.989357e-01	2.280119e-05	1.050000e+00
1.0	1.280000e+02	4.147200e+04	9.833868e-01	1.172586e-04	1.550000e+00
1.0	2.560000e+02	4.147200e+04	9.834007e-01	1.161202e-04	1.550000e+00
1.0	3.840000e+02	4.147200e+04	9.833857e-01	1.143546e-04	1.550000e+00
1.0	5.120000e+02	4.147200e+04	9.834011e-01	1.221128e-04	1.550000e+00
1.0	6.400000e+02	4.147200e+04	9.834005e-01	1.300077e-04	1.550000e+00
1.0	7.580000e+02	4.147200e+04	9.834418e-01	1.407929e-04	1.550000e+00
1.0	8.760000e+02	4.147200e+04	9.834337e-01	1.356908e-04	1.550000e+00
1.0	1.024000e+03	4.147200e+04	9.834006e-01	1.351870e-04	1.550000e+00
1.0	1.280000e+03	4.147200e+04	9.834011e-01	1.108936e-04	1.550000e+00
1.0	1.536000e+03	4.147200e+04	9.834621e-01	1.114123e-04	1.550000e+00
1.0	1.280000e+02	4.147200e+04	9.100329e-01	1.108372e-03	2.000000e+00
1.0	2.560000e+02	4.147200e+04	9.099938e-01	1.082619e-03	2.000000e+00
1.0	3.840000e+02	4.147200e+04	9.100302e-01	1.024617e-03	2.000000e+00
1.0	5.120000e+02	4.147200e+04	9.099944e-01	9.086736e-04	2.000000e+00
1.0	6.400000e+02	4.147200e+04	9.099883e-01	1.080716e-03	2.000000e+00
1.0	7.580000e+02	4.147200e+04	9.099324e-01	1.038953e-03	2.000000e+00
1.0	8.760000e+02	4.147200e+04	9.097215e-01	1.049263e-03	2.000000e+00
1.0	1.024000e+03	4.147200e+04	9.099903e-01	8.125267e-04	2.000000e+00
1.0	1.280000e+03	4.147200e+04	9.099889e-01	8.374173e-04	2.000000e+00
1.0	1.536000e+03	4.147200e+04	9.099524e-01	7.728860e-04	2.000000e+00
1.0	1.280000e+02	4.147200e+04	8.962074e-01	1.453492e-03	2.040000e+00
1.0	2.560000e+02	4.147200e+04	8.962028e-01	1.589192e-03	2.040000e+00
1.0	3.840000e+02	4.147200e+04	8.962155e-01	1.339869e-03	2.040000e+00
1.0	5.120000e+02	4.147200e+04	8.962142e-01	1.405997e-03	2.040000e+00
1.0	6.400000e+02	4.147200e+04	8.961880e-01	1.564360e-03	2.040000e+00
1.0	7.580000e+02	4.147200e+04	8.960454e-01	1.683579e-03	2.040000e+00
1.0	8.760000e+02	4.147200e+04	8.961606e-01	1.784252e-03	2.040000e+00
1.0	1.024000e+03	4.147200e+04	8.962057e-01	1.435176e-03	2.040000e+00
1.0	1.280000e+03	4.147200e+04	8.962033e-01	1.236619e-03	2.040000e+00
1.0	1.536000e+03	4.147200e+04	8.960051e-01	1.269342e-03	2.040000e+00
1.0	1.280000e+02	4.147200e+04	8.776870e-01	1.651543e-03	2.080000e+00
1.0	2.560000e+02	4.147200e+04	8.778417e-01	1.501874e-03	2.080000e+00
1.0	3.840000e+02	4.147200e+04	8.776698e-01	1.622025e-03	2.080000e+00
1.0	5.120000e+02	4.147200e+04	8.778182e-01	1.436090e-03	2.080000e+00
1.0	6.400000e+02	4.147200e+04	8.778349e-01	1.450537e-03	2.080000e+00
1.0	7.580000e+02	4.147200e+04	8.784641e-01	1.723575e-03	2.080000e+00
1.0	8.760000e+02	4.147200e+04	8.781185e-01	1.368034e-03	2.080000e+00
1.0	1.024000e+03	4.147200e+04	8.778220e-01	1.437016e-03	2.080000e+00
1.0	1.280000e+03	4.147200e+04	8.778244e-01	1.008311e-03	2.080000e+00
1.0	1.536000e+03	4.147200e+04	8.782361e-01	1.156624e-03	2.080000e+00
1.0	1.280000e+02	4.147200e+04	8.608586e-01	1.904552e-03	2.120000e+00
1.0	2.560000e+02	4.147200e+04	8.607668e-01	1.959577e-03	2.120000e+00
1.0	3.840000e+02	4.147200e+04	8.608659e-01	1.439859e-03	2.120000e+00
1.0	5.120000e+02	4.147200e+04	8.607668e-01	1.766393e-03	2.120000e+00
1.0	6.400000e+02	4.147200e+04	8.607727e-01	1.762433e-03	2.120000e+00
1.0	7.580000e+02	4.147200e+04	8.608614e-01	1.576019e-03	2.120000e+00
1.0	8.760000e+02	4.147200e+04	8.608578e-01	1.529004e-03	2.120000e+00
1.0	1.024000e+03	4.147200e+04	8.607528e-01	1.196512e-03	2.120000e+00
1.0	1.280000e+03	4.147200e+04	8.607701e-01	1.323350e-03	2.120000e+00
1.0	1.536000e+03	4.147200e+04	8.604762e-01	1.140100e-03	2.120000e+00
1.0	1.280000e+02	4.147200e+04	8.257553e-01	4.058965e-03	2.160000e+00
1.0	2.560000e+02	4.147200e+04	8.252659e-01	4.436374e-03	2.160000e+00
1.0	3.840000e+02	4.147200e+04	8.257267e-01	4.423453e-03	2.160000e+00
1.0	5.120000e+02	4.147200e+04	8.252866e-01	4.635706e-03	2.160000e+00
1.0	6.400000e+02	4.147200e+04	8.252363e-01	5.121731e-03	2.160000e+00
1.0	7.580000e+02	4.147200e+04	8.250573e-01	5.386385e-03	2.160000e+00
1.0	8.760000e+02	4.147200e+04	8.245709e-01	5.555479e-03	2.160000e+00
1.0	1.024000e+03	4.147200e+04	8.252459e-01	5.524010e-03	2.160000e+00
1.0	1.280000e+03	4.147200e+04	8.252201e-01	6.080017e-03	2.160000e+00
1.0	1.536000e+03	4.147200e+04	8.243081e-01	6.505606e-03	2.160000e+00
1.0	1.280000e+02	4.147200e+04	7.892989e-01	6.002473e-03	2.200000e+00
1.0	2.560000e+02	4.147200e+04	7.891329e-01	5.752084e-03	2.200000e+00
1.0	3.840000e+02	4.147200e+04	7.893447e-01	6.185345e-03	2.200000e+00
1.0	5.120000e+02	4.147200e+04	7.890872e-01	6.213461e-03	2.200000e+00
1.0	6.400000e+02	4.147200e+04	7.891444e-01	5.603218e-03	2.200000e+00
1.0	7.580000e+02	4.147200e+04	7.887553e-01	6.101198e-03	2.200000e+00
1.0	8.760000e+02	4.147200e+04	7.898463e-01	5.309020e-03	2.200000e+00
1.0	1.024000e+03	4.147200e+04	7.891490e-01	4.627332e-03	2.200000e+00
1.0	1.280000e+03	4.147200e+04	7.891396e-01	3.577833e-03	2.200000e+00
1.0	1.536000e+03	4.147200e+04	7.902794e-01	7.532983e-03	2.200000e+00
1.0	1.280000e+02	4.147200e+04	7.561546e-01	7.142442e-03	2.228000e+00
1.0	2.560000e+02	4.147200e+04	7.555198e-01	8.162547e-03	2.228000e+00
1.0	3.840000e+02	4.147200e+04	7.561102e-01	6.804071e-03	2.228000e+00
1.0	5.120000e+02	4.147200e+04	7.553744e-01	8.775186e-03	2.228000e+00
1.0	6.400000e+02	4.147200e+04	7.554336e-01	7.706019e-03	2.228000e+00
1.0	7.580000e+02	4.147200e+04	7.544498e-01	8.180651e-03	2.228000e+00
1.0	8.760000e+02	4.147200e+04	7.540526e-01	7.839740e-03	2.228000e+00
1.0	1.024000e+03	4.147200e+04	7.554662e-01	8.745039e-03	2.228000e+00
1.0	1.280000e+03	4.147200e+04	7.554553e-01	6.410971e-03	2.228000e+00
1.0	1.536000e+03	4.147200e+04	7.550651e-01	7.009116e-03	2.228000e+00
1.0	1.280000e+02	4.147200e+04	7.485687e-01	5.634717e-03	2.238000e+00
1.0	2.560000e+02	4.147200e+04	7.485908e-01	6.013781e-03	2.238000e+00
1.0	3.840000e+02	4.147200e+04	7.485581e-01	6.047191e-03	2.238000e+00
1.0	5.120000e+02	4.147200e+04	7.485528e-01	4.846171e-03	2.238000e+00
1.0	6.400000e+02	4.147200e+04	7.485451e-01	5.486549e-03	2.238000e+00
1.0	7.580000e+02	4.147200e+04	7.502823e-01	4.797909e-03	2.238000e+00
1.0	8.760000e+02	4.147200e+04	7.492718e-01	4.827697e-03	2.238000e+00
1.0	1.024000e+03	4.147200e+04	7.485593e-01	4.367067e-03	2.238000e+00
1.0	1.280000e+03	4.147200e+04	7.485740e-01	4.537220e-03	2.238000e+00
1.0	1.536000e+03	4.147200e+04	7.508001e-01	2.797967e-03	2.238000e+00
1.0	1.280000e+02	4.147200e+04	7.199099e-01	9.488474e-03	2.248000e+00
1.0	2.560000e+02	4.147200e+04	7.194662e-01	1.054695e-02	2.248000e+00
1.0	3.840000e+02	4.147200e+04	7.199594e-01	1.145319e-02	2.248000e+00
1.0	5.120000e+02	4.147200e+04	7.194596e-01	1.067441e-02	2.248000e+00
1.0	6.400000e+02	4.147200e+04	7.194693e-01	1.220250e-02	2.248000e+00
1.0	7.580000e+02	4.147200e+04	7.183978e-01	1.025136e-02	2.248000e+00
1.0	8.760000e+02	4.147200e+04	7.180641e-01	1.302790e-02	2.248000e+00
1.0	1.024000e+03	4.147200e+04	7.195878e-01	1.002009e-02	2.248000e+00
1.0	1.280000e+03	4.147200e+04	7.195314e-01	1.066123e-02	2.248000e+00
1.0	1.536000e+03	4.147200e+04	7.151544e-01	9.060333e-03	2.248000e+00
1.0	1.280000e+02	4.147200e+04	7.039547e-01	9.448841e-03	2.258000e+00
1.0	2.560000e+02	4.147200e+04	7.068117e-01	1.054728e-02	2.258000e+00
1.0	3.840000e+02	4.147200e+04	7.040603e-01	1.035875e-02	2.258000e+00
1.0	5.120000e+02	4.147200e+04	7.066680e-01	9.280173e-03	2.258000e+00
1.0	6.400000e+02	4.147200e+04	7.067476e-01	7.536109e-03	2.258000e+00
1.0	7.580000e+02	4.147200e+04	7.071342e-01	7.946830e-03	2.258000e+00
1.0	8.760000e+02	4.147200e+04	7.078923e-01	7.858647e-03	2.258000e+00
1.0	1.024000e+03	4.147200e+04	7.067519e-01	7.513879e-03	2.258000e+00
1.0	1.280000e+03	4.147200e+04	7.067211e-01	5.924260e-03	2.258000e+00
1.0	1.536000e+03	4.147200e+04	7.049888e-01	7.356737e-03	2.258000e+00
1.0	1.280000e+02	4.147200e+04	6.851359e-01	1.203806e-02	2.268000e+00
1.0	2.560000e+02	4.147200e+04	6.857792e-01	1.296886e-02	2.268000e+00
1.0	3.840000e+02	4.147200e+04	6.850537e-01	1.184595e-02	2.268000e+00
1.0	5.120000e+02	4.147200e+04	6.856121e-01	1.057478e-02	2.268000e+00
1.0	6.400000e+02	4.147200e+04	6.855955e-01	7.114448e-03	2.268000e+00
1.0	7.580000e+02	4.147200e+04	6.881776e-01	8.202802e-03	2.268000e+00
1.0	8.760000e+02	4.147200e+04	6.865640e-01	1.201762e-02	2.268000e+00
1.0	1.024000e+03	4.147200e+04	6.856457e-01	8.445438e-03	2.268000e+00
1.0	1.280000e+03	4.147200e+04	6.856443e-01	4.828543e-03	2.268000e+00
1.0	1.536000e+03	4.147200e+04	6.895299e-01	1.072042e-02	2.268000e+00
1.0	1.280000e+02	4.147200e+04	6.457296e-01	1.318322e-02	2.278000e+00
1.0	2.560000e+02	4.147200e+04	6.445943e-01	1.348258e-02	2.278000e+00
1.0	3.840000e+02	4.147200e+04	6.457578e-01	1.342649e-02	2.278000e+00
1.0	5.120000e+02	4.147200e+04	6.446519e-01	1.300211e-02	2.278000e+00
1.0	6.400000e+02	4.147200e+04	6.446250e-01	9.568017e-03	2.278000e+00
1.0	7.580000e+02	4.147200e+04	6.507005e-01	1.198779e-02	2.278000e+00
1.0	8.760000e+02	4.147200e+04	6.480604e-01	1.336053e-02	2.278000e+00
1.0	1.024000e+03	4.147200e+04	6.446224e-01	1.008457e-02	2.278000e+00
1.0	1.280000e+03	4.147200e+04	6.447504e-01	9.825201e-03	2.278000e+00
1.0	1.536000e+03	4.147200e+04	6.446606e-01	1.468057e-02	2.278000e+00
1.0	1.280000e+02	4.147200e+04	6.102169e-01	1.381899e-02	2.288000e+00
1.0	2.560000e+02	4.147200e+04	6.096009e-01	1.599403e-02	2.288000e+00
1.0	3.840000e+02	4.147200e+04	6.101531e-01	1.605704e-02	2.288000e+00
1.0	5.120000e+02	4.147200e+04	6.096954e-01	1.987227e-02	2.288000e+00
1.0	6.400000e+02	4.147200e+04	6.098135e-01	1.842063e-02	2.288000e+00
1.0	7.580000e+02	4.147200e+04	6.159490e-01	1.949869e-02	2.288000e+00
1.0	8.760000e+02	4.147200e+04	6.168453e-01	1.802284e-02	2.288000e+00
1.0	1.024000e+03	4.147200e+04	6.097755e-01	2.251100e-02	2.288000e+00
1.0	1.280000e+03	4.147200e+04	6.098739e-01	2.341132e-02	2.288000e+00
1.0	1.536000e+03	4.147200e+04	6.299891e-01	1.271950e-02	2.288000e+00
1.0	1.280000e+02	4.147200e+04	6.089637e-01	1.423485e-02	2.298000e+00
1.0	2.560000e+02	4.147200e+04	6.101315e-01	1.347591e-02	2.298000e+00
1.0	3.840000e+02	4.147200e+04	6.089160e-01	1.528069e-02	2.298000e+00
1.0	5.120000e+02	4.147200e+04	6.101174e-01	1.313702e-02	2.298000e+00
1.0	6.400000e+02	4.147200e+04	6.100391e-01	1.445563e-02	2.298000e+00
1.0	7.580000e+02	4.147200e+04	6.122349e-01	1.409807e-02	2.298000e+00
1.0	8.760000e+02	4.147200e+04	6.101374e-01	1.505570e-02	2.298000e+00
1.0	1.024000e+03	4.147200e+04	6.099765e-01	1.127931e-02	2.298000e+00
1.0	1.280000e+03	4.147200e+04	6.100785e-01	1.298275e-02	2.298000e+00
1.0	1.536000e+03	4.147200e+04	6.084997e-01	9.776842e-03	2.298000e+00
1.0	1.280000e+02	4.147200e+04	5.936153e-01	1.184820e-02	2.308000e+00
1.0	2.560000e+02	4.147200e+04	5.923006e-01	1.296534e-02	2.308000e+00
1.0	3.840000e+02	4.147200e+04	5.935521e-01	1.535063e-02	2.308000e+00
1.0	5.120000e+02	4.147200e+04	5.924088e-01	1.461825e-02	2.308000e+00
1.0	6.400000e+02	4.147200e+04	5.922987e-01	1.628083e-02	2.308000e+00
1.0	7.580000e+02	4.147200e+04	5.932712e-01	1.723003e-02	2.308000e+00
1.0	8.760000e+02	4.147200e+04	5.906000e-01	2.112320e-02	2.308000e+00
1.0	1.024000e+03	4.147200e+04	5.924573e-01	1.772364e-02	2.308000e+00
1.0	1.280000e+03	4.147200e+04	5.922877e-01	1.840734e-02	2.308000e+00
1.0	1.536000e+03	4.147200e+04	5.973741e-01	2.144280e-02	2.308000e+00
1.0	1.280000e+02	4.147200e+04	5.868100e-01	1.336447e-02	2.318000e+00
1.0	2.560000e+02	4.147200e+04	5.851658e-01	1.515032e-02	2.318000e+00
1.0	3.840000e+02	4.147200e+04	5.867931e-01	1.438261e-02	2.318000e+00
1.0	5.120000e+02	4.147200e+04	5.851369e-01	1.418040e-02	2.318000e+00
1.0	6.400000e+02	4.147200e+04	5.851099e-01	1.312244e-02	2.318000e+00
1.0	7.580000e+02	4.147200e+04	5.901575e-01	1.453233e-02	2.318000e+00
1.0	8.760000e+02	4.147200e+04	5.892198e-01	1.664617e-02	2.318000e+00
1.0	1.024000e+03	4.147200e+04	5.851512e-01	1.376623e-02	2.318000e+00
1.0	1.280000e+03	4.147200e+04	5.851279e-01	1.600000e-02	2.318000e+00
1.0	1.536000e+03	4.147200e+04	5.880334e-01	1.588517e-02	2.318000e+00
1.0	1.280000e+02	4.147200e+04	5.184433e-01	1.301470e-02	2.328000e+00
1.0	2.560000e+02	4.147200e+04	5.181898e-01	1.387902e-02	2.328000e+00
1.0	3.840000e+02	4.147200e+04	5.184172e-01	1.222010e-02	2.328000e+00
1.0	5.120000e+02	4.147200e+04	5.182309e-01	1.143260e-02	2.328000e+00
1.0	6.400000e+02	4.147200e+04	5.181709e-01	1.421797e-02	2.328000e+00
1.0	7.580000e+02	4.147200e+04	5.182602e-01	1.436869e-02	2.328000e+00
1.0	8.760000e+02	4.147200e+04	5.166108e-01	1.068289e-02	2.328000e+00
1.0	1.024000e+03	4.147200e+04	5.181973e-01	5.522487e-03	2.328000e+00
1.0	1.280000e+03	4.147200e+04	5.181817e-01	6.617295e-03	2.328000e+00
1.0	1.536000e+03	4.147200e+04	5.154220e-01	8.628589e-03	2.328000e+00
1.0	1.280000e+02	4.147200e+04	5.152887e-01	1.215651e-02	2.338000e+00
1.0	2.560000e+02	4.147200e+04	5.139167e-01	1.237189e-02	2.338000e+00
1.0	3.840000e+02	4.147200e+04	5.152350e-01	1.179089e-02	2.338000e+00
1.0	5.120000e+02	4.147200e+04	5.138635e-01	1.099663e-02	2.338000e+00
1.0	6.400000e+02	4.147200e+04	5.139560e-01	1.169746e-02	2.338000e+00
1.0	7.580000e+02	4.147200e+04	5.128154e-01	1.180629e-02	2.338000e+00
1.0	8.760000e+02	4.147200e+04	5.130528e-01	1.301497e-02	2.338000e+00
1.0	1.024000e+03	4.147200e+04	5.138920e-01	1.026231e-02	2.338000e+00
1.0	1.280000e+03	4.147200e+04	5.139170e-01	9.907377e-03	2.338000e+00
1.0	1.536000e+03	4.147200e+04	5.120397e-01	1.161447e-02	2.338000e+00
1.0	1.280000e+02	4.147200e+04	5.017073e-01	1.358787e-02	2.348000e+00
1.0	2.560000e+02	4.147200e+04	4.999302e-01	1.472983e-02	2.348000e+00
1.0	3.840000e+02	4.147200e+04	5.015605e-01	1.612764e-02	2.348000e+00
1.0	5.120000e+02	4.147200e+04	4.998373e-01	1.628283e-02	2.348000e+00
1.0	6.400000e+02	4.147200e+04	4.998583e-01	1.517696e-02	2.348000e+00
1.0	7.580000e+02	4.147200e+04	4.961128e-01	1.340435e-02	2.348000e+00
1.0	8.760000e+02	4.147200e+04	4.938709e-01	1.301398e-02	2.348000e+00
1.0	1.024000e+03	4.147200e+04	4.999489e-01	1.499194e-02	2.348000e+00
1.0	1.280000e+03	4.147200e+04	4.999074e-01	1.291187e-02	2.348000e+00
1.0	1.536000e+03	4.147200e+04	4.895025e-01	1.017403e-02	2.348000e+00
1.0	1.280000e+02	4.147200e+04	4.670943e-01	1.209670e-02	2.358000e+00
1.0	2.560000e+02	4.147200e+04	4.645274e-01	1.153112e-02	2.358000e+00
1.0	3.840000e+02	4.147200e+04	4.670364e-01	1.385742e-02	2.358000e+00
1.0	5.120000e+02	4.147200e+04	4.644436e-01	1.034623e-02	2.358000e+00
1.0	6.400000e+02	4.147200e+04	4.645983e-01	1.265564e-02	2.358000e+00
1.0	7.580000e+02	4.147200e+04	4.624693e-01	1.105033e-02	2.358000e+00
1.0	8.760000e+02	4.147200e+04	4.679610e-01	8.022108e-03	2.358000e+00
1.0	1.024000e+03	4.147200e+04	4.644274e-01	9.470228e-03	2.358000e+00
1.0	1.280000e+03	4.147200e+04	4.644896e-01	1.209159e-02	2.358000e+00
1.0	1.536000e+03	4.147200e+04	4.688217e-01	6.519777e-03	2.358000e+00
1.0	1.280000e+02	4.147200e+04	4.492652e-01	1.204398e-02	2.368000e+00
1.0	2.560000e+02	4.147200e+04	4.480729e-01	1.329505e-02	2.368000e+00
1.0	3.840000e+02	4.147200e+04	4.491771e-01	1.405270e-02	2.368000e+00
1.0	5.120000e+02	4.147200e+04	4.481845e-01	1.299258e-02	2.368000e+00
1.0	6.400000e+02	4.147200e+04	4.482245e-01	1.492957e-02	2.368000e+00
1.0	7.580000e+02	4.147200e+04	4.469001e-01	1.387567e-02	2.368000e+00
1.0	8.760000e+02	4.147200e+04	4.451131e-01	1.352997e-02	2.368000e+00
1.0	1.024000e+03	4.147200e+04	4.481420e-01	1.503259e-02	2.368000e+00
1.0	1.280000e+03	4.147200e+04	4.481204e-01	1.578978e-02	2.368000e+00
1.0	1.536000e+03	4.147200e+04	4.448919e-01	1.566424e-02	2.368000e+00
1.0	1.280000e+02	4.147200e+04	4.568862e-01	1.108452e-02	2.378000e+00
1.0	2.560000e+02	4.147200e+04	4.556625e-01	1.140473e-02	2.378000e+00
1.0	3.840000e+02	4.147200e+04	4.569162e-01	1.213508e-02	2.378000e+00
1.0	5.120000e+02	4.147200e+04	4.556075e-01	1.112618e-02	2.378000e+00
1.0	6.400000e+02	4.147200e+04	4.555751e-01	9.272882e-03	2.378000e+00
1.0	7.580000e+02	4.147200e+04	4.556032e-01	1.128403e-02	2.378000e+00
1.0	8.760000e+02	4.147200e+04	4.534024e-01	8.063426e-03	2.378000e+00
1.0	1.024000e+03	4.147200e+04	4.555697e-01	7.917091e-03	2.378000e+00
1.0	1.280000e+03	4.147200e+04	4.555356e-01	7.288950e-03	2.378000e+00
1.0	1.536000e+03	4.147200e+04	4.584695e-01	1.005064e-02	2.378000e+00
1.0	1.280000e+02	4.147200e+04	4.135210e-01	1.293649e-02	2.388000e+00
1.0	2.560000e+02	4.147200e+04	4.111358e-01	1.300236e-02	2.388000e+00
1.0	3.840000e+02	4.147200e+04	4.135222e-01	1.156121e-02	2.388000e+00
1.0	5.120000e+02	4.147200e+04	4.111863e-01	1.404139e-02	2.388000e+00
1.0	6.400000e+02	4.147200e+04	4.110839e-01	1.349342e-02	2.388000e+00
1.0	7.580000e+02	4.147200e+04	4.108115e-01	1.329122e-02	2.388000e+00
1.0	8.760000e+02	4.147200e+04	4.086360e-01	1.486722e-02	2.388000e+00
1.0	1.024000e+03	4.147200e+04	4.110981e-01	1.209928e-02	2.388000e+00
1.0	1.280000e+03	4.147200e+04	4.111065e-01	1.470495e-02	2.388000e+00
1.0	1.536000e+03	4.147200e+04	4.046537e-01	1.338200e-02	2.388000e+00
1.0	1.280000e+02	4.147200e+04	3.985803e-01	1.169763e-02	2.398000e+00
1.0	2.560000e+02	4.147200e+04	3.983610e-01	1.205370e-02	2.398000e+00
1.0	3.840000e+02	4.147200e+04	3.986126e-01	1.443804e-02	2.398000e+00
1.0	5.120000e+02	4.147200e+04	3.983585e-01	1.400246e-02	2.398000e+00
1.0	6.400000e+02	4.147200e+04	3.983936e-01	1.358625e-02	2.398000e+00
1.0	7.580000e+02	4.147200e+04	4.007478e-01	1.484337e-02	2.398000e+00
1.0	8.760000e+02	4.147200e+04	4.032067e-01	1.292882e-02	2.398000e+00
1.0	1.024000e+03	4.147200e+04	3.983494e-01	1.533153e-02	2.398000e+00
1.0	1.280000e+03	4.147200e+04	3.982910e-01	1.259558e-02	2.398000e+00
1.0	1.536000e+03	4.147200e+04	3.993192e-01	1.538843e-02	2.398000e+00
1.0	1.280000e+02	4.147200e+04	3.647598e-01	9.452949e-03	2.432000e+00
1.0	2.560000e+02	4.147200e+04	3.634154e-01	9.069595e-03	2.432000e+00
1.0	3.840000e+02	4.147200e+04	3.647242e-01	8.036912e-03	2.432000e+00
1.0	5.120000e+02	4.147200e+04	3.634328e-01	9.248664e-03	2.432000e+00
1.0	6.400000e+02	4.147200e+04	3.634371e-01	5.569868e-03	2.432000e+00
1.0	7.580000e+02	4.147200e+04	3.644166e-01	7.625276e-03	2.432000e+00
1.0	8.760000e+02	4.147200e+04	3.623002e-01	8.631971e-03	2.432000e+00
1.0	1.024000e+03	4.147200e+04	3.634345e-01	6.880232e-03	2.432000e+00
1.0	1.280000e+03	4.147200e+04	3.634331e-01	5.215119e-03	2.432000e+00
1.0	1.536000e+03	4.147200e+04	3.626435e-01	8.629412e-03	2.432000e+00
1.0	1.280000e+02	4.147200e+04	2.974393e-01	8.192201e-03	2.472000e+00
1.0	2.560000e+02	4.147200e+04	2.978743e-01	8.041811e-03	2.472000e+00
1.0	3.840000e+02	4.147200e+04	2.972974e-01	9.212708e-03	2.472000e+00
1.0	5.120000e+02	4.147200e+04	2.979074e-01	8.458555e-03	2.472000e+00
1.0	6.400000e+02	4.147200e+04	2.978564e-01	9.901251e-03	2.472000e+00
1.0	7.580000e+02	4.147200e+04	2.973314e-01	1.114798e-02	2.472000e+00
1.0	8.760000e+02	4.147200e+04	2.979844e-01	7.872963e-03	2.472000e+00
1.0	1.024000e+03	4.147200e+04	2.978712e-01	8.390492e-03	2.472000e+00
1.0	1.280000e+03	4.147200e+04	2.978803e-01	7.652575e-03	2.472000e+00
1.0	1.536000e+03	4.147200e+04	2.980680e-01	1.266687e-02	2.472000e+00
1.0	1.280000e+02	4.147200e+04	2.558121e-01	6.451342e-03	2.512000e+00
1.0	2.560000e+02	4.147200e+04	2.563527e-01	7.576024e-03	2.512000e+00
1.0	3.840000e+02	4.147200e+04	2.557950e-01	6.985196e-03	2.512000e+00
1.0	5.120000e+02	4.147200e+04	2.564291e-01	7.398538e-03	2.512000e+00
1.0	6.400000e+02	4.147200e+04	2.563822e-01	7.742268e-03	2.512000e+00
1.0	7.580000e+02	4.147200e+04	2.551467e-01	8.396962e-03	2.512000e+00
1.0	8.760000e+02	4.147200e+04	2.558723e-01	8.224061e-03	2.512000e+00
1.0	1.024000e+03	4.147200e+04	2.564597e-01	9.184565e-03	2.512000e+00
1.0	1.280000e+03	4.147200e+04	2.563543e-01	8.876721e-03	2.512000e+00
1.0	1.536000e+03	4.147200e+04	2.572722e-01	9.608470e-03	2.512000e+00
1.0	1.280000e+02	4.147200e+04	2.263003e-01	5.408149e-03	2.552000e+00
1.0	2.560000e+02	4.147200e+04	2.255176e-01	5.420838e-03	2.552000e+00
1.0	3.840000e+02	4.147200e+04	2.263254e-01	6.080016e-03	2.552000e+00
1.0	5.120000e+02	4.147200e+04	2.255462e-01	6.116252e-03	2.552000e+00
1.0	6.400000e+02	4.147200e+04	2.255704e-01	6.550194e-03	2.552000e+00
1.0	7.580000e+02	4.147200e+04	2.264772e-01	5.906425e-03	2.552000e+00
1.0	8.760000e+02	4.147200e+04	2.248553e-01	6.626935e-03	2.552000e+00
1.0	1.024000e+03	4.147200e+04	2.255759e-01	5.966301e-03	2.552000e+00
1.0	1.280000e+03	4.147200e+04	2.255379e-01	6.155527e-03	2.552000e+00
1.0	1.536000e+03	4.147200e+04	2.272272e-01	6.229984e-03	2.552000e+00
1.0	1.280000e+02	4.147200e+04	2.100988e-01	4.974783e-03	2.592000e+00
1.0	2.560000e+02	4.147200e+04	2.100501e-01	4.608633e-03	2.592000e+00
1.0	3.840000e+02	4.147200e+04	2.101378e-01	4.497607e-03	2.592000e+00
1.0	5.120000e+02	4.147200e+04	2.100106e-01	4.434143e-03	2.592000e+00
1.0	6.400000e+02	4.147200e+04	2.100662e-01	5.048759e-03	2.592000e+00
1.0	7.580000e+02	4.147200e+04	2.111126e-01	3.622908e-03	2.592000e+00
1.0	8.760000e+02	4.147200e+04	2.124848e-01	3.703928e-03	2.592000e+00
1.0	1.024000e+03	4.147200e+04	2.100046e-01	4.546997e-03	2.592000e+00
1.0	1.280000e+03	4.147200e+04	2.100450e-01	3.596461e-03	2.592000e+00
1.0	1.536000e+03	4.147200e+04	2.129703e-01	2.704165e-03	2.592000e+00
1.0	1.280000e+02	4.147200e+04	1.856807e-01	4.032659e-03	2.632000e+00
1.0	2.560000e+02	4.147200e+04	1.850682e-01	4.014997e-03	2.632000e+00
1.0	3.840000e+02	4.147200e+04	1.856878e-01	4.110773e-03	2.632000e+00
1.0	5.120000e+02	4.147200e+04	1.850413e-01	3.537607e-03	2.632000e+00
1.0	6.400000e+02	4.147200e+04	1.850602e-01	3.070979e-03	2.632000e+00
1.0	7.580000e+02	4.147200e+04	1.850930e-01	4.208589e-03	2.632000e+00
1.0	8.760000e+02	4.147200e+04	1.851223e-01	4.320189e-03	2.632000e+00
1.0	1.024000e+03	4.147200e+04	1.850458e-01	4.036117e-03	2.632000e+00
1.0	1.280000e+03	4.147200e+04	1.850688e-01	3.114174e-03	2.632000e+00
1.0	1.536000e+03	4.147200e+04	1.869762e-01	2.838590e-03	2.632000e+00
1.0	1.280000e+02	4.147200e+04	1.736017e-01	3.310310e-03	2.672000e+00
1.0	2.560000e+02	4.147200e+04	1.738343e-01	3.376591e-03	2.672000e+00
1.0	3.840000e+02	4.147200e+04	1.735892e-01	2.977480e-03	2.672000e+00
1.0	5.120000e+02	4.147200e+04	1.738441e-01	2.806935e-03	2.672000e+00
1.0	6.400000e+02	4.147200e+04	1.738480e-01	3.187260e-03	2.672000e+00
1.0	7.580000e+02	4.147200e+04	1.747292e-01	2.508308e-03	2.672000e+00
1.0	8.760000e+02	4.147200e+04	1.745189e-01	2.899131e-03	2.672000e+00
1.0	1.024000e+03	4.147200e+04	1.738645e-01	1.740042e-03	2.672000e+00
1.0	1.280000e+03	4.147200e+04	1.738504e-01	2.656862e-03	2.672000e+00
1.0	1.536000e+03	4.147200e+04	1.745168e-01	1.613480e-03	2.672000e+00
1.0	1.280000e+02	4.147200e+04	1.689735e-01	3.312342e-03	2.712000e+00
1.0	2.560000e+02	4.147200e+04	1.685850e-01	3.557318e-03	2.712000e+00
1.0	3.840000e+02	4.147200e+04	1.689882e-01	3.656035e-03	2.712000e+00
1.0	5.120000e+02	4.147200e+04	1.685751e-01	2.746823e-03	2.712000e+00
1.0	6.400000e+02	4.147200e+04	1.685626e-01	3.216122e-03	2.712000e+00
1.0	7.580000e+02	4.147200e+04	1.697225e-01	2.481635e-03	2.712000e+00
1.0	8.760000e+02	4.147200e+04	1.690918e-01	2.898957e-03	2.712000e+00
1.0	1.024000e+03	4.147200e+04	1.685768e-01	3.169304e-03	2.712000e+00
1.0	1.280000e+03	4.147200e+04	1.685526e-01	4.239048e-03	2.712000e+00
1.0	1.536000e+03	4.147200e+04	1.696106e-01	3.395869e-03	2.712000e+00
1.0	1.280000e+02	4.147200e+04	1.526647e-01	3.156583e-03	2.752000e+00
1.0	2.560000e+02	4.147200e+04	1.527953e-01	2.934375e-03	2.752000e+00
1.0	3.840000e+02	4.147200e+04	1.526818e-01	3.059772e-03	2.752000e+00
1.0	5.120000e+02	4.147200e+04	1.528009e-01	3.217788e-03	2.752000e+00
1.0	6.400000e+02	4.147200e+04	1.528018e-01	3.302405e-03	2.752000e+00
1.0	7.580000e+02	4.147200e+04	1.532611e-01	2.951378e-03	2.752000e+00
1.0	8.760000e+02	4.147200e+04	1.538927e-01	3.643201e-03	2.752000e+00
1.0	1.024000e+03	4.147200e+04	1.528032e-01	2.980047e-03	2.752000e+00
1.0	1.280000e+03	4.147200e+04	1.527978e-01	2.792796e-03	2.752000e+00
1.0	1.536000e+03	4.147200e+04	1.536286e-01	3.486237e-03	2.752000e+00
1.0	1.280000e+02	4.147200e+04	1.275098e-01	2.358822e-03	2.888000e+00
1.0	2.560000e+02	4.147200e+04	1.272155e-01	2.320301e-03	2.888000e+00
1.0	3.840000e+02	4.147200e+04	1.274711e-01	2.358156e-03	2.888000e+00
1.0	5.120000e+02	4.147200e+04	1.271983e-01	2.293236e-03	2.888000e+00
1.0	6.400000e+02	4.147200e+04	1.272159e-01	2.274016e-03	2.888000e+00
1.0	7.580000e+02	4.147200e+04	1.277200e-01	2.444453e-03	2.888000e+00
1.0	8.760000e+02	4.147200e+04	1.278836e-01	1.489773e-03	2.888000e+00
1.0	1.024000e+03	4.147200e+04	1.272174e-01	2.510503e-03	2.888000e+00
1.0	1.280000e+03	4.147200e+04	1.272046e-01	1.962015e-03	2.888000e+00
1.0	1.536000e+03	4.147200e+04	1.291305e-01	1.244914e-03	2.888000e+00
1.0	1.280000e+02	4.147200e+04	1.120006e-01	1.413588e-03	3.048000e+00
1.0	2.560000e+02	4.147200e+04	1.118615e-01	1.304642e-03	3.048000e+00
1.0	3.840000e+02	4.147200e+04	1.119934e-01	1.137166e-03	3.048000e+00
1.0	5.120000e+02	4.147200e+04	1.118638e-01	1.197514e-03	3.048000e+00
1.0	6.400000e+02	4.147200e+04	1.118549e-01	8.836909e-04	3.048000e+00
1.0	7.580000e+02	4.147200e+04	1.121820e-01	9.432994e-04	3.048000e+00
1.0	8.760000e+02	4.147200e+04	1.124035e-01	7.249324e-04	3.048000e+00
1.0	1.024000e+03	4.147200e+04	1.118595e-01	1.159195e-03	3.048000e+00
1.0	1.280000e+03	4.147200e+04	1.118585e-01	9.553868e-04	3.048000e+00
1.0	1.536000e+03	4.147200e+04	1.126809e-01	9.782050e-04	3.048000e+00
1.0	1.280000e+02	4.147200e+04	9.640458e-02	1.040161e-03	3.208000e+00
1.0	2.560000e+02	4.147200e+04	9.636477e-02	1.122357e-03	3.208000e+00
1.0	3.840000e+02	4.147200e+04	9.641258e-02	1.062067e-03	3.208000e+00
1.0	5.120000e+02	4.147200e+04	9.636431e-02	1.248492e-03	3.208000e+00
1.0	6.400000e+02	4.147200e+04	9.637097e-02	1.212040e-03	3.208000e+00
1.0	7.580000e+02	4.147200e+04	9.629887e-02	1.179143e-03	3.208000e+00
1.0	8.760000e+02	4.147200e+04	9.636293e-02	1.434161e-03	3.208000e+00
1.0	1.024000e+03	4.147200e+04	9.636353e-02	1.502387e-03	3.208000e+00
1.0	1.280000e+03	4.147200e+04	9.636504e-02	1.231032e-03	3.208000e+00
1.0	1.536000e+03	4.147200e+04	9.604828e-02	1.357239e-03	3.208000e+00
1.0	1.280000e+02	4.147200e+04	8.910994e-02	1.071498e-03	3.368000e+00
1.0	2.560000e+02	4.147200e+04	8.892475e-02	1.081374e-03	3.368000e+00
1.0	3.840000e+02	4.147200e+04	8.910798e-02	9.573838e-04	3.368000e+00
1.0	5.120000e+02	4.147200e+04	8.892126e-02	8.970552e-04	3.368000e+00
1.0	6.400000e+02	4.147200e+04	8.893202e-02	9.392573e-04	3.368000e+00
1.0	7.580000e+02	4.147200e+04	8.881623e-02	8.919984e-04	3.368000e+00
1.0	8.760000e+02	4.147200e+04	8.890327e-02	9.703878e-04	3.368000e+00
1.0	1.024000e+03	4.147200e+04	8.892688e-02	5.912983e-04	3.368000e+00
1.0	1.280000e+03	4.147200e+04	8.891942e-02	8.590915e-04	3.368000e+00
1.0	1.536000e+03	4.147200e+04	8.897701e-02	5.285231e-04	3.368000e+00
1.0	1.280000e+02	4.147200e+04	8.093689e-02	8.206886e-04	3.528000e+00
1.0	2.560000e+02	4.147200e+04	8.078746e-02	9.242949e-04	3.528000e+00
1.0	3.840000e+02	4.147200e+04	8.093388e-02	9.769337e-04	3.528000e+00
1.0	5.120000e+02	4.147200e+04	8.078971e-02	1.067581e-03	3.528000e+00
1.0	6.400000e+02	4.147200e+04	8.078945e-02	9.574889e-04	3.528000e+00
1.0	7.580000e+02	4.147200e+04	8.073157e-02	9.611683e-04	3.528000e+00
1.0	8.760000e+02	4.147200e+04	8.050902e-02	1.129027e-03	3.528000e+00
1.0	1.024000e+03	4.147200e+04	8.078444e-02	1.231677e-03	3.528000e+00
1.0	1.280000e+03	4.147200e+04	8.078700e-02	6.981739e-04	3.528000e+00
1.0	1.536000e+03	4.147200e+04	8.066476e-02	3.873130e-04	3.528000e+00
