2	 128	40000	0.000000e+00	0.000000e+00	2.000000e-02
2	 256	40000	0.000000e+00	0.000000e+00	2.000000e-02
2	 384	40000	0.000000e+00	0.000000e+00	2.000000e-02
2	 512	40000	0.000000e+00	0.000000e+00	2.000000e-02
2	 640	40000	0.000000e+00	0.000000e+00	2.000000e-02
2	 758	40000	0.000000e+00	0.000000e+00	2.000000e-02
2	 876	40000	0.000000e+00	0.000000e+00	2.000000e-02
2	1024	40000	0.000000e+00	0.000000e+00	2.000000e-02
2	1280	40000	0.000000e+00	0.000000e+00	2.000000e-02
2	1536	40000	0.000000e+00	0.000000e+00	2.000000e-02
2	 128	40000	0.000000e+00	0.000000e+00	2.200000e-01
2	 256	40000	0.000000e+00	0.000000e+00	2.200000e-01
2	 384	40000	0.000000e+00	0.000000e+00	2.200000e-01
2	 512	40000	0.000000e+00	0.000000e+00	2.200000e-01
2	 640	40000	0.000000e+00	0.000000e+00	2.200000e-01
2	 758	40000	0.000000e+00	0.000000e+00	2.200000e-01
2	 876	40000	0.000000e+00	0.000000e+00	2.200000e-01
2	1024	40000	0.000000e+00	0.000000e+00	2.200000e-01
2	1280	40000	0.000000e+00	0.000000e+00	2.200000e-01
2	1536	40000	0.000000e+00	0.000000e+00	2.200000e-01
2	 128	40000	1.376696e-08	3.834140e-09	4.200000e-01
2	 256	40000	1.377319e-08	3.936056e-09	4.200000e-01
2	 384	40000	1.377291e-08	4.384533e-09	4.200000e-01
2	 512	40000	1.411444e-08	4.178401e-09	4.200000e-01
2	 640	40000	1.428385e-08	4.702545e-09	4.200000e-01
2	 758	40000	1.396467e-08	4.368326e-09	4.200000e-01
2	 876	40000	1.428244e-08	4.850869e-09	4.200000e-01
2	1024	40000	1.355147e-08	4.025995e-09	4.200000e-01
2	1280	40000	1.391821e-08	6.168309e-09	4.200000e-01
2	1536	40000	1.353777e-08	5.294042e-09	4.200000e-01
2	 128	40000	5.027532e-06	7.685834e-08	6.200000e-01
2	 256	40000	5.027421e-06	8.150443e-08	6.200000e-01
2	 384	40000	5.028280e-06	8.425472e-08	6.200000e-01
2	 512	40000	5.048511e-06	9.213683e-08	6.200000e-01
2	 640	40000	5.042463e-06	8.425655e-08	6.200000e-01
2	 758	40000	5.031131e-06	1.066652e-07	6.200000e-01
2	 876	40000	5.040164e-06	9.624205e-08	6.200000e-01
2	1024	40000	5.082761e-06	1.065835e-07	6.200000e-01
2	1280	40000	5.090902e-06	6.457488e-08	6.200000e-01
2	1536	40000	5.083385e-06	8.431189e-08	6.200000e-01
2	 128	40000	1.195305e-04	4.503888e-07	8.200000e-01
2	 256	40000	1.195258e-04	4.343876e-07	8.200000e-01
2	 384	40000	1.195320e-04	4.256756e-07	8.200000e-01
2	 512	40000	1.195869e-04	4.002204e-07	8.200000e-01
2	 640	40000	1.195767e-04	5.287178e-07	8.200000e-01
2	 758	40000	1.195559e-04	4.855344e-07	8.200000e-01
2	 876	40000	1.195664e-04	4.353255e-07	8.200000e-01
2	1024	40000	1.196856e-04	3.814085e-07	8.200000e-01
2	1280	40000	1.197517e-04	3.106197e-07	8.200000e-01
2	1536	40000	1.196849e-04	3.931681e-07	8.200000e-01
2	 128	40000	7.237022e-04	1.048395e-06	1.000000e+00
2	 256	40000	7.236997e-04	9.323236e-07	1.000000e+00
2	 384	40000	7.237016e-04	9.688001e-07	1.000000e+00
2	 512	40000	7.237295e-04	1.072121e-06	1.000000e+00
2	 640	40000	7.236343e-04	1.036287e-06	1.000000e+00
2	 758	40000	7.237030e-04	1.087726e-06	1.000000e+00
2	 876	40000	7.236639e-04	9.601567e-07	1.000000e+00
2	1024	40000	7.235611e-04	1.037295e-06	1.000000e+00
2	1280	40000	7.232258e-04	1.075845e-06	1.000000e+00
2	1536	40000	7.235636e-04	1.497058e-06	1.000000e+00
2	 128	40000	1.550801e-03	1.558108e-06	1.100000e+00
2	 256	40000	1.550803e-03	1.424873e-06	1.100000e+00
2	 384	40000	1.550810e-03	1.234961e-06	1.100000e+00
2	 512	40000	1.550635e-03	1.467823e-06	1.100000e+00
2	 640	40000	1.550955e-03	1.511762e-06	1.100000e+00
2	 758	40000	1.550573e-03	1.226551e-06	1.100000e+00
2	 876	40000	1.551040e-03	1.097712e-06	1.100000e+00
2	1024	40000	1.550713e-03	1.606235e-06	1.100000e+00
2	1280	40000	1.550763e-03	1.565384e-06	1.100000e+00
2	1536	40000	1.550714e-03	1.298845e-06	1.100000e+00
2	 128	40000	2.969484e-03	2.532059e-06	1.200000e+00
2	 256	40000	2.969443e-03	2.409843e-06	1.200000e+00
2	 384	40000	2.969446e-03	2.787407e-06	1.200000e+00
2	 512	40000	2.970158e-03	2.548439e-06	1.200000e+00
2	 640	40000	2.970865e-03	2.587629e-06	1.200000e+00
2	 758	40000	2.969997e-03	3.185704e-06	1.200000e+00
2	 876	40000	2.970780e-03	2.415205e-06	1.200000e+00
2	1024	40000	2.971136e-03	3.173476e-06	1.200000e+00
2	1280	40000	2.971181e-03	2.533347e-06	1.200000e+00
2	1536	40000	2.971151e-03	3.219133e-06	1.200000e+00
2	 128	40000	5.211451e-03	3.625942e-06	1.300000e+00
2	 256	40000	5.211446e-03	3.832899e-06	1.300000e+00
2	 384	40000	5.211447e-03	3.766281e-06	1.300000e+00
2	 512	40000	5.211317e-03	4.202643e-06	1.300000e+00
2	 640	40000	5.211531e-03	2.461442e-06	1.300000e+00
2	 758	40000	5.211646e-03	2.961427e-06	1.300000e+00
2	 876	40000	5.211379e-03	2.749387e-06	1.300000e+00
2	1024	40000	5.212499e-03	3.050813e-06	1.300000e+00
2	1280	40000	5.211844e-03	2.481216e-06	1.300000e+00
2	1536	40000	5.212488e-03	3.261122e-06	1.300000e+00
2	 128	40000	8.577917e-03	4.324641e-06	1.400000e+00
2	 256	40000	8.577921e-03	4.405920e-06	1.400000e+00
2	 384	40000	8.577934e-03	3.630122e-06	1.400000e+00
2	 512	40000	8.578035e-03	3.553027e-06	1.400000e+00
2	 640	40000	8.577265e-03	3.583399e-06	1.400000e+00
2	 758	40000	8.577748e-03	2.002335e-06	1.400000e+00
2	 876	40000	8.577515e-03	3.327001e-06	1.400000e+00
2	1024	40000	8.577297e-03	3.960643e-06	1.400000e+00
2	1280	40000	8.577401e-03	3.114314e-06	1.400000e+00
2	1536	40000	8.577271e-03	3.165831e-06	1.400000e+00
2	 128	40000	1.338403e-02	7.016373e-06	1.500000e+00
2	 256	40000	1.338405e-02	7.271773e-06	1.500000e+00
2	 384	40000	1.338399e-02	6.353536e-06	1.500000e+00
2	 512	40000	1.338407e-02	6.620374e-06	1.500000e+00
2	 640	40000	1.338260e-02	8.612119e-06	1.500000e+00
2	 758	40000	1.338443e-02	5.950771e-06	1.500000e+00
2	 876	40000	1.338299e-02	5.359929e-06	1.500000e+00
2	1024	40000	1.338131e-02	5.437848e-06	1.500000e+00
2	1280	40000	1.338238e-02	3.934557e-06	1.500000e+00
2	1536	40000	1.338134e-02	5.467647e-06	1.500000e+00
2	 128	40000	2.007897e-02	6.906360e-06	1.600000e+00
2	 256	40000	2.007897e-02	7.711825e-06	1.600000e+00
2	 384	40000	2.007896e-02	7.926712e-06	1.600000e+00
2	 512	40000	2.007924e-02	8.075955e-06	1.600000e+00
2	 640	40000	2.007980e-02	8.251242e-06	1.600000e+00
2	 758	40000	2.007908e-02	7.102227e-06	1.600000e+00
2	 876	40000	2.007976e-02	7.576153e-06	1.600000e+00
2	1024	40000	2.007746e-02	7.864026e-06	1.600000e+00
2	1280	40000	2.007816e-02	9.642219e-06	1.600000e+00
2	1536	40000	2.007751e-02	6.575700e-06	1.600000e+00
2	 128	40000	2.915823e-02	9.992054e-06	1.700000e+00
2	 256	40000	2.915824e-02	1.004629e-05	1.700000e+00
2	 384	40000	2.915828e-02	1.080743e-05	1.700000e+00
2	 512	40000	2.915780e-02	1.268989e-05	1.700000e+00
2	 640	40000	2.915840e-02	1.160150e-05	1.700000e+00
2	 758	40000	2.915822e-02	8.931872e-06	1.700000e+00
2	 876	40000	2.915782e-02	1.020137e-05	1.700000e+00
2	1024	40000	2.916020e-02	8.753897e-06	1.700000e+00
2	1280	40000	2.916208e-02	4.951435e-06	1.700000e+00
2	1536	40000	2.916020e-02	7.399173e-06	1.700000e+00
2	 128	40000	4.135351e-02	1.329446e-05	1.800000e+00
2	 256	40000	4.135331e-02	1.168055e-05	1.800000e+00
2	 384	40000	4.135329e-02	1.261754e-05	1.800000e+00
2	 512	40000	4.135204e-02	9.342475e-06	1.800000e+00
2	 640	40000	4.135004e-02	1.120047e-05	1.800000e+00
2	 758	40000	4.135377e-02	1.252876e-05	1.800000e+00
2	 876	40000	4.135099e-02	7.728167e-06	1.800000e+00
2	1024	40000	4.134877e-02	7.303730e-06	1.800000e+00
2	1280	40000	4.134866e-02	5.856751e-06	1.800000e+00
2	1536	40000	4.134885e-02	3.739536e-06	1.800000e+00
2	 128	40000	5.755458e-02	1.967881e-05	1.900000e+00
2	 256	40000	5.755454e-02	1.927578e-05	1.900000e+00
2	 384	40000	5.755448e-02	1.822450e-05	1.900000e+00
2	 512	40000	5.755275e-02	2.360950e-05	1.900000e+00
2	 640	40000	5.754962e-02	1.778729e-05	1.900000e+00
2	 758	40000	5.755537e-02	1.748396e-05	1.900000e+00
2	 876	40000	5.755035e-02	1.748987e-05	1.900000e+00
2	1024	40000	5.755233e-02	1.992587e-05	1.900000e+00
2	1280	40000	5.755713e-02	1.444607e-05	1.900000e+00
2	1536	40000	5.755233e-02	1.544950e-05	1.900000e+00
2	 128	40000	7.912574e-02	2.566195e-05	2.000000e+00
2	 256	40000	7.912584e-02	2.727876e-05	2.000000e+00
2	 384	40000	7.912592e-02	2.991197e-05	2.000000e+00
2	 512	40000	7.912652e-02	2.960369e-05	2.000000e+00
2	 640	40000	7.912674e-02	2.686275e-05	2.000000e+00
2	 758	40000	7.912599e-02	2.931163e-05	2.000000e+00
2	 876	40000	7.912897e-02	3.174970e-05	2.000000e+00
2	1024	40000	7.912908e-02	3.114604e-05	2.000000e+00
2	1280	40000	7.912053e-02	2.988604e-05	2.000000e+00
2	1536	40000	7.912921e-02	3.870248e-05	2.000000e+00
2	 128	40000	1.082959e-01	4.410448e-05	2.100000e+00
2	 256	40000	1.082955e-01	4.273303e-05	2.100000e+00
2	 384	40000	1.082957e-01	3.669808e-05	2.100000e+00
2	 512	40000	1.082982e-01	4.482682e-05	2.100000e+00
2	 640	40000	1.083062e-01	4.064262e-05	2.100000e+00
2	 758	40000	1.082999e-01	4.391135e-05	2.100000e+00
2	 876	40000	1.083003e-01	5.118433e-05	2.100000e+00
2	1024	40000	1.083167e-01	4.591141e-05	2.100000e+00
2	1280	40000	1.083157e-01	5.147204e-05	2.100000e+00
2	1536	40000	1.083168e-01	5.416847e-05	2.100000e+00
2	 128	40000	1.504394e-01	1.146328e-04	2.200000e+00
2	 256	40000	1.504388e-01	1.261845e-04	2.200000e+00
2	 384	40000	1.504383e-01	1.167618e-04	2.200000e+00
2	 512	40000	1.504120e-01	1.217141e-04	2.200000e+00
2	 640	40000	1.504240e-01	9.727695e-05	2.200000e+00
2	 758	40000	1.504318e-01	9.428355e-05	2.200000e+00
2	 876	40000	1.504181e-01	1.235236e-04	2.200000e+00
2	1024	40000	1.504225e-01	1.340479e-04	2.200000e+00
2	1280	40000	1.504097e-01	1.276576e-04	2.200000e+00
2	1536	40000	1.504235e-01	1.044565e-04	2.200000e+00
2	 128	40000	2.259249e-01	3.472850e-04	2.300000e+00
2	 256	40000	2.259223e-01	4.585420e-04	2.300000e+00
2	 384	40000	2.259228e-01	5.439466e-04	2.300000e+00
2	 512	40000	2.258875e-01	6.144231e-04	2.300000e+00
2	 640	40000	2.258709e-01	6.681238e-04	2.300000e+00
2	 758	40000	2.259115e-01	6.702395e-04	2.300000e+00
2	 876	40000	2.258712e-01	7.461306e-04	2.300000e+00
2	1024	40000	2.258486e-01	8.221677e-04	2.300000e+00
2	1280	40000	2.258243e-01	8.500624e-04	2.300000e+00
2	1536	40000	2.258524e-01	8.312885e-04	2.300000e+00
2	 128	40000	2.816653e-01	1.913735e-04	2.400000e+00
2	 256	40000	2.816659e-01	1.992227e-04	2.400000e+00
2	 384	40000	2.816644e-01	1.805125e-04	2.400000e+00
2	 512	40000	2.816400e-01	1.808287e-04	2.400000e+00
2	 640	40000	2.816413e-01	1.835734e-04	2.400000e+00
2	 758	40000	2.816639e-01	1.444751e-04	2.400000e+00
2	 876	40000	2.816404e-01	1.409136e-04	2.400000e+00
2	1024	40000	2.816383e-01	1.445715e-04	2.400000e+00
2	1280	40000	2.816504e-01	1.420380e-04	2.400000e+00
2	1536	40000	2.816387e-01	1.502493e-04	2.400000e+00
2	 128	40000	3.230642e-01	1.165910e-04	2.500000e+00
2	 256	40000	3.230641e-01	1.156489e-04	2.500000e+00
2	 384	40000	3.230644e-01	1.217986e-04	2.500000e+00
2	 512	40000	3.230644e-01	1.225575e-04	2.500000e+00
2	 640	40000	3.230655e-01	1.193808e-04	2.500000e+00
2	 758	40000	3.230674e-01	1.093809e-04	2.500000e+00
2	 876	40000	3.230657e-01	1.066665e-04	2.500000e+00
2	1024	40000	3.230648e-01	1.164398e-04	2.500000e+00
2	1280	40000	3.230558e-01	1.110231e-04	2.500000e+00
2	1536	40000	3.230648e-01	9.936101e-05	2.500000e+00
2	 128	40000	3.578174e-01	1.045814e-04	2.600000e+00
2	 256	40000	3.578187e-01	1.073661e-04	2.600000e+00
2	 384	40000	3.578178e-01	1.028565e-04	2.600000e+00
2	 512	40000	3.578302e-01	9.696476e-05	2.600000e+00
2	 640	40000	3.578340e-01	9.777448e-05	2.600000e+00
2	 758	40000	3.578192e-01	1.004809e-04	2.600000e+00
2	 876	40000	3.578367e-01	1.035247e-04	2.600000e+00
2	1024	40000	3.578344e-01	1.051730e-04	2.600000e+00
2	1280	40000	3.578411e-01	1.059988e-04	2.600000e+00
2	1536	40000	3.578342e-01	1.015548e-04	2.600000e+00
2	 128	40000	3.879829e-01	9.033255e-05	2.700000e+00
2	 256	40000	3.879829e-01	8.913824e-05	2.700000e+00
2	 384	40000	3.879827e-01	8.970158e-05	2.700000e+00
2	 512	40000	3.879725e-01	9.600618e-05	2.700000e+00
2	 640	40000	3.879708e-01	8.887363e-05	2.700000e+00
2	 758	40000	3.879742e-01	8.417745e-05	2.700000e+00
2	 876	40000	3.879725e-01	8.780892e-05	2.700000e+00
2	1024	40000	3.879683e-01	9.403840e-05	2.700000e+00
2	1280	40000	3.879646e-01	9.247396e-05	2.700000e+00
2	1536	40000	3.879684e-01	8.926522e-05	2.700000e+00
2	 128	40000	4.148197e-01	8.296216e-05	2.800000e+00
2	 256	40000	4.148185e-01	8.457856e-05	2.800000e+00
2	 384	40000	4.148187e-01	8.292951e-05	2.800000e+00
2	 512	40000	4.148073e-01	8.069358e-05	2.800000e+00
2	 640	40000	4.148118e-01	8.943253e-05	2.800000e+00
2	 758	40000	4.148122e-01	8.842136e-05	2.800000e+00
2	 876	40000	4.148096e-01	7.998901e-05	2.800000e+00
2	1024	40000	4.148002e-01	7.815529e-05	2.800000e+00
2	1280	40000	4.147952e-01	7.193341e-05	2.800000e+00
2	1536	40000	4.148003e-01	6.510313e-05	2.800000e+00
2	 128	40000	4.390581e-01	7.976079e-05	2.900000e+00
2	 256	40000	4.390585e-01	8.320414e-05	2.900000e+00
2	 384	40000	4.390577e-01	8.896598e-05	2.900000e+00
2	 512	40000	4.390602e-01	9.039493e-05	2.900000e+00
2	 640	40000	4.390531e-01	9.372585e-05	2.900000e+00
2	 758	40000	4.390571e-01	8.943983e-05	2.900000e+00
2	 876	40000	4.390534e-01	9.567563e-05	2.900000e+00
2	1024	40000	4.390503e-01	9.442522e-05	2.900000e+00
2	1280	40000	4.390423e-01	9.119079e-05	2.900000e+00
2	1536	40000	4.390499e-01	9.221272e-05	2.900000e+00
2	 128	40000	4.609481e-01	7.525978e-05	3.000000e+00
2	 256	40000	4.609478e-01	7.228036e-05	3.000000e+00
2	 384	40000	4.609487e-01	7.180956e-05	3.000000e+00
2	 512	40000	4.609455e-01	7.060015e-05	3.000000e+00
2	 640	40000	4.609476e-01	6.923729e-05	3.000000e+00
2	 758	40000	4.609454e-01	6.920786e-05	3.000000e+00
2	 876	40000	4.609488e-01	6.594621e-05	3.000000e+00
2	1024	40000	4.609404e-01	8.388757e-05	3.000000e+00
2	1280	40000	4.609323e-01	7.241968e-05	3.000000e+00
2	1536	40000	4.609407e-01	8.050446e-05	3.000000e+00
2	 128	40000	4.811070e-01	6.601266e-05	3.100000e+00
2	 256	40000	4.811072e-01	6.347470e-05	3.100000e+00
2	 384	40000	4.811069e-01	5.989029e-05	3.100000e+00
2	 512	40000	4.811002e-01	5.615304e-05	3.100000e+00
2	 640	40000	4.811035e-01	5.228945e-05	3.100000e+00
2	 758	40000	4.811017e-01	5.166912e-05	3.100000e+00
2	 876	40000	4.811013e-01	4.863966e-05	3.100000e+00
2	1024	40000	4.811072e-01	4.439210e-05	3.100000e+00
2	1280	40000	4.811087e-01	4.798417e-05	3.100000e+00
2	1536	40000	4.811069e-01	4.032075e-05	3.100000e+00
2	 128	40000	4.997368e-01	6.789948e-05	3.200000e+00
2	 256	40000	4.997372e-01	6.811630e-05	3.200000e+00
2	 384	40000	4.997372e-01	6.658157e-05	3.200000e+00
2	 512	40000	4.997307e-01	7.068762e-05	3.200000e+00
2	 640	40000	4.997261e-01	6.954106e-05	3.200000e+00
2	 758	40000	4.997319e-01	6.610291e-05	3.200000e+00
2	 876	40000	4.997283e-01	6.850218e-05	3.200000e+00
2	1024	40000	4.997154e-01	8.088533e-05	3.200000e+00
2	1280	40000	4.997271e-01	6.917368e-05	3.200000e+00
2	1536	40000	4.997160e-01	6.718846e-05	3.200000e+00
2	 128	40000	5.168827e-01	6.706190e-05	3.300000e+00
2	 256	40000	5.168829e-01	6.875284e-05	3.300000e+00
2	 384	40000	5.168822e-01	6.602989e-05	3.300000e+00
2	 512	40000	5.168821e-01	7.120678e-05	3.300000e+00
2	 640	40000	5.168833e-01	7.449796e-05	3.300000e+00
2	 758	40000	5.168826e-01	7.365350e-05	3.300000e+00
2	 876	40000	5.168842e-01	7.466847e-05	3.300000e+00
2	1024	40000	5.168772e-01	7.941542e-05	3.300000e+00
2	1280	40000	5.168759e-01	7.138438e-05	3.300000e+00
2	1536	40000	5.168776e-01	6.779088e-05	3.300000e+00
2	 128	40000	5.328727e-01	6.530407e-05	3.400000e+00
2	 256	40000	5.328731e-01	6.463795e-05	3.400000e+00
2	 384	40000	5.328726e-01	6.175395e-05	3.400000e+00
2	 512	40000	5.328721e-01	6.343535e-05	3.400000e+00
2	 640	40000	5.328743e-01	6.452593e-05	3.400000e+00
2	 758	40000	5.328689e-01	6.877810e-05	3.400000e+00
2	 876	40000	5.328749e-01	6.560250e-05	3.400000e+00
2	1024	40000	5.328787e-01	6.858323e-05	3.400000e+00
2	1280	40000	5.328814e-01	7.493847e-05	3.400000e+00
2	1536	40000	5.328784e-01	7.727466e-05	3.400000e+00
2	 128	40000	5.476755e-01	5.998122e-05	3.500000e+00
2	 256	40000	5.476750e-01	5.936432e-05	3.500000e+00
2	 384	40000	5.476748e-01	5.765561e-05	3.500000e+00
2	 512	40000	5.476739e-01	5.208665e-05	3.500000e+00
2	 640	40000	5.476740e-01	5.469890e-05	3.500000e+00
2	 758	40000	5.476782e-01	5.276266e-05	3.500000e+00
2	 876	40000	5.476758e-01	5.070350e-05	3.500000e+00
2	1024	40000	5.476585e-01	4.674531e-05	3.500000e+00
2	1280	40000	5.476639e-01	4.412076e-05	3.500000e+00
2	1536	40000	5.476585e-01	3.833415e-05	3.500000e+00
2	 128	40000	5.746410e-01	5.470828e-05	3.700000e+00
2	 256	40000	5.746409e-01	5.137470e-05	3.700000e+00
2	 384	40000	5.746409e-01	5.189523e-05	3.700000e+00
2	 512	40000	5.746385e-01	5.462133e-05	3.700000e+00
2	 640	40000	5.746358e-01	5.453097e-05	3.700000e+00
2	 758	40000	5.746387e-01	5.550651e-05	3.700000e+00
2	 876	40000	5.746361e-01	5.551820e-05	3.700000e+00
2	1024	40000	5.746346e-01	6.005814e-05	3.700000e+00
2	1280	40000	5.746326e-01	5.529571e-05	3.700000e+00
2	1536	40000	5.746343e-01	5.236099e-05	3.700000e+00
2	 128	40000	5.983374e-01	5.594990e-05	3.900000e+00
2	 256	40000	5.983370e-01	5.298367e-05	3.900000e+00
2	 384	40000	5.983367e-01	5.367981e-05	3.900000e+00
2	 512	40000	5.983410e-01	5.377832e-05	3.900000e+00
2	 640	40000	5.983368e-01	4.991799e-05	3.900000e+00
2	 758	40000	5.983397e-01	4.701719e-05	3.900000e+00
2	 876	40000	5.983394e-01	4.586916e-05	3.900000e+00
2	1024	40000	5.983355e-01	5.110395e-05	3.900000e+00
2	1280	40000	5.983387e-01	5.055493e-05	3.900000e+00
2	1536	40000	5.983352e-01	4.765497e-05	3.900000e+00
2	 128	40000	6.195901e-01	4.885171e-05	4.100000e+00
2	 256	40000	6.195899e-01	4.917173e-05	4.100000e+00
2	 384	40000	6.195901e-01	4.920301e-05	4.100000e+00
2	 512	40000	6.195829e-01	4.885998e-05	4.100000e+00
2	 640	40000	6.195774e-01	4.752339e-05	4.100000e+00
2	 758	40000	6.195862e-01	4.752818e-05	4.100000e+00
2	 876	40000	6.195793e-01	4.844321e-05	4.100000e+00
2	1024	40000	6.195701e-01	4.969747e-05	4.100000e+00
2	1280	40000	6.195686e-01	5.432123e-05	4.100000e+00
2	1536	40000	6.195702e-01	5.443968e-05	4.100000e+00
2	 128	40000	6.385635e-01	5.375237e-05	4.300000e+00
2	 256	40000	6.385634e-01	5.183150e-05	4.300000e+00
2	 384	40000	6.385635e-01	5.225754e-05	4.300000e+00
2	 512	40000	6.385636e-01	5.323305e-05	4.300000e+00
2	 640	40000	6.385621e-01	4.973012e-05	4.300000e+00
2	 758	40000	6.385632e-01	4.890060e-05	4.300000e+00
2	 876	40000	6.385639e-01	5.399882e-05	4.300000e+00
2	1024	40000	6.385562e-01	5.245348e-05	4.300000e+00
2	1280	40000	6.385545e-01	5.134295e-05	4.300000e+00
2	1536	40000	6.385570e-01	5.395748e-05	4.300000e+00
2	 128	40000	6.556835e-01	4.805024e-05	4.500000e+00
2	 256	40000	6.556837e-01	4.822338e-05	4.500000e+00
2	 384	40000	6.556840e-01	5.031754e-05	4.500000e+00
2	 512	40000	6.556849e-01	5.262051e-05	4.500000e+00
2	 640	40000	6.556825e-01	4.920761e-05	4.500000e+00
2	 758	40000	6.556832e-01	4.335960e-05	4.500000e+00
2	 876	40000	6.556839e-01	4.497857e-05	4.500000e+00
2	1024	40000	6.556855e-01	5.292444e-05	4.500000e+00
2	1280	40000	6.556821e-01	4.932644e-05	4.500000e+00
2	1536	40000	6.556852e-01	4.845007e-05	4.500000e+00
2	 128	40000	6.983289e-01	4.849220e-05	5.100000e+00
2	 256	40000	6.983290e-01	4.542986e-05	5.100000e+00
2	 384	40000	6.983292e-01	4.556113e-05	5.100000e+00
2	 512	40000	6.983354e-01	4.562299e-05	5.100000e+00
2	 640	40000	6.983325e-01	4.421110e-05	5.100000e+00
2	 758	40000	6.983355e-01	4.246975e-05	5.100000e+00
2	 876	40000	6.983317e-01	4.208055e-05	5.100000e+00
2	1024	40000	6.983336e-01	4.703505e-05	5.100000e+00
2	1280	40000	6.983351e-01	4.969246e-05	5.100000e+00
2	1536	40000	6.983341e-01	4.467131e-05	5.100000e+00
2	 128	40000	7.314010e-01	4.877819e-05	5.700000e+00
2	 256	40000	7.314008e-01	5.007547e-05	5.700000e+00
2	 384	40000	7.314011e-01	4.889606e-05	5.700000e+00
2	 512	40000	7.313962e-01	4.629980e-05	5.700000e+00
2	 640	40000	7.313922e-01	4.619243e-05	5.700000e+00
2	 758	40000	7.314006e-01	4.443807e-05	5.700000e+00
2	 876	40000	7.313934e-01	3.935546e-05	5.700000e+00
2	1024	40000	7.313902e-01	4.267650e-05	5.700000e+00
2	1280	40000	7.313821e-01	4.444889e-05	5.700000e+00
2	1536	40000	7.313904e-01	4.752046e-05	5.700000e+00
2	 128	40000	7.579168e-01	4.833756e-05	6.300000e+00
2	 256	40000	7.579165e-01	4.376903e-05	6.300000e+00
2	 384	40000	7.579166e-01	4.651375e-05	6.300000e+00
2	 512	40000	7.579181e-01	4.799741e-05	6.300000e+00
2	 640	40000	7.579236e-01	5.023660e-05	6.300000e+00
2	 758	40000	7.579173e-01	5.177282e-05	6.300000e+00
2	 876	40000	7.579224e-01	5.067693e-05	6.300000e+00
2	1024	40000	7.579270e-01	5.289534e-05	6.300000e+00
2	1280	40000	7.579252e-01	5.518861e-05	6.300000e+00
2	1536	40000	7.579273e-01	5.303735e-05	6.300000e+00
2	 128	40000	7.795200e-01	4.997478e-05	6.900000e+00
2	 256	40000	7.795204e-01	4.790586e-05	6.900000e+00
2	 384	40000	7.795209e-01	4.855926e-05	6.900000e+00
2	 512	40000	7.795214e-01	5.141793e-05	6.900000e+00
2	 640	40000	7.795204e-01	5.278763e-05	6.900000e+00
2	 758	40000	7.795202e-01	4.922615e-05	6.900000e+00
2	 876	40000	7.795205e-01	4.526133e-05	6.900000e+00
2	1024	40000	7.795173e-01	4.784599e-05	6.900000e+00
2	1280	40000	7.795139e-01	5.017312e-05	6.900000e+00
2	1536	40000	7.795176e-01	4.932374e-05	6.900000e+00
2	 128	40000	7.975826e-01	4.548370e-05	7.500000e+00
2	 256	40000	7.975824e-01	4.423173e-05	7.500000e+00
2	 384	40000	7.975821e-01	4.129606e-05	7.500000e+00
2	 512	40000	7.975829e-01	4.092482e-05	7.500000e+00
2	 640	40000	7.975828e-01	3.651038e-05	7.500000e+00
2	 758	40000	7.975830e-01	3.434591e-05	7.500000e+00
2	 876	40000	7.975834e-01	3.583015e-05	7.500000e+00
2	1024	40000	7.975783e-01	3.413761e-05	7.500000e+00
2	1280	40000	7.975782e-01	3.548018e-05	7.500000e+00
2	1536	40000	7.975785e-01	3.439953e-05	7.500000e+00
2	 128	40000	8.128732e-01	4.535393e-05	8.100000e+00
2	 256	40000	8.128728e-01	4.623780e-05	8.100000e+00
2	 384	40000	8.128729e-01	4.362345e-05	8.100000e+00
2	 512	40000	8.128676e-01	4.601306e-05	8.100000e+00
2	 640	40000	8.128674e-01	4.650265e-05	8.100000e+00
2	 758	40000	8.128699e-01	4.689191e-05	8.100000e+00
2	 876	40000	8.128664e-01	4.781540e-05	8.100000e+00
2	1024	40000	8.128682e-01	5.064690e-05	8.100000e+00
2	1280	40000	8.128678e-01	5.382511e-05	8.100000e+00
2	1536	40000	8.128686e-01	5.497407e-05	8.100000e+00
2	 128	40000	8.260370e-01	4.623819e-05	8.700000e+00
2	 256	40000	8.260368e-01	4.700828e-05	8.700000e+00
2	 384	40000	8.260371e-01	4.364872e-05	8.700000e+00
2	 512	40000	8.260434e-01	4.326205e-05	8.700000e+00
2	 640	40000	8.260452e-01	4.518121e-05	8.700000e+00
2	 758	40000	8.260403e-01	4.351311e-05	8.700000e+00
2	 876	40000	8.260439e-01	4.685258e-05	8.700000e+00
2	1024	40000	8.260401e-01	4.793677e-05	8.700000e+00
2	1280	40000	8.260384e-01	5.181599e-05	8.700000e+00
2	1536	40000	8.260405e-01	4.813283e-05	8.700000e+00
2	 128	40000	8.374073e-01	4.501083e-05	9.300000e+00
2	 256	40000	8.374077e-01	4.106688e-05	9.300000e+00
2	 384	40000	8.374076e-01	3.949112e-05	9.300000e+00
2	 512	40000	8.374055e-01	4.010555e-05	9.300000e+00
2	 640	40000	8.374047e-01	3.915416e-05	9.300000e+00
2	 758	40000	8.374067e-01	3.945155e-05	9.300000e+00
2	 876	40000	8.374040e-01	3.849213e-05	9.300000e+00
2	1024	40000	8.374001e-01	4.143655e-05	9.300000e+00
2	1280	40000	8.373985e-01	3.952063e-05	9.300000e+00
2	1536	40000	8.374000e-01	3.871482e-05	9.300000e+00
2	 128	40000	8.474257e-01	4.349165e-05	9.900000e+00
2	 256	40000	8.474259e-01	4.368958e-05	9.900000e+00
2	 384	40000	8.474258e-01	4.587509e-05	9.900000e+00
2	 512	40000	8.474216e-01	4.696150e-05	9.900000e+00
2	 640	40000	8.474192e-01	4.818565e-05	9.900000e+00
2	 758	40000	8.474228e-01	4.435945e-05	9.900000e+00
2	 876	40000	8.474206e-01	4.374825e-05	9.900000e+00
2	1024	40000	8.474202e-01	5.100024e-05	9.900000e+00
2	1280	40000	8.474231e-01	5.117383e-05	9.900000e+00
2	1536	40000	8.474196e-01	4.599872e-05	9.900000e+00
2	 128	40000	8.490790e-01	4.387931e-05	1.001000e+01
2	 256	40000	8.490790e-01	4.384308e-05	1.001000e+01
2	 384	40000	8.490791e-01	4.534512e-05	1.001000e+01
2	 512	40000	8.490809e-01	4.691263e-05	1.001000e+01
2	 640	40000	8.490824e-01	4.745843e-05	1.001000e+01
2	 758	40000	8.490805e-01	4.664902e-05	1.001000e+01
2	 876	40000	8.490831e-01	4.737481e-05	1.001000e+01
2	1024	40000	8.490765e-01	4.884723e-05	1.001000e+01
2	1280	40000	8.490756e-01	4.740039e-05	1.001000e+01
2	1536	40000	8.490762e-01	4.471602e-05	1.001000e+01
2	 128	40000	8.744933e-01	4.487485e-05	1.201000e+01
2	 256	40000	8.744932e-01	4.552536e-05	1.201000e+01
2	 384	40000	8.744934e-01	4.380508e-05	1.201000e+01
2	 512	40000	8.744912e-01	4.603687e-05	1.201000e+01
2	 640	40000	8.744930e-01	4.581514e-05	1.201000e+01
2	 758	40000	8.744917e-01	4.267214e-05	1.201000e+01
2	 876	40000	8.744919e-01	4.368955e-05	1.201000e+01
2	1024	40000	8.744840e-01	4.398999e-05	1.201000e+01
2	1280	40000	8.744856e-01	4.172951e-05	1.201000e+01
2	1536	40000	8.744843e-01	3.638966e-05	1.201000e+01
2	 128	40000	8.925104e-01	4.355478e-05	1.401000e+01
2	 256	40000	8.925102e-01	4.371208e-05	1.401000e+01
2	 384	40000	8.925100e-01	4.540872e-05	1.401000e+01
2	 512	40000	8.925094e-01	4.807511e-05	1.401000e+01
2	 640	40000	8.925094e-01	4.858409e-05	1.401000e+01
2	 758	40000	8.925089e-01	4.676333e-05	1.401000e+01
2	 876	40000	8.925098e-01	4.862284e-05	1.401000e+01
2	1024	40000	8.925124e-01	4.915011e-05	1.401000e+01
2	1280	40000	8.925116e-01	5.296167e-05	1.401000e+01
2	1536	40000	8.925130e-01	4.969178e-05	1.401000e+01
2	 128	40000	9.060164e-01	4.241152e-05	1.601000e+01
2	 256	40000	9.060161e-01	4.298257e-05	1.601000e+01
2	 384	40000	9.060159e-01	4.207467e-05	1.601000e+01
2	 512	40000	9.060114e-01	4.438583e-05	1.601000e+01
2	 640	40000	9.060123e-01	4.561375e-05	1.601000e+01
2	 758	40000	9.060139e-01	4.240432e-05	1.601000e+01
2	 876	40000	9.060126e-01	4.375730e-05	1.601000e+01
2	1024	40000	9.060076e-01	4.496657e-05	1.601000e+01
2	1280	40000	9.060047e-01	4.536417e-05	1.601000e+01
2	1536	40000	9.060076e-01	4.268254e-05	1.601000e+01
2	 128	40000	9.164948e-01	3.915196e-05	1.801000e+01
2	 256	40000	9.164956e-01	3.823265e-05	1.801000e+01
2	 384	40000	9.164952e-01	3.850656e-05	1.801000e+01
2	 512	40000	9.164941e-01	3.882875e-05	1.801000e+01
2	 640	40000	9.164918e-01	3.858139e-05	1.801000e+01
2	 758	40000	9.164944e-01	3.577112e-05	1.801000e+01
2	 876	40000	9.164927e-01	3.680756e-05	1.801000e+01
2	1024	40000	9.164910e-01	3.617137e-05	1.801000e+01
2	1280	40000	9.164895e-01	3.667316e-05	1.801000e+01
2	1536	40000	9.164911e-01	3.507836e-05	1.801000e+01
2	 128	40000	9.248410e-01	4.306800e-05	2.000536e+01
2	 256	40000	9.248411e-01	4.277536e-05	2.000536e+01
2	 384	40000	9.248411e-01	4.252438e-05	2.000536e+01
2	 512	40000	9.248395e-01	4.363264e-05	2.000536e+01
2	 640	40000	9.248401e-01	4.575217e-05	2.000536e+01
2	 758	40000	9.248391e-01	4.406082e-05	2.000536e+01
2	 876	40000	9.248404e-01	4.542916e-05	2.000536e+01
2	1024	40000	9.248360e-01	4.687562e-05	2.000536e+01
2	1280	40000	9.248346e-01	4.753508e-05	2.000536e+01
2	1536	40000	9.248357e-01	4.587686e-05	2.000536e+01
2	 128	40000	9.454613e-01	4.143301e-05	2.754993e+01
2	 256	40000	9.454612e-01	4.144662e-05	2.754993e+01
2	 384	40000	9.454611e-01	4.207303e-05	2.754993e+01
2	 512	40000	9.454600e-01	4.300820e-05	2.754993e+01
2	 640	40000	9.454588e-01	4.260721e-05	2.754993e+01
2	 758	40000	9.454615e-01	4.105686e-05	2.754993e+01
2	 876	40000	9.454591e-01	4.203000e-05	2.754993e+01
2	1024	40000	9.454596e-01	4.155846e-05	2.754993e+01
2	1280	40000	9.454581e-01	4.167156e-05	2.754993e+01
2	1536	40000	9.454595e-01	3.922921e-05	2.754993e+01
2	 128	40000	9.603973e-01	4.032159e-05	3.793977e+01
2	 256	40000	9.603972e-01	3.928646e-05	3.793977e+01
2	 384	40000	9.603974e-01	3.852066e-05	3.793977e+01
2	 512	40000	9.603949e-01	3.967365e-05	3.793977e+01
2	 640	40000	9.603932e-01	4.009179e-05	3.793977e+01
2	 758	40000	9.603955e-01	3.868949e-05	3.793977e+01
2	 876	40000	9.603945e-01	3.934546e-05	3.793977e+01
2	1024	40000	9.603902e-01	4.119369e-05	3.793977e+01
2	1280	40000	9.603906e-01	4.103047e-05	3.793977e+01
2	1536	40000	9.603904e-01	3.951990e-05	3.793977e+01
2	 128	40000	9.712422e-01	4.005536e-05	5.224792e+01
2	 256	40000	9.712417e-01	4.072908e-05	5.224792e+01
2	 384	40000	9.712422e-01	4.083445e-05	5.224792e+01
2	 512	40000	9.712403e-01	4.108356e-05	5.224792e+01
2	 640	40000	9.712401e-01	4.223660e-05	5.224792e+01
2	 758	40000	9.712412e-01	4.127693e-05	5.224792e+01
2	 876	40000	9.712400e-01	4.184170e-05	5.224792e+01
2	1024	40000	9.712376e-01	4.321259e-05	5.224792e+01
2	1280	40000	9.712382e-01	4.282503e-05	5.224792e+01
2	1536	40000	9.712376e-01	4.101123e-05	5.224792e+01
2	 128	40000	9.791011e-01	3.904137e-05	7.195206e+01
2	 256	40000	9.791015e-01	3.881623e-05	7.195206e+01
2	 384	40000	9.791013e-01	3.812154e-05	7.195206e+01
2	 512	40000	9.790988e-01	3.931349e-05	7.195206e+01
2	 640	40000	9.790974e-01	3.937379e-05	7.195206e+01
2	 758	40000	9.790995e-01	3.912440e-05	7.195206e+01
2	 876	40000	9.790977e-01	4.004050e-05	7.195206e+01
2	1024	40000	9.790959e-01	4.240426e-05	7.195206e+01
2	1280	40000	9.790949e-01	4.290436e-05	7.195206e+01
2	1536	40000	9.790962e-01	4.069788e-05	7.195206e+01
2	 128	40000	9.849532e-01	3.928171e-05	9.998298e+01
2	 256	40000	9.849536e-01	3.822481e-05	9.998298e+01
2	 384	40000	9.849535e-01	3.757482e-05	9.998298e+01
2	 512	40000	9.849531e-01	3.909164e-05	9.998298e+01
2	 640	40000	9.849525e-01	3.926232e-05	9.998298e+01
2	 758	40000	9.849538e-01	3.807727e-05	9.998298e+01
2	 876	40000	9.849529e-01	3.822183e-05	9.998298e+01
2	1024	40000	9.849515e-01	3.930102e-05	9.998298e+01
2	1280	40000	9.849488e-01	4.007717e-05	9.998298e+01
2	1536	40000	9.849517e-01	3.930019e-05	9.998298e+01
2	 128	40000	9.904900e-01	3.814926e-05	1.583804e+02
2	 256	40000	9.904901e-01	3.902534e-05	1.583804e+02
2	 384	40000	9.904899e-01	3.896064e-05	1.583804e+02
2	 512	40000	9.904887e-01	3.956219e-05	1.583804e+02
2	 640	40000	9.904878e-01	4.034311e-05	1.583804e+02
2	 758	40000	9.904889e-01	3.899139e-05	1.583804e+02
2	 876	40000	9.904879e-01	3.946280e-05	1.583804e+02
2	1024	40000	9.904864e-01	4.112077e-05	1.583804e+02
2	1280	40000	9.904849e-01	4.154191e-05	1.583804e+02
2	1536	40000	9.904858e-01	4.039896e-05	1.583804e+02
2	 128	40000	9.939833e-01	3.505678e-05	2.508863e+02
2	 256	40000	9.939836e-01	3.779682e-05	2.508863e+02
2	 384	40000	9.939835e-01	3.828924e-05	2.508863e+02
2	 512	40000	9.939823e-01	3.881516e-05	2.508863e+02
2	 640	40000	9.939824e-01	3.967595e-05	2.508863e+02
2	 758	40000	9.939831e-01	3.866210e-05	2.508863e+02
2	 876	40000	9.939821e-01	3.925585e-05	2.508863e+02
2	1024	40000	9.939809e-01	4.048197e-05	2.508863e+02
2	1280	40000	9.939795e-01	4.175194e-05	2.508863e+02
2	1536	40000	9.939805e-01	4.000235e-05	2.508863e+02
2	 128	40000	9.961852e-01	3.096187e-05	3.974225e+02
2	 256	40000	9.961856e-01	3.652648e-05	3.974225e+02
2	 384	40000	9.961856e-01	3.803844e-05	3.974225e+02
2	 512	40000	9.961847e-01	3.906830e-05	3.974225e+02
2	 640	40000	9.961835e-01	3.939521e-05	3.974225e+02
2	 758	40000	9.961853e-01	3.813637e-05	3.974225e+02
2	 876	40000	9.961838e-01	3.841631e-05	3.974225e+02
2	1024	40000	9.961813e-01	4.004036e-05	3.974225e+02
2	1280	40000	9.961812e-01	3.973023e-05	3.974225e+02
2	1536	40000	9.961815e-01	3.805108e-05	3.974225e+02
2	 128	40000	9.975786e-01	2.545855e-05	6.295467e+02
2	 256	40000	9.975788e-01	3.258216e-05	6.295467e+02
2	 384	40000	9.975786e-01	3.537522e-05	6.295467e+02
2	 512	40000	9.975780e-01	3.740488e-05	6.295467e+02
2	 640	40000	9.975773e-01	3.810495e-05	6.295467e+02
2	 758	40000	9.975785e-01	3.684583e-05	6.295467e+02
2	 876	40000	9.975773e-01	3.763814e-05	6.295467e+02
2	1024	40000	9.975759e-01	3.911970e-05	6.295467e+02
2	1280	40000	9.975748e-01	3.873950e-05	6.295467e+02
2	1536	40000	9.975760e-01	3.749587e-05	6.295467e+02
2	 128	40000	9.984613e-01	2.069891e-05	9.992450e+02
2	 256	40000	9.984613e-01	2.807568e-05	9.992450e+02
2	 384	40000	9.984613e-01	3.212034e-05	9.992450e+02
2	 512	40000	9.984602e-01	3.533291e-05	9.992450e+02
2	 640	40000	9.984595e-01	3.737290e-05	9.992450e+02
2	 758	40000	9.984605e-01	3.699695e-05	9.992450e+02
2	 876	40000	9.984596e-01	3.823997e-05	9.992450e+02
2	1024	40000	9.984578e-01	3.969124e-05	9.992450e+02
2	1280	40000	9.984567e-01	4.036278e-05	9.992450e+02
2	1536	40000	9.984578e-01	3.872151e-05	9.992450e+02
2	 128	40000	9.990135e-01	1.655775e-05	1.582878e+03
2	 256	40000	9.990136e-01	2.262949e-05	1.582878e+03
2	 384	40000	9.990136e-01	2.695522e-05	1.582878e+03
2	 512	40000	9.990126e-01	3.065938e-05	1.582878e+03
2	 640	40000	9.990124e-01	3.285349e-05	1.582878e+03
2	 758	40000	9.990135e-01	3.318313e-05	1.582878e+03
2	 876	40000	9.990125e-01	3.519894e-05	1.582878e+03
2	1024	40000	9.990114e-01	3.733418e-05	1.582878e+03
2	1280	40000	9.990098e-01	3.887004e-05	1.582878e+03
2	1536	40000	9.990111e-01	3.768384e-05	1.582878e+03
2	 128	40000	9.993623e-01	1.290866e-05	2.507396e+03
2	 256	40000	9.993622e-01	1.771373e-05	2.507396e+03
2	 384	40000	9.993622e-01	2.139132e-05	2.507396e+03
2	 512	40000	9.993611e-01	2.475364e-05	2.507396e+03
2	 640	40000	9.993607e-01	2.718321e-05	2.507396e+03
2	 758	40000	9.993617e-01	2.818163e-05	2.507396e+03
2	 876	40000	9.993609e-01	2.993424e-05	2.507396e+03
2	1024	40000	9.993591e-01	3.254543e-05	2.507396e+03
2	1280	40000	9.993579e-01	3.519801e-05	2.507396e+03
2	1536	40000	9.993586e-01	3.514844e-05	2.507396e+03
2	 128	40000	9.995828e-01	1.017169e-05	3.971901e+03
2	 256	40000	9.995827e-01	1.415624e-05	3.971901e+03
2	 384	40000	9.995826e-01	1.700488e-05	3.971901e+03
2	 512	40000	9.995818e-01	1.978651e-05	3.971901e+03
2	 640	40000	9.995812e-01	2.213341e-05	3.971901e+03
2	 758	40000	9.995821e-01	2.328019e-05	3.971901e+03
2	 876	40000	9.995812e-01	2.509759e-05	3.971901e+03
2	1024	40000	9.995791e-01	2.768401e-05	3.971901e+03
2	1280	40000	9.995779e-01	3.069836e-05	3.971901e+03
2	1536	40000	9.995790e-01	3.164248e-05	3.971901e+03
2	 128	40000	9.997218e-01	7.606714e-06	6.291784e+03
2	 256	40000	9.997218e-01	1.065635e-05	6.291784e+03
2	 384	40000	9.997218e-01	1.297247e-05	6.291784e+03
2	 512	40000	9.997207e-01	1.511244e-05	6.291784e+03
2	 640	40000	9.997201e-01	1.682118e-05	6.291784e+03
2	 758	40000	9.997213e-01	1.780145e-05	6.291784e+03
2	 876	40000	9.997204e-01	1.927370e-05	6.291784e+03
2	1024	40000	9.997184e-01	2.133109e-05	6.291784e+03
2	1280	40000	9.997174e-01	2.377573e-05	6.291784e+03
2	1536	40000	9.997185e-01	2.484335e-05	6.291784e+03
