1.0	1.280000e+02	4.096000e+04	1.000000e+00	0.000000e+00	5.000000e-02
1.0	2.560000e+02	4.096000e+04	1.000000e+00	0.000000e+00	5.000000e-02
1.0	3.840000e+02	4.096000e+04	1.000000e+00	0.000000e+00	5.000000e-02
1.0	5.120000e+02	4.096000e+04	1.000000e+00	0.000000e+00	5.000000e-02
1.0	6.400000e+02	4.096000e+04	1.000000e+00	0.000000e+00	5.000000e-02
1.0	7.580000e+02	4.096000e+04	1.000000e+00	0.000000e+00	5.000000e-02
1.0	8.760000e+02	4.096000e+04	1.000000e+00	0.000000e+00	5.000000e-02
1.0	1.024000e+03	4.096000e+04	1.000000e+00	0.000000e+00	5.000000e-02
1.0	1.280000e+03	4.096000e+04	1.000000e+00	0.000000e+00	5.000000e-02
1.0	1.536000e+03	4.096000e+04	1.000000e+00	0.000000e+00	5.000000e-02
1.0	1.280000e+02	4.096000e+04	1.000000e+00	0.000000e+00	2.500000e-01
1.0	2.560000e+02	4.096000e+04	1.000000e+00	0.000000e+00	2.500000e-01
1.0	3.840000e+02	4.096000e+04	1.000000e+00	0.000000e+00	2.500000e-01
1.0	5.120000e+02	4.096000e+04	1.000000e+00	0.000000e+00	2.500000e-01
1.0	6.400000e+02	4.096000e+04	1.000000e+00	0.000000e+00	2.500000e-01
1.0	7.580000e+02	4.096000e+04	1.000000e+00	0.000000e+00	2.500000e-01
1.0	8.760000e+02	4.096000e+04	1.000000e+00	0.000000e+00	2.500000e-01
1.0	1.024000e+03	4.096000e+04	1.000000e+00	0.000000e+00	2.500000e-01
1.0	1.280000e+03	4.096000e+04	1.000000e+00	0.000000e+00	2.500000e-01
1.0	1.536000e+03	4.096000e+04	1.000000e+00	0.000000e+00	2.500000e-01
1.0	1.280000e+02	4.096000e+04	9.999998e-01	1.500297e-07	4.500000e-01
1.0	2.560000e+02	4.096000e+04	9.999999e-01	1.480502e-07	4.500000e-01
1.0	3.840000e+02	4.096000e+04	9.999998e-01	1.519074e-07	4.500000e-01
1.0	5.120000e+02	4.096000e+04	9.999998e-01	1.467489e-07	4.500000e-01
1.0	6.400000e+02	4.096000e+04	9.999998e-01	1.454854e-07	4.500000e-01
1.0	7.580000e+02	4.096000e+04	9.999998e-01	1.503037e-07	4.500000e-01
1.0	8.760000e+02	4.096000e+04	9.999998e-01	1.529903e-07	4.500000e-01
1.0	1.024000e+03	4.096000e+04	9.999998e-01	1.425147e-07	4.500000e-01
1.0	1.280000e+03	4.096000e+04	9.999998e-01	1.422948e-07	4.500000e-01
1.0	1.536000e+03	4.096000e+04	9.999998e-01	1.536941e-07	4.500000e-01
1.0	1.280000e+02	4.096000e+04	9.999911e-01	1.077268e-06	6.500000e-01
1.0	2.560000e+02	4.096000e+04	9.999911e-01	1.123102e-06	6.500000e-01
1.0	3.840000e+02	4.096000e+04	9.999913e-01	1.134448e-06	6.500000e-01
1.0	5.120000e+02	4.096000e+04	9.999911e-01	1.340677e-06	6.500000e-01
1.0	6.400000e+02	4.096000e+04	9.999911e-01	1.166881e-06	6.500000e-01
1.0	7.580000e+02	4.096000e+04	9.999914e-01	1.323678e-06	6.500000e-01
1.0	8.760000e+02	4.096000e+04	9.999915e-01	1.451107e-06	6.500000e-01
1.0	1.024000e+03	4.096000e+04	9.999911e-01	1.466589e-06	6.500000e-01
1.0	1.280000e+03	4.096000e+04	9.999911e-01	8.487262e-07	6.500000e-01
1.0	1.536000e+03	4.096000e+04	9.999913e-01	1.466680e-06	6.500000e-01
1.0	1.280000e+02	4.096000e+04	9.998255e-01	5.024690e-06	8.500000e-01
1.0	2.560000e+02	4.096000e+04	9.998255e-01	5.196372e-06	8.500000e-01
1.0	3.840000e+02	4.096000e+04	9.998258e-01	4.190347e-06	8.500000e-01
1.0	5.120000e+02	4.096000e+04	9.998255e-01	3.872812e-06	8.500000e-01
1.0	6.400000e+02	4.096000e+04	9.998255e-01	4.679900e-06	8.500000e-01
1.0	7.580000e+02	4.096000e+04	9.998258e-01	4.572968e-06	8.500000e-01
1.0	8.760000e+02	4.096000e+04	9.998254e-01	5.558655e-06	8.500000e-01
1.0	1.024000e+03	4.096000e+04	9.998255e-01	3.005451e-06	8.500000e-01
1.0	1.280000e+03	4.096000e+04	9.998255e-01	2.498356e-06	8.500000e-01
1.0	1.536000e+03	4.096000e+04	9.998247e-01	2.244239e-06	8.500000e-01
1.0	1.280000e+02	4.096000e+04	9.989328e-01	1.317034e-05	1.050000e+00
1.0	2.560000e+02	4.096000e+04	9.989327e-01	1.414663e-05	1.050000e+00
1.0	3.840000e+02	4.096000e+04	9.989299e-01	1.488291e-05	1.050000e+00
1.0	5.120000e+02	4.096000e+04	9.989327e-01	1.511795e-05	1.050000e+00
1.0	6.400000e+02	4.096000e+04	9.989326e-01	1.424924e-05	1.050000e+00
1.0	7.580000e+02	4.096000e+04	9.989302e-01	1.453336e-05	1.050000e+00
1.0	8.760000e+02	4.096000e+04	9.989273e-01	9.594372e-06	1.050000e+00
1.0	1.024000e+03	4.096000e+04	9.989327e-01	1.117416e-05	1.050000e+00
1.0	1.280000e+03	4.096000e+04	9.989327e-01	9.648451e-06	1.050000e+00
1.0	1.536000e+03	4.096000e+04	9.989347e-01	1.306249e-05	1.050000e+00
1.0	1.280000e+02	4.096000e+04	9.959977e-01	2.919075e-05	1.250000e+00
1.0	2.560000e+02	4.096000e+04	9.959977e-01	3.061002e-05	1.250000e+00
1.0	3.840000e+02	4.096000e+04	9.959944e-01	2.709660e-05	1.250000e+00
1.0	5.120000e+02	4.096000e+04	9.959980e-01	2.389538e-05	1.250000e+00
1.0	6.400000e+02	4.096000e+04	9.959977e-01	2.468946e-05	1.250000e+00
1.0	7.580000e+02	4.096000e+04	9.959980e-01	2.668986e-05	1.250000e+00
1.0	8.760000e+02	4.096000e+04	9.959986e-01	2.340728e-05	1.250000e+00
1.0	1.024000e+03	4.096000e+04	9.959976e-01	2.332363e-05	1.250000e+00
1.0	1.280000e+03	4.096000e+04	9.959979e-01	1.947393e-05	1.250000e+00
1.0	1.536000e+03	4.096000e+04	9.959909e-01	3.425220e-05	1.250000e+00
1.0	1.280000e+02	4.096000e+04	9.890522e-01	5.607265e-05	1.450000e+00
1.0	2.560000e+02	4.096000e+04	9.890531e-01	5.117609e-05	1.450000e+00
1.0	3.840000e+02	4.096000e+04	9.890622e-01	4.290702e-05	1.450000e+00
1.0	5.120000e+02	4.096000e+04	9.890529e-01	5.229158e-05	1.450000e+00
1.0	6.400000e+02	4.096000e+04	9.890524e-01	5.163002e-05	1.450000e+00
1.0	7.580000e+02	4.096000e+04	9.890608e-01	4.098458e-05	1.450000e+00
1.0	8.760000e+02	4.096000e+04	9.890555e-01	4.944727e-05	1.450000e+00
1.0	1.024000e+03	4.096000e+04	9.890527e-01	4.582848e-05	1.450000e+00
1.0	1.280000e+03	4.096000e+04	9.890526e-01	4.045391e-05	1.450000e+00
1.0	1.536000e+03	4.096000e+04	9.890340e-01	4.634531e-05	1.450000e+00
1.0	1.280000e+02	4.096000e+04	9.752586e-01	1.167876e-04	1.650000e+00
1.0	2.560000e+02	4.096000e+04	9.752584e-01	1.100727e-04	1.650000e+00
1.0	3.840000e+02	4.096000e+04	9.752755e-01	1.168859e-04	1.650000e+00
1.0	5.120000e+02	4.096000e+04	9.752589e-01	1.156080e-04	1.650000e+00
1.0	6.400000e+02	4.096000e+04	9.752596e-01	1.227309e-04	1.650000e+00
1.0	7.580000e+02	4.096000e+04	9.752624e-01	1.229095e-04	1.650000e+00
1.0	8.760000e+02	4.096000e+04	9.752812e-01	1.022870e-04	1.650000e+00
1.0	1.024000e+03	4.096000e+04	9.752588e-01	1.094580e-04	1.650000e+00
1.0	1.280000e+03	4.096000e+04	9.752596e-01	1.213304e-04	1.650000e+00
1.0	1.536000e+03	4.096000e+04	9.753118e-01	7.452845e-05	1.650000e+00
1.0	1.280000e+02	4.096000e+04	9.481782e-01	2.183408e-04	1.850000e+00
1.0	2.560000e+02	4.096000e+04	9.481786e-01	1.733608e-04	1.850000e+00
1.0	3.840000e+02	4.096000e+04	9.481789e-01	1.844721e-04	1.850000e+00
1.0	5.120000e+02	4.096000e+04	9.481788e-01	1.744050e-04	1.850000e+00
1.0	6.400000e+02	4.096000e+04	9.481786e-01	1.376365e-04	1.850000e+00
1.0	7.580000e+02	4.096000e+04	9.481537e-01	1.720749e-04	1.850000e+00
1.0	8.760000e+02	4.096000e+04	9.481997e-01	1.754806e-04	1.850000e+00
1.0	1.024000e+03	4.096000e+04	9.481808e-01	1.767108e-04	1.850000e+00
1.0	1.280000e+03	4.096000e+04	9.481786e-01	1.368527e-04	1.850000e+00
1.0	1.536000e+03	4.096000e+04	9.482713e-01	1.988118e-04	1.850000e+00
1.0	1.280000e+02	4.096000e+04	9.101910e-01	6.332366e-04	2.000000e+00
1.0	2.560000e+02	4.096000e+04	9.101907e-01	6.066178e-04	2.000000e+00
1.0	3.840000e+02	4.096000e+04	9.102093e-01	6.380940e-04	2.000000e+00
1.0	5.120000e+02	4.096000e+04	9.101894e-01	4.942097e-04	2.000000e+00
1.0	6.400000e+02	4.096000e+04	9.101920e-01	5.714601e-04	2.000000e+00
1.0	7.580000e+02	4.096000e+04	9.101528e-01	7.550352e-04	2.000000e+00
1.0	8.760000e+02	4.096000e+04	9.100923e-01	6.224828e-04	2.000000e+00
1.0	1.024000e+03	4.096000e+04	9.101892e-01	5.950000e-04	2.000000e+00
1.0	1.280000e+03	4.096000e+04	9.101944e-01	4.888410e-04	2.000000e+00
1.0	1.536000e+03	4.096000e+04	9.099314e-01	5.733327e-04	2.000000e+00
1.0	1.280000e+02	4.096000e+04	9.066521e-01	4.842007e-04	2.016000e+00
1.0	2.560000e+02	4.096000e+04	9.066536e-01	5.049994e-04	2.016000e+00
1.0	3.840000e+02	4.096000e+04	9.066287e-01	3.884877e-04	2.016000e+00
1.0	5.120000e+02	4.096000e+04	9.066512e-01	4.505360e-04	2.016000e+00
1.0	6.400000e+02	4.096000e+04	9.066531e-01	3.275104e-04	2.016000e+00
1.0	7.580000e+02	4.096000e+04	9.066303e-01	3.518224e-04	2.016000e+00
1.0	8.760000e+02	4.096000e+04	9.066218e-01	3.287163e-04	2.016000e+00
1.0	1.024000e+03	4.096000e+04	9.066538e-01	1.997986e-04	2.016000e+00
1.0	1.280000e+03	4.096000e+04	9.066539e-01	3.547348e-04	2.016000e+00
1.0	1.536000e+03	4.096000e+04	9.065867e-01	3.776670e-04	2.016000e+00
1.0	1.280000e+02	4.096000e+04	9.011586e-01	5.984985e-04	2.032000e+00
1.0	2.560000e+02	4.096000e+04	9.011593e-01	6.698693e-04	2.032000e+00
1.0	3.840000e+02	4.096000e+04	9.011172e-01	5.630362e-04	2.032000e+00
1.0	5.120000e+02	4.096000e+04	9.011573e-01	6.880103e-04	2.032000e+00
1.0	6.400000e+02	4.096000e+04	9.011570e-01	4.106853e-04	2.032000e+00
1.0	7.580000e+02	4.096000e+04	9.010506e-01	4.113686e-04	2.032000e+00
1.0	8.760000e+02	4.096000e+04	9.009584e-01	4.527790e-04	2.032000e+00
1.0	1.024000e+03	4.096000e+04	9.011570e-01	5.235397e-04	2.032000e+00
1.0	1.280000e+03	4.096000e+04	9.011610e-01	4.092687e-04	2.032000e+00
1.0	1.536000e+03	4.096000e+04	9.010189e-01	2.132776e-04	2.032000e+00
1.0	1.280000e+02	4.096000e+04	8.935513e-01	8.356561e-04	2.048000e+00
1.0	2.560000e+02	4.096000e+04	8.935524e-01	8.269711e-04	2.048000e+00
1.0	3.840000e+02	4.096000e+04	8.936376e-01	7.398230e-04	2.048000e+00
1.0	5.120000e+02	4.096000e+04	8.935527e-01	7.279763e-04	2.048000e+00
1.0	6.400000e+02	4.096000e+04	8.935549e-01	9.030463e-04	2.048000e+00
1.0	7.580000e+02	4.096000e+04	8.937439e-01	6.600318e-04	2.048000e+00
1.0	8.760000e+02	4.096000e+04	8.939810e-01	6.535349e-04	2.048000e+00
1.0	1.024000e+03	4.096000e+04	8.935543e-01	9.320589e-04	2.048000e+00
1.0	1.280000e+03	4.096000e+04	8.935502e-01	6.188034e-04	2.048000e+00
1.0	1.536000e+03	4.096000e+04	8.939058e-01	6.669261e-04	2.048000e+00
1.0	1.280000e+02	4.096000e+04	8.888955e-01	7.342978e-04	2.064000e+00
1.0	2.560000e+02	4.096000e+04	8.888905e-01	7.736531e-04	2.064000e+00
1.0	3.840000e+02	4.096000e+04	8.889719e-01	7.573503e-04	2.064000e+00
1.0	5.120000e+02	4.096000e+04	8.888907e-01	7.804599e-04	2.064000e+00
1.0	6.400000e+02	4.096000e+04	8.888881e-01	7.404232e-04	2.064000e+00
1.0	7.580000e+02	4.096000e+04	8.889330e-01	8.728760e-04	2.064000e+00
1.0	8.760000e+02	4.096000e+04	8.888519e-01	8.583499e-04	2.064000e+00
1.0	1.024000e+03	4.096000e+04	8.888906e-01	7.964397e-04	2.064000e+00
1.0	1.280000e+03	4.096000e+04	8.888874e-01	5.397559e-04	2.064000e+00
1.0	1.536000e+03	4.096000e+04	8.887676e-01	7.631426e-04	2.064000e+00
1.0	1.280000e+02	4.096000e+04	8.791192e-01	1.069092e-03	2.080000e+00
1.0	2.560000e+02	4.096000e+04	8.791228e-01	1.223577e-03	2.080000e+00
1.0	3.840000e+02	4.096000e+04	8.792403e-01	9.405631e-04	2.080000e+00
1.0	5.120000e+02	4.096000e+04	8.791231e-01	9.862262e-04	2.080000e+00
1.0	6.400000e+02	4.096000e+04	8.791233e-01	9.738591e-04	2.080000e+00
1.0	7.580000e+02	4.096000e+04	8.791975e-01	1.222248e-03	2.080000e+00
1.0	8.760000e+02	4.096000e+04	8.791691e-01	1.114658e-03	2.080000e+00
1.0	1.024000e+03	4.096000e+04	8.791175e-01	1.188522e-03	2.080000e+00
1.0	1.280000e+03	4.096000e+04	8.791211e-01	6.825215e-04	2.080000e+00
1.0	1.536000e+03	4.096000e+04	8.793795e-01	3.186967e-04	2.080000e+00
1.0	1.280000e+02	4.096000e+04	8.709447e-01	1.362643e-03	2.096000e+00
1.0	2.560000e+02	4.096000e+04	8.709356e-01	1.406788e-03	2.096000e+00
1.0	3.840000e+02	4.096000e+04	8.709413e-01	1.430004e-03	2.096000e+00
1.0	5.120000e+02	4.096000e+04	8.709567e-01	1.615211e-03	2.096000e+00
1.0	6.400000e+02	4.096000e+04	8.709457e-01	1.363402e-03	2.096000e+00
1.0	7.580000e+02	4.096000e+04	8.709471e-01	1.397301e-03	2.096000e+00
1.0	8.760000e+02	4.096000e+04	8.707821e-01	1.314718e-03	2.096000e+00
1.0	1.024000e+03	4.096000e+04	8.709525e-01	1.157276e-03	2.096000e+00
1.0	1.280000e+03	4.096000e+04	8.709459e-01	1.094526e-03	2.096000e+00
1.0	1.536000e+03	4.096000e+04	8.705018e-01	1.186399e-03	2.096000e+00
1.0	1.280000e+02	4.096000e+04	8.624536e-01	1.388705e-03	2.112000e+00
1.0	2.560000e+02	4.096000e+04	8.624597e-01	1.343156e-03	2.112000e+00
1.0	3.840000e+02	4.096000e+04	8.623346e-01	1.535544e-03	2.112000e+00
1.0	5.120000e+02	4.096000e+04	8.624429e-01	1.438894e-03	2.112000e+00
1.0	6.400000e+02	4.096000e+04	8.624607e-01	1.713560e-03	2.112000e+00
1.0	7.580000e+02	4.096000e+04	8.621477e-01	1.666709e-03	2.112000e+00
1.0	8.760000e+02	4.096000e+04	8.618824e-01	1.831494e-03	2.112000e+00
1.0	1.024000e+03	4.096000e+04	8.624485e-01	1.360526e-03	2.112000e+00
1.0	1.280000e+03	4.096000e+04	8.624496e-01	1.475099e-03	2.112000e+00
1.0	1.536000e+03	4.096000e+04	8.624832e-01	1.547968e-03	2.112000e+00
1.0	1.280000e+02	4.096000e+04	8.529876e-01	1.579906e-03	2.128000e+00
1.0	2.560000e+02	4.096000e+04	8.529931e-01	1.441705e-03	2.128000e+00
1.0	3.840000e+02	4.096000e+04	8.526618e-01	1.394458e-03	2.128000e+00
1.0	5.120000e+02	4.096000e+04	8.529837e-01	1.337492e-03	2.128000e+00
1.0	6.400000e+02	4.096000e+04	8.529887e-01	1.095064e-03	2.128000e+00
1.0	7.580000e+02	4.096000e+04	8.534354e-01	1.165666e-03	2.128000e+00
1.0	8.760000e+02	4.096000e+04	8.533810e-01	1.139408e-03	2.128000e+00
1.0	1.024000e+03	4.096000e+04	8.529880e-01	1.186693e-03	2.128000e+00
1.0	1.280000e+03	4.096000e+04	8.529925e-01	1.206793e-03	2.128000e+00
1.0	1.536000e+03	4.096000e+04	8.534641e-01	5.872124e-04	2.128000e+00
1.0	1.280000e+02	4.096000e+04	8.412802e-01	1.570683e-03	2.144000e+00
1.0	2.560000e+02	4.096000e+04	8.412819e-01	1.791056e-03	2.144000e+00
1.0	3.840000e+02	4.096000e+04	8.408746e-01	1.731945e-03	2.144000e+00
1.0	5.120000e+02	4.096000e+04	8.412859e-01	1.786680e-03	2.144000e+00
1.0	6.400000e+02	4.096000e+04	8.412936e-01	1.913325e-03	2.144000e+00
1.0	7.580000e+02	4.096000e+04	8.410056e-01	1.836157e-03	2.144000e+00
1.0	8.760000e+02	4.096000e+04	8.413784e-01	2.191213e-03	2.144000e+00
1.0	1.024000e+03	4.096000e+04	8.412990e-01	1.624589e-03	2.144000e+00
1.0	1.280000e+03	4.096000e+04	8.412849e-01	1.681774e-03	2.144000e+00
1.0	1.536000e+03	4.096000e+04	8.417906e-01	2.061903e-03	2.144000e+00
1.0	1.280000e+02	4.096000e+04	8.247025e-01	2.700807e-03	2.160000e+00
1.0	2.560000e+02	4.096000e+04	8.246935e-01	2.814525e-03	2.160000e+00
1.0	3.840000e+02	4.096000e+04	8.246244e-01	2.818519e-03	2.160000e+00
1.0	5.120000e+02	4.096000e+04	8.246729e-01	3.178293e-03	2.160000e+00
1.0	6.400000e+02	4.096000e+04	8.247020e-01	2.330185e-03	2.160000e+00
1.0	7.580000e+02	4.096000e+04	8.245105e-01	2.906213e-03	2.160000e+00
1.0	8.760000e+02	4.096000e+04	8.243365e-01	2.541836e-03	2.160000e+00
1.0	1.024000e+03	4.096000e+04	8.247049e-01	2.186271e-03	2.160000e+00
1.0	1.280000e+03	4.096000e+04	8.246881e-01	2.299470e-03	2.160000e+00
1.0	1.536000e+03	4.096000e+04	8.242407e-01	2.485639e-03	2.160000e+00
1.0	1.280000e+02	4.096000e+04	8.055211e-01	7.248844e-03	2.176000e+00
1.0	2.560000e+02	4.096000e+04	8.056261e-01	6.903009e-03	2.176000e+00
1.0	3.840000e+02	4.096000e+04	8.053651e-01	8.869879e-03	2.176000e+00
1.0	5.120000e+02	4.096000e+04	8.055046e-01	8.393245e-03	2.176000e+00
1.0	6.400000e+02	4.096000e+04	8.056121e-01	8.565068e-03	2.176000e+00
1.0	7.580000e+02	4.096000e+04	8.052662e-01	8.273151e-03	2.176000e+00
1.0	8.760000e+02	4.096000e+04	8.045220e-01	5.142917e-03	2.176000e+00
1.0	1.024000e+03	4.096000e+04	8.055303e-01	7.412515e-03	2.176000e+00
1.0	1.280000e+03	4.096000e+04	8.055661e-01	7.090164e-03	2.176000e+00
1.0	1.536000e+03	4.096000e+04	8.037692e-01	7.492011e-03	2.176000e+00
1.0	1.280000e+02	4.096000e+04	8.010217e-01	3.634526e-03	2.192000e+00
1.0	2.560000e+02	4.096000e+04	8.010720e-01	3.917959e-03	2.192000e+00
1.0	3.840000e+02	4.096000e+04	8.013343e-01	4.144681e-03	2.192000e+00
1.0	5.120000e+02	4.096000e+04	8.010355e-01	3.656299e-03	2.192000e+00
1.0	6.400000e+02	4.096000e+04	8.010480e-01	3.381588e-03	2.192000e+00
1.0	7.580000e+02	4.096000e+04	8.010526e-01	3.581430e-03	2.192000e+00
1.0	8.760000e+02	4.096000e+04	8.008535e-01	3.502287e-03	2.192000e+00
1.0	1.024000e+03	4.096000e+04	8.010584e-01	3.958218e-03	2.192000e+00
1.0	1.280000e+03	4.096000e+04	8.010530e-01	3.252583e-03	2.192000e+00
1.0	1.536000e+03	4.096000e+04	8.024460e-01	3.987431e-03	2.192000e+00
1.0	1.280000e+02	4.096000e+04	7.785979e-01	4.858833e-03	2.208000e+00
1.0	2.560000e+02	4.096000e+04	7.786057e-01	5.356085e-03	2.208000e+00
1.0	3.840000e+02	4.096000e+04	7.781276e-01	5.027129e-03	2.208000e+00
1.0	5.120000e+02	4.096000e+04	7.785944e-01	5.606006e-03	2.208000e+00
1.0	6.400000e+02	4.096000e+04	7.786349e-01	5.238401e-03	2.208000e+00
1.0	7.580000e+02	4.096000e+04	7.780678e-01	5.943826e-03	2.208000e+00
1.0	8.760000e+02	4.096000e+04	7.777003e-01	6.299826e-03	2.208000e+00
1.0	1.024000e+03	4.096000e+04	7.785659e-01	7.132559e-03	2.208000e+00
1.0	1.280000e+03	4.096000e+04	7.785994e-01	6.226713e-03	2.208000e+00
1.0	1.536000e+03	4.096000e+04	7.781272e-01	5.342434e-03	2.208000e+00
1.0	1.280000e+02	4.096000e+04	7.530130e-01	5.896263e-03	2.224000e+00
1.0	2.560000e+02	4.096000e+04	7.529739e-01	6.450756e-03	2.224000e+00
1.0	3.840000e+02	4.096000e+04	7.540001e-01	6.552050e-03	2.224000e+00
1.0	5.120000e+02	4.096000e+04	7.529167e-01	6.944474e-03	2.224000e+00
1.0	6.400000e+02	4.096000e+04	7.529480e-01	7.387762e-03	2.224000e+00
1.0	7.580000e+02	4.096000e+04	7.537085e-01	8.135320e-03	2.224000e+00
1.0	8.760000e+02	4.096000e+04	7.527495e-01	7.571542e-03	2.224000e+00
1.0	1.024000e+03	4.096000e+04	7.529153e-01	8.773997e-03	2.224000e+00
1.0	1.280000e+03	4.096000e+04	7.529688e-01	7.181109e-03	2.224000e+00
1.0	1.536000e+03	4.096000e+04	7.505056e-01	1.006394e-02	2.224000e+00
1.0	1.280000e+02	4.096000e+04	7.410997e-01	6.703827e-03	2.228000e+00
1.0	2.560000e+02	4.096000e+04	7.410823e-01	6.155440e-03	2.228000e+00
1.0	3.840000e+02	4.096000e+04	7.413979e-01	8.022883e-03	2.228000e+00
1.0	5.120000e+02	4.096000e+04	7.411413e-01	5.006884e-03	2.228000e+00
1.0	6.400000e+02	4.096000e+04	7.411725e-01	6.318057e-03	2.228000e+00
1.0	7.580000e+02	4.096000e+04	7.409563e-01	6.543717e-03	2.228000e+00
1.0	8.760000e+02	4.096000e+04	7.416776e-01	7.092624e-03	2.228000e+00
1.0	1.024000e+03	4.096000e+04	7.411185e-01	5.585016e-03	2.228000e+00
1.0	1.280000e+03	4.096000e+04	7.410593e-01	6.929928e-03	2.228000e+00
1.0	1.536000e+03	4.096000e+04	7.407624e-01	7.250533e-03	2.228000e+00
1.0	1.280000e+02	4.096000e+04	7.422767e-01	6.583549e-03	2.232000e+00
1.0	2.560000e+02	4.096000e+04	7.423278e-01	7.546110e-03	2.232000e+00
1.0	3.840000e+02	4.096000e+04	7.422822e-01	6.619489e-03	2.232000e+00
1.0	5.120000e+02	4.096000e+04	7.422906e-01	6.455759e-03	2.232000e+00
1.0	6.400000e+02	4.096000e+04	7.423184e-01	7.737635e-03	2.232000e+00
1.0	7.580000e+02	4.096000e+04	7.419586e-01	6.702852e-03	2.232000e+00
1.0	8.760000e+02	4.096000e+04	7.427637e-01	9.284973e-03	2.232000e+00
1.0	1.024000e+03	4.096000e+04	7.423350e-01	7.594240e-03	2.232000e+00
1.0	1.280000e+03	4.096000e+04	7.423092e-01	8.855146e-03	2.232000e+00
1.0	1.536000e+03	4.096000e+04	7.431582e-01	6.954260e-03	2.232000e+00
1.0	1.280000e+02	4.096000e+04	7.390231e-01	9.568737e-03	2.236000e+00
1.0	2.560000e+02	4.096000e+04	7.389710e-01	1.036920e-02	2.236000e+00
1.0	3.840000e+02	4.096000e+04	7.415329e-01	1.090280e-02	2.236000e+00
1.0	5.120000e+02	4.096000e+04	7.389694e-01	1.131192e-02	2.236000e+00
1.0	6.400000e+02	4.096000e+04	7.388926e-01	1.318562e-02	2.236000e+00
1.0	7.580000e+02	4.096000e+04	7.420336e-01	1.028588e-02	2.236000e+00
1.0	8.760000e+02	4.096000e+04	7.480366e-01	1.094100e-02	2.236000e+00
1.0	1.024000e+03	4.096000e+04	7.389968e-01	1.132957e-02	2.236000e+00
1.0	1.280000e+03	4.096000e+04	7.389505e-01	1.283959e-02	2.236000e+00
1.0	1.536000e+03	4.096000e+04	7.475629e-01	7.483834e-03	2.236000e+00
1.0	1.280000e+02	4.096000e+04	7.123321e-01	1.088957e-02	2.240000e+00
1.0	2.560000e+02	4.096000e+04	7.123381e-01	1.160479e-02	2.240000e+00
1.0	3.840000e+02	4.096000e+04	7.108544e-01	1.310149e-02	2.240000e+00
1.0	5.120000e+02	4.096000e+04	7.123397e-01	1.380435e-02	2.240000e+00
1.0	6.400000e+02	4.096000e+04	7.122782e-01	1.402853e-02	2.240000e+00
1.0	7.580000e+02	4.096000e+04	7.106233e-01	1.394903e-02	2.240000e+00
1.0	8.760000e+02	4.096000e+04	7.105093e-01	1.418755e-02	2.240000e+00
1.0	1.024000e+03	4.096000e+04	7.123021e-01	1.532703e-02	2.240000e+00
1.0	1.280000e+03	4.096000e+04	7.123481e-01	1.472708e-02	2.240000e+00
1.0	1.536000e+03	4.096000e+04	7.078306e-01	1.437739e-02	2.240000e+00
1.0	1.280000e+02	4.096000e+04	7.285090e-01	7.363958e-03	2.244000e+00
1.0	2.560000e+02	4.096000e+04	7.284230e-01	6.909056e-03	2.244000e+00
1.0	3.840000e+02	4.096000e+04	7.275503e-01	7.502876e-03	2.244000e+00
1.0	5.120000e+02	4.096000e+04	7.284792e-01	7.172085e-03	2.244000e+00
1.0	6.400000e+02	4.096000e+04	7.284457e-01	6.821665e-03	2.244000e+00
1.0	7.580000e+02	4.096000e+04	7.268699e-01	7.223910e-03	2.244000e+00
1.0	8.760000e+02	4.096000e+04	7.258448e-01	5.992898e-03	2.244000e+00
1.0	1.024000e+03	4.096000e+04	7.284342e-01	7.119984e-03	2.244000e+00
1.0	1.280000e+03	4.096000e+04	7.284610e-01	6.770476e-03	2.244000e+00
1.0	1.536000e+03	4.096000e+04	7.259287e-01	5.111509e-03	2.244000e+00
1.0	1.280000e+02	4.096000e+04	6.877027e-01	1.095660e-02	2.248000e+00
1.0	2.560000e+02	4.096000e+04	6.877458e-01	1.122843e-02	2.248000e+00
1.0	3.840000e+02	4.096000e+04	6.859585e-01	1.027695e-02	2.248000e+00
1.0	5.120000e+02	4.096000e+04	6.877384e-01	1.007299e-02	2.248000e+00
1.0	6.400000e+02	4.096000e+04	6.877634e-01	1.049701e-02	2.248000e+00
1.0	7.580000e+02	4.096000e+04	6.863515e-01	8.360033e-03	2.248000e+00
1.0	8.760000e+02	4.096000e+04	6.869157e-01	9.406672e-03	2.248000e+00
1.0	1.024000e+03	4.096000e+04	6.877432e-01	7.217098e-03	2.248000e+00
1.0	1.280000e+03	4.096000e+04	6.876994e-01	1.222170e-02	2.248000e+00
1.0	1.536000e+03	4.096000e+04	6.854074e-01	8.423229e-03	2.248000e+00
1.0	1.280000e+02	4.096000e+04	6.769143e-01	1.376652e-02	2.252000e+00
1.0	2.560000e+02	4.096000e+04	6.767379e-01	1.710786e-02	2.252000e+00
1.0	3.840000e+02	4.096000e+04	6.779240e-01	1.902224e-02	2.252000e+00
1.0	5.120000e+02	4.096000e+04	6.768154e-01	1.929016e-02	2.252000e+00
1.0	6.400000e+02	4.096000e+04	6.766793e-01	1.840959e-02	2.252000e+00
1.0	7.580000e+02	4.096000e+04	6.775719e-01	1.978223e-02	2.252000e+00
1.0	8.760000e+02	4.096000e+04	6.775766e-01	2.267467e-02	2.252000e+00
1.0	1.024000e+03	4.096000e+04	6.769048e-01	2.047667e-02	2.252000e+00
1.0	1.280000e+03	4.096000e+04	6.766893e-01	1.781069e-02	2.252000e+00
1.0	1.536000e+03	4.096000e+04	6.781922e-01	1.908129e-02	2.252000e+00
1.0	1.280000e+02	4.096000e+04	6.754643e-01	1.215207e-02	2.256000e+00
1.0	2.560000e+02	4.096000e+04	6.754600e-01	1.295251e-02	2.256000e+00
1.0	3.840000e+02	4.096000e+04	6.739621e-01	1.243208e-02	2.256000e+00
1.0	5.120000e+02	4.096000e+04	6.755402e-01	1.458749e-02	2.256000e+00
1.0	6.400000e+02	4.096000e+04	6.754489e-01	1.373459e-02	2.256000e+00
1.0	7.580000e+02	4.096000e+04	6.725521e-01	1.490190e-02	2.256000e+00
1.0	8.760000e+02	4.096000e+04	6.723872e-01	1.728712e-02	2.256000e+00
1.0	1.024000e+03	4.096000e+04	6.755755e-01	1.245143e-02	2.256000e+00
1.0	1.280000e+03	4.096000e+04	6.754103e-01	1.471012e-02	2.256000e+00
1.0	1.536000e+03	4.096000e+04	6.729265e-01	1.822799e-02	2.256000e+00
1.0	1.280000e+02	4.096000e+04	6.814416e-01	1.112358e-02	2.260000e+00
1.0	2.560000e+02	4.096000e+04	6.813453e-01	1.336583e-02	2.260000e+00
1.0	3.840000e+02	4.096000e+04	6.803067e-01	1.320181e-02	2.260000e+00
1.0	5.120000e+02	4.096000e+04	6.813899e-01	1.375904e-02	2.260000e+00
1.0	6.400000e+02	4.096000e+04	6.814139e-01	1.394582e-02	2.260000e+00
1.0	7.580000e+02	4.096000e+04	6.789293e-01	1.466731e-02	2.260000e+00
1.0	8.760000e+02	4.096000e+04	6.789496e-01	1.367908e-02	2.260000e+00
1.0	1.024000e+03	4.096000e+04	6.814304e-01	1.454408e-02	2.260000e+00
1.0	1.280000e+03	4.096000e+04	6.815296e-01	1.381430e-02	2.260000e+00
1.0	1.536000e+03	4.096000e+04	6.779809e-01	1.274936e-02	2.260000e+00
1.0	1.280000e+02	4.096000e+04	6.159908e-01	1.706765e-02	2.264000e+00
1.0	2.560000e+02	4.096000e+04	6.158546e-01	2.164916e-02	2.264000e+00
1.0	3.840000e+02	4.096000e+04	6.135002e-01	2.373530e-02	2.264000e+00
1.0	5.120000e+02	4.096000e+04	6.158018e-01	2.150760e-02	2.264000e+00
1.0	6.400000e+02	4.096000e+04	6.159602e-01	2.525446e-02	2.264000e+00
1.0	7.580000e+02	4.096000e+04	6.124034e-01	2.861553e-02	2.264000e+00
1.0	8.760000e+02	4.096000e+04	6.098896e-01	1.828639e-02	2.264000e+00
1.0	1.024000e+03	4.096000e+04	6.158856e-01	2.453949e-02	2.264000e+00
1.0	1.280000e+03	4.096000e+04	6.158676e-01	2.393585e-02	2.264000e+00
1.0	1.536000e+03	4.096000e+04	6.040474e-01	2.820629e-02	2.264000e+00
1.0	1.280000e+02	4.096000e+04	6.583665e-01	1.328558e-02	2.268000e+00
1.0	2.560000e+02	4.096000e+04	6.583192e-01	1.310674e-02	2.268000e+00
1.0	3.840000e+02	4.096000e+04	6.578919e-01	1.510192e-02	2.268000e+00
1.0	5.120000e+02	4.096000e+04	6.584100e-01	1.357830e-02	2.268000e+00
1.0	6.400000e+02	4.096000e+04	6.583470e-01	1.401224e-02	2.268000e+00
1.0	7.580000e+02	4.096000e+04	6.565151e-01	1.746108e-02	2.268000e+00
1.0	8.760000e+02	4.096000e+04	6.559248e-01	1.776336e-02	2.268000e+00
1.0	1.024000e+03	4.096000e+04	6.583681e-01	1.581125e-02	2.268000e+00
1.0	1.280000e+03	4.096000e+04	6.583762e-01	1.447361e-02	2.268000e+00
1.0	1.536000e+03	4.096000e+04	6.537667e-01	1.279953e-02	2.268000e+00
1.0	1.280000e+02	4.096000e+04	6.431161e-01	1.341130e-02	2.272000e+00
1.0	2.560000e+02	4.096000e+04	6.431740e-01	1.286855e-02	2.272000e+00
1.0	3.840000e+02	4.096000e+04	6.411735e-01	1.676070e-02	2.272000e+00
1.0	5.120000e+02	4.096000e+04	6.432222e-01	1.105686e-02	2.272000e+00
1.0	6.400000e+02	4.096000e+04	6.431696e-01	1.432486e-02	2.272000e+00
1.0	7.580000e+02	4.096000e+04	6.403857e-01	1.671868e-02	2.272000e+00
1.0	8.760000e+02	4.096000e+04	6.468150e-01	1.158711e-02	2.272000e+00
1.0	1.024000e+03	4.096000e+04	6.431545e-01	8.123480e-03	2.272000e+00
1.0	1.280000e+03	4.096000e+04	6.432003e-01	9.049597e-03	2.272000e+00
1.0	1.536000e+03	4.096000e+04	6.442277e-01	8.743768e-03	2.272000e+00
1.0	1.280000e+02	4.096000e+04	6.557995e-01	1.037282e-02	2.276000e+00
1.0	2.560000e+02	4.096000e+04	6.557877e-01	1.131033e-02	2.276000e+00
1.0	3.840000e+02	4.096000e+04	6.588912e-01	1.187143e-02	2.276000e+00
1.0	5.120000e+02	4.096000e+04	6.557357e-01	1.252148e-02	2.276000e+00
1.0	6.400000e+02	4.096000e+04	6.556755e-01	1.227021e-02	2.276000e+00
1.0	7.580000e+02	4.096000e+04	6.596141e-01	1.202356e-02	2.276000e+00
1.0	8.760000e+02	4.096000e+04	6.582400e-01	1.068063e-02	2.276000e+00
1.0	1.024000e+03	4.096000e+04	6.558151e-01	1.299056e-02	2.276000e+00
1.0	1.280000e+03	4.096000e+04	6.558437e-01	1.419375e-02	2.276000e+00
1.0	1.536000e+03	4.096000e+04	6.569388e-01	1.579414e-02	2.276000e+00
1.0	1.280000e+02	4.096000e+04	5.943227e-01	1.642071e-02	2.280000e+00
1.0	2.560000e+02	4.096000e+04	5.941923e-01	1.907317e-02	2.280000e+00
1.0	3.840000e+02	4.096000e+04	5.920459e-01	2.093865e-02	2.280000e+00
1.0	5.120000e+02	4.096000e+04	5.942432e-01	1.837155e-02	2.280000e+00
1.0	6.400000e+02	4.096000e+04	5.942666e-01	1.643275e-02	2.280000e+00
1.0	7.580000e+02	4.096000e+04	5.902831e-01	1.821756e-02	2.280000e+00
1.0	8.760000e+02	4.096000e+04	5.879465e-01	1.808971e-02	2.280000e+00
1.0	1.024000e+03	4.096000e+04	5.942320e-01	1.526998e-02	2.280000e+00
1.0	1.280000e+03	4.096000e+04	5.940980e-01	1.521655e-02	2.280000e+00
1.0	1.536000e+03	4.096000e+04	5.886111e-01	1.765328e-02	2.280000e+00
1.0	1.280000e+02	4.096000e+04	6.020530e-01	1.486093e-02	2.284000e+00
1.0	2.560000e+02	4.096000e+04	6.019049e-01	1.664525e-02	2.284000e+00
1.0	3.840000e+02	4.096000e+04	6.001700e-01	1.858212e-02	2.284000e+00
1.0	5.120000e+02	4.096000e+04	6.018926e-01	1.900832e-02	2.284000e+00
1.0	6.400000e+02	4.096000e+04	6.020054e-01	1.834657e-02	2.284000e+00
1.0	7.580000e+02	4.096000e+04	5.985870e-01	1.724674e-02	2.284000e+00
1.0	8.760000e+02	4.096000e+04	5.969450e-01	2.118795e-02	2.284000e+00
1.0	1.024000e+03	4.096000e+04	6.020257e-01	1.918626e-02	2.284000e+00
1.0	1.280000e+03	4.096000e+04	6.019825e-01	1.897700e-02	2.284000e+00
1.0	1.536000e+03	4.096000e+04	5.953529e-01	1.616658e-02	2.284000e+00
1.0	1.280000e+02	4.096000e+04	6.040136e-01	1.420494e-02	2.288000e+00
1.0	2.560000e+02	4.096000e+04	6.041268e-01	1.737755e-02	2.288000e+00
1.0	3.840000e+02	4.096000e+04	6.035749e-01	1.636285e-02	2.288000e+00
1.0	5.120000e+02	4.096000e+04	6.039814e-01	1.704061e-02	2.288000e+00
1.0	6.400000e+02	4.096000e+04	6.040035e-01	1.667802e-02	2.288000e+00
1.0	7.580000e+02	4.096000e+04	6.040899e-01	1.366167e-02	2.288000e+00
1.0	8.760000e+02	4.096000e+04	6.053852e-01	1.678881e-02	2.288000e+00
1.0	1.024000e+03	4.096000e+04	6.040384e-01	9.345447e-03	2.288000e+00
1.0	1.280000e+03	4.096000e+04	6.041032e-01	1.166798e-02	2.288000e+00
1.0	1.536000e+03	4.096000e+04	6.033459e-01	1.306985e-02	2.288000e+00
1.0	1.280000e+02	4.096000e+04	5.494765e-01	1.646319e-02	2.292000e+00
1.0	2.560000e+02	4.096000e+04	5.495297e-01	1.886819e-02	2.292000e+00
1.0	3.840000e+02	4.096000e+04	5.532121e-01	2.113086e-02	2.292000e+00
1.0	5.120000e+02	4.096000e+04	5.495638e-01	2.246141e-02	2.292000e+00
1.0	6.400000e+02	4.096000e+04	5.495834e-01	2.221781e-02	2.292000e+00
1.0	7.580000e+02	4.096000e+04	5.528530e-01	2.239622e-02	2.292000e+00
1.0	8.760000e+02	4.096000e+04	5.527805e-01	2.107257e-02	2.292000e+00
1.0	1.024000e+03	4.096000e+04	5.495342e-01	2.345431e-02	2.292000e+00
1.0	1.280000e+03	4.096000e+04	5.496198e-01	2.239954e-02	2.292000e+00
1.0	1.536000e+03	4.096000e+04	5.596575e-01	1.903671e-02	2.292000e+00
1.0	1.280000e+02	4.096000e+04	5.802514e-01	1.533726e-02	2.296000e+00
1.0	2.560000e+02	4.096000e+04	5.802409e-01	1.679182e-02	2.296000e+00
1.0	3.840000e+02	4.096000e+04	5.823781e-01	1.804068e-02	2.296000e+00
1.0	5.120000e+02	4.096000e+04	5.801805e-01	2.171533e-02	2.296000e+00
1.0	6.400000e+02	4.096000e+04	5.801792e-01	2.043928e-02	2.296000e+00
1.0	7.580000e+02	4.096000e+04	5.824415e-01	1.850221e-02	2.296000e+00
1.0	8.760000e+02	4.096000e+04	5.810566e-01	1.956072e-02	2.296000e+00
1.0	1.024000e+03	4.096000e+04	5.800815e-01	2.083506e-02	2.296000e+00
1.0	1.280000e+03	4.096000e+04	5.801774e-01	1.432502e-02	2.296000e+00
1.0	1.536000e+03	4.096000e+04	5.784823e-01	2.817063e-02	2.296000e+00
1.0	1.280000e+02	4.096000e+04	5.574562e-01	1.786940e-02	2.300000e+00
1.0	2.560000e+02	4.096000e+04	5.574349e-01	2.181096e-02	2.300000e+00
1.0	3.840000e+02	4.096000e+04	5.568561e-01	2.177110e-02	2.300000e+00
1.0	5.120000e+02	4.096000e+04	5.574636e-01	2.260232e-02	2.300000e+00
1.0	6.400000e+02	4.096000e+04	5.574192e-01	2.149200e-02	2.300000e+00
1.0	7.580000e+02	4.096000e+04	5.596490e-01	2.169308e-02	2.300000e+00
1.0	8.760000e+02	4.096000e+04	5.643567e-01	2.018228e-02	2.300000e+00
1.0	1.024000e+03	4.096000e+04	5.574211e-01	1.955159e-02	2.300000e+00
1.0	1.280000e+03	4.096000e+04	5.573114e-01	2.141506e-02	2.300000e+00
1.0	1.536000e+03	4.096000e+04	5.695887e-01	2.306382e-02	2.300000e+00
1.0	1.280000e+02	4.096000e+04	5.121574e-01	1.827876e-02	2.304000e+00
1.0	2.560000e+02	4.096000e+04	5.121646e-01	2.134539e-02	2.304000e+00
1.0	3.840000e+02	4.096000e+04	5.087712e-01	2.365143e-02	2.304000e+00
1.0	5.120000e+02	4.096000e+04	5.122190e-01	1.892232e-02	2.304000e+00
1.0	6.400000e+02	4.096000e+04	5.121651e-01	2.063584e-02	2.304000e+00
1.0	7.580000e+02	4.096000e+04	5.076157e-01	2.108679e-02	2.304000e+00
1.0	8.760000e+02	4.096000e+04	5.094365e-01	2.127600e-02	2.304000e+00
1.0	1.024000e+03	4.096000e+04	5.122232e-01	2.219813e-02	2.304000e+00
1.0	1.280000e+03	4.096000e+04	5.122470e-01	1.485711e-02	2.304000e+00
1.0	1.536000e+03	4.096000e+04	5.050844e-01	1.905657e-02	2.304000e+00
1.0	1.280000e+02	4.096000e+04	5.346334e-01	1.681847e-02	2.308000e+00
1.0	2.560000e+02	4.096000e+04	5.348528e-01	1.884498e-02	2.308000e+00
1.0	3.840000e+02	4.096000e+04	5.383048e-01	1.662679e-02	2.308000e+00
1.0	5.120000e+02	4.096000e+04	5.348100e-01	1.803591e-02	2.308000e+00
1.0	6.400000e+02	4.096000e+04	5.348509e-01	1.565214e-02	2.308000e+00
1.0	7.580000e+02	4.096000e+04	5.381270e-01	1.584994e-02	2.308000e+00
1.0	8.760000e+02	4.096000e+04	5.396074e-01	1.301633e-02	2.308000e+00
1.0	1.024000e+03	4.096000e+04	5.347709e-01	1.532338e-02	2.308000e+00
1.0	1.280000e+03	4.096000e+04	5.347085e-01	1.575600e-02	2.308000e+00
1.0	1.536000e+03	4.096000e+04	5.431008e-01	1.661309e-02	2.308000e+00
1.0	1.280000e+02	4.096000e+04	4.955231e-01	1.719698e-02	2.312000e+00
1.0	2.560000e+02	4.096000e+04	4.953954e-01	2.013255e-02	2.312000e+00
1.0	3.840000e+02	4.096000e+04	4.925623e-01	2.032866e-02	2.312000e+00
1.0	5.120000e+02	4.096000e+04	4.953800e-01	2.354551e-02	2.312000e+00
1.0	6.400000e+02	4.096000e+04	4.951175e-01	2.102758e-02	2.312000e+00
1.0	7.580000e+02	4.096000e+04	4.926013e-01	1.984483e-02	2.312000e+00
1.0	8.760000e+02	4.096000e+04	4.918186e-01	1.973732e-02	2.312000e+00
1.0	1.024000e+03	4.096000e+04	4.953548e-01	1.410254e-02	2.312000e+00
1.0	1.280000e+03	4.096000e+04	4.955374e-01	1.955114e-02	2.312000e+00
1.0	1.536000e+03	4.096000e+04	4.915262e-01	1.995750e-02	2.312000e+00
1.0	1.280000e+02	4.096000e+04	5.093763e-01	1.391212e-02	2.316000e+00
1.0	2.560000e+02	4.096000e+04	5.095547e-01	1.356808e-02	2.316000e+00
1.0	3.840000e+02	4.096000e+04	5.113821e-01	1.364245e-02	2.316000e+00
1.0	5.120000e+02	4.096000e+04	5.094268e-01	1.551336e-02	2.316000e+00
1.0	6.400000e+02	4.096000e+04	5.094653e-01	1.416753e-02	2.316000e+00
1.0	7.580000e+02	4.096000e+04	5.114975e-01	1.240096e-02	2.316000e+00
1.0	8.760000e+02	4.096000e+04	5.096800e-01	1.683589e-02	2.316000e+00
1.0	1.024000e+03	4.096000e+04	5.096140e-01	1.418600e-02	2.316000e+00
1.0	1.280000e+03	4.096000e+04	5.094149e-01	1.192920e-02	2.316000e+00
1.0	1.536000e+03	4.096000e+04	5.023450e-01	1.006580e-02	2.316000e+00
1.0	1.280000e+02	4.096000e+04	4.881145e-01	1.539738e-02	2.320000e+00
1.0	2.560000e+02	4.096000e+04	4.880064e-01	1.740968e-02	2.320000e+00
1.0	3.840000e+02	4.096000e+04	4.898209e-01	1.727183e-02	2.320000e+00
1.0	5.120000e+02	4.096000e+04	4.880233e-01	1.806403e-02	2.320000e+00
1.0	6.400000e+02	4.096000e+04	4.880509e-01	1.621589e-02	2.320000e+00
1.0	7.580000e+02	4.096000e+04	4.932351e-01	1.643684e-02	2.320000e+00
1.0	8.760000e+02	4.096000e+04	4.971693e-01	1.664349e-02	2.320000e+00
1.0	1.024000e+03	4.096000e+04	4.880079e-01	2.162807e-02	2.320000e+00
1.0	1.280000e+03	4.096000e+04	4.881674e-01	1.885827e-02	2.320000e+00
1.0	1.536000e+03	4.096000e+04	4.993694e-01	1.819201e-02	2.320000e+00
1.0	1.280000e+02	4.096000e+04	4.692382e-01	1.689503e-02	2.324000e+00
1.0	2.560000e+02	4.096000e+04	4.692571e-01	1.816919e-02	2.324000e+00
1.0	3.840000e+02	4.096000e+04	4.692819e-01	2.145738e-02	2.324000e+00
1.0	5.120000e+02	4.096000e+04	4.693978e-01	2.131350e-02	2.324000e+00
1.0	6.400000e+02	4.096000e+04	4.693208e-01	1.509033e-02	2.324000e+00
1.0	7.580000e+02	4.096000e+04	4.674743e-01	1.611223e-02	2.324000e+00
1.0	8.760000e+02	4.096000e+04	4.667520e-01	2.121946e-02	2.324000e+00
1.0	1.024000e+03	4.096000e+04	4.692968e-01	2.419995e-02	2.324000e+00
1.0	1.280000e+03	4.096000e+04	4.692131e-01	1.766045e-02	2.324000e+00
1.0	1.536000e+03	4.096000e+04	4.631189e-01	1.460050e-02	2.324000e+00
1.0	1.280000e+02	4.096000e+04	4.606605e-01	1.756827e-02	2.328000e+00
1.0	2.560000e+02	4.096000e+04	4.604965e-01	2.077330e-02	2.328000e+00
1.0	3.840000e+02	4.096000e+04	4.628672e-01	2.119446e-02	2.328000e+00
1.0	5.120000e+02	4.096000e+04	4.607318e-01	2.540378e-02	2.328000e+00
1.0	6.400000e+02	4.096000e+04	4.604417e-01	2.160607e-02	2.328000e+00
1.0	7.580000e+02	4.096000e+04	4.621702e-01	2.198876e-02	2.328000e+00
1.0	8.760000e+02	4.096000e+04	4.626557e-01	2.647080e-02	2.328000e+00
1.0	1.024000e+03	4.096000e+04	4.603823e-01	2.485586e-02	2.328000e+00
1.0	1.280000e+03	4.096000e+04	4.607508e-01	2.325345e-02	2.328000e+00
1.0	1.536000e+03	4.096000e+04	4.624743e-01	3.045703e-02	2.328000e+00
1.0	1.280000e+02	4.096000e+04	4.566694e-01	1.617722e-02	2.332000e+00
1.0	2.560000e+02	4.096000e+04	4.567566e-01	1.850720e-02	2.332000e+00
1.0	3.840000e+02	4.096000e+04	4.600625e-01	1.921619e-02	2.332000e+00
1.0	5.120000e+02	4.096000e+04	4.565768e-01	2.163835e-02	2.332000e+00
1.0	6.400000e+02	4.096000e+04	4.566282e-01	2.145169e-02	2.332000e+00
1.0	7.580000e+02	4.096000e+04	4.602326e-01	2.696983e-02	2.332000e+00
1.0	8.760000e+02	4.096000e+04	4.655023e-01	2.267335e-02	2.332000e+00
1.0	1.024000e+03	4.096000e+04	4.565299e-01	2.289015e-02	2.332000e+00
1.0	1.280000e+03	4.096000e+04	4.568496e-01	2.485599e-02	2.332000e+00
1.0	1.536000e+03	4.096000e+04	4.742595e-01	1.931420e-02	2.332000e+00
1.0	1.280000e+02	4.096000e+04	3.871625e-01	1.721336e-02	2.336000e+00
1.0	2.560000e+02	4.096000e+04	3.869065e-01	2.016495e-02	2.336000e+00
1.0	3.840000e+02	4.096000e+04	3.898533e-01	1.977029e-02	2.336000e+00
1.0	5.120000e+02	4.096000e+04	3.869266e-01	1.954041e-02	2.336000e+00
1.0	6.400000e+02	4.096000e+04	3.869058e-01	2.190644e-02	2.336000e+00
1.0	7.580000e+02	4.096000e+04	3.897468e-01	2.287452e-02	2.336000e+00
1.0	8.760000e+02	4.096000e+04	3.852391e-01	2.704592e-02	2.336000e+00
1.0	1.024000e+03	4.096000e+04	3.869543e-01	2.197404e-02	2.336000e+00
1.0	1.280000e+03	4.096000e+04	3.869387e-01	2.410000e-02	2.336000e+00
1.0	1.536000e+03	4.096000e+04	3.897268e-01	2.958527e-02	2.336000e+00
1.0	1.280000e+02	4.096000e+04	4.166459e-01	1.586272e-02	2.340000e+00
1.0	2.560000e+02	4.096000e+04	4.166577e-01	1.784589e-02	2.340000e+00
1.0	3.840000e+02	4.096000e+04	4.166616e-01	1.528034e-02	2.340000e+00
1.0	5.120000e+02	4.096000e+04	4.165661e-01	1.719288e-02	2.340000e+00
1.0	6.400000e+02	4.096000e+04	4.166315e-01	1.724567e-02	2.340000e+00
1.0	7.580000e+02	4.096000e+04	4.189513e-01	1.957951e-02	2.340000e+00
1.0	8.760000e+02	4.096000e+04	4.187496e-01	1.865721e-02	2.340000e+00
1.0	1.024000e+03	4.096000e+04	4.167093e-01	1.702593e-02	2.340000e+00
1.0	1.280000e+03	4.096000e+04	4.166423e-01	1.577629e-02	2.340000e+00
1.0	1.536000e+03	4.096000e+04	4.189298e-01	1.445297e-02	2.340000e+00
1.0	1.280000e+02	4.096000e+04	4.019698e-01	1.590108e-02	2.344000e+00
1.0	2.560000e+02	4.096000e+04	4.020832e-01	1.858829e-02	2.344000e+00
1.0	3.840000e+02	4.096000e+04	4.004792e-01	1.674325e-02	2.344000e+00
1.0	5.120000e+02	4.096000e+04	4.020456e-01	1.804105e-02	2.344000e+00
1.0	6.400000e+02	4.096000e+04	4.021218e-01	1.972284e-02	2.344000e+00
1.0	7.580000e+02	4.096000e+04	3.984104e-01	1.860257e-02	2.344000e+00
1.0	8.760000e+02	4.096000e+04	3.984741e-01	1.816455e-02	2.344000e+00
1.0	1.024000e+03	4.096000e+04	4.020724e-01	1.653527e-02	2.344000e+00
1.0	1.280000e+03	4.096000e+04	4.017880e-01	2.433312e-02	2.344000e+00
1.0	1.536000e+03	4.096000e+04	4.006402e-01	2.471838e-02	2.344000e+00
1.0	1.280000e+02	4.096000e+04	3.962090e-01	1.329561e-02	2.348000e+00
1.0	2.560000e+02	4.096000e+04	3.962302e-01	1.121682e-02	2.348000e+00
1.0	3.840000e+02	4.096000e+04	3.931968e-01	1.231590e-02	2.348000e+00
1.0	5.120000e+02	4.096000e+04	3.961958e-01	8.903070e-03	2.348000e+00
1.0	6.400000e+02	4.096000e+04	3.962717e-01	1.274698e-02	2.348000e+00
1.0	7.580000e+02	4.096000e+04	3.956285e-01	1.450055e-02	2.348000e+00
1.0	8.760000e+02	4.096000e+04	3.915704e-01	1.196796e-02	2.348000e+00
1.0	1.024000e+03	4.096000e+04	3.963192e-01	1.016964e-02	2.348000e+00
1.0	1.280000e+03	4.096000e+04	3.962304e-01	1.368560e-02	2.348000e+00
1.0	1.536000e+03	4.096000e+04	3.894396e-01	7.174225e-03	2.348000e+00
1.0	1.280000e+02	4.096000e+04	3.806920e-01	1.533609e-02	2.352000e+00
1.0	2.560000e+02	4.096000e+04	3.809006e-01	1.775195e-02	2.352000e+00
1.0	3.840000e+02	4.096000e+04	3.777850e-01	1.827673e-02	2.352000e+00
1.0	5.120000e+02	4.096000e+04	3.807127e-01	1.935330e-02	2.352000e+00
1.0	6.400000e+02	4.096000e+04	3.805381e-01	1.664592e-02	2.352000e+00
1.0	7.580000e+02	4.096000e+04	3.751572e-01	1.934989e-02	2.352000e+00
1.0	8.760000e+02	4.096000e+04	3.758287e-01	1.673818e-02	2.352000e+00
1.0	1.024000e+03	4.096000e+04	3.805900e-01	1.875513e-02	2.352000e+00
1.0	1.280000e+03	4.096000e+04	3.805544e-01	1.817988e-02	2.352000e+00
1.0	1.536000e+03	4.096000e+04	3.747960e-01	1.071489e-02	2.352000e+00
1.0	1.280000e+02	4.096000e+04	3.880870e-01	1.489801e-02	2.356000e+00
1.0	2.560000e+02	4.096000e+04	3.881458e-01	1.643015e-02	2.356000e+00
1.0	3.840000e+02	4.096000e+04	3.866171e-01	1.726501e-02	2.356000e+00
1.0	5.120000e+02	4.096000e+04	3.882238e-01	1.868037e-02	2.356000e+00
1.0	6.400000e+02	4.096000e+04	3.881139e-01	1.892503e-02	2.356000e+00
1.0	7.580000e+02	4.096000e+04	3.877354e-01	1.878487e-02	2.356000e+00
1.0	8.760000e+02	4.096000e+04	3.856083e-01	1.532256e-02	2.356000e+00
1.0	1.024000e+03	4.096000e+04	3.881308e-01	1.347103e-02	2.356000e+00
1.0	1.280000e+03	4.096000e+04	3.881833e-01	1.267685e-02	2.356000e+00
1.0	1.536000e+03	4.096000e+04	3.912351e-01	1.279759e-02	2.356000e+00
1.0	1.280000e+02	4.096000e+04	3.458256e-01	1.460609e-02	2.360000e+00
1.0	2.560000e+02	4.096000e+04	3.459184e-01	1.672871e-02	2.360000e+00
1.0	3.840000e+02	4.096000e+04	3.446445e-01	1.748670e-02	2.360000e+00
1.0	5.120000e+02	4.096000e+04	3.457609e-01	1.811261e-02	2.360000e+00
1.0	6.400000e+02	4.096000e+04	3.457224e-01	1.821981e-02	2.360000e+00
1.0	7.580000e+02	4.096000e+04	3.463556e-01	1.997304e-02	2.360000e+00
1.0	8.760000e+02	4.096000e+04	3.495500e-01	2.552602e-02	2.360000e+00
1.0	1.024000e+03	4.096000e+04	3.457343e-01	1.997067e-02	2.360000e+00
1.0	1.280000e+03	4.096000e+04	3.459788e-01	2.061256e-02	2.360000e+00
1.0	1.536000e+03	4.096000e+04	3.529436e-01	2.858480e-02	2.360000e+00
1.0	1.280000e+02	4.096000e+04	3.689023e-01	1.448333e-02	2.364000e+00
1.0	2.560000e+02	4.096000e+04	3.689244e-01	1.592832e-02	2.364000e+00
1.0	3.840000e+02	4.096000e+04	3.733242e-01	1.485640e-02	2.364000e+00
1.0	5.120000e+02	4.096000e+04	3.689067e-01	1.630783e-02	2.364000e+00
1.0	6.400000e+02	4.096000e+04	3.688491e-01	1.456120e-02	2.364000e+00
1.0	7.580000e+02	4.096000e+04	3.720458e-01	1.461334e-02	2.364000e+00
1.0	8.760000e+02	4.096000e+04	3.735065e-01	1.809234e-02	2.364000e+00
1.0	1.024000e+03	4.096000e+04	3.687994e-01	1.476518e-02	2.364000e+00
1.0	1.280000e+03	4.096000e+04	3.689507e-01	1.475456e-02	2.364000e+00
1.0	1.536000e+03	4.096000e+04	3.695600e-01	1.135876e-02	2.364000e+00
1.0	1.280000e+02	4.096000e+04	3.317622e-01	1.387026e-02	2.368000e+00
1.0	2.560000e+02	4.096000e+04	3.318730e-01	1.527813e-02	2.368000e+00
1.0	3.840000e+02	4.096000e+04	3.319301e-01	1.642365e-02	2.368000e+00
1.0	5.120000e+02	4.096000e+04	3.318329e-01	1.663033e-02	2.368000e+00
1.0	6.400000e+02	4.096000e+04	3.318149e-01	1.463135e-02	2.368000e+00
1.0	7.580000e+02	4.096000e+04	3.342810e-01	1.567365e-02	2.368000e+00
1.0	8.760000e+02	4.096000e+04	3.352458e-01	1.624330e-02	2.368000e+00
1.0	1.024000e+03	4.096000e+04	3.317689e-01	1.809202e-02	2.368000e+00
1.0	1.280000e+03	4.096000e+04	3.319276e-01	1.720195e-02	2.368000e+00
1.0	1.536000e+03	4.096000e+04	3.372674e-01	2.130494e-02	2.368000e+00
1.0	1.280000e+02	4.096000e+04	3.343127e-01	1.473144e-02	2.372000e+00
1.0	2.560000e+02	4.096000e+04	3.341546e-01	1.663365e-02	2.372000e+00
1.0	3.840000e+02	4.096000e+04	3.328300e-01	1.819066e-02	2.372000e+00
1.0	5.120000e+02	4.096000e+04	3.343072e-01	1.750791e-02	2.372000e+00
1.0	6.400000e+02	4.096000e+04	3.342355e-01	2.032438e-02	2.372000e+00
1.0	7.580000e+02	4.096000e+04	3.342146e-01	1.919882e-02	2.372000e+00
1.0	8.760000e+02	4.096000e+04	3.377977e-01	1.553767e-02	2.372000e+00
1.0	1.024000e+03	4.096000e+04	3.342126e-01	1.622516e-02	2.372000e+00
1.0	1.280000e+03	4.096000e+04	3.342858e-01	1.814239e-02	2.372000e+00
1.0	1.536000e+03	4.096000e+04	3.417919e-01	1.237519e-02	2.372000e+00
1.0	1.280000e+02	4.096000e+04	3.515441e-01	1.438854e-02	2.376000e+00
1.0	2.560000e+02	4.096000e+04	3.514782e-01	1.562720e-02	2.376000e+00
1.0	3.840000e+02	4.096000e+04	3.505507e-01	1.732082e-02	2.376000e+00
1.0	5.120000e+02	4.096000e+04	3.515186e-01	1.634332e-02	2.376000e+00
1.0	6.400000e+02	4.096000e+04	3.516290e-01	1.761041e-02	2.376000e+00
1.0	7.580000e+02	4.096000e+04	3.527629e-01	1.724363e-02	2.376000e+00
1.0	8.760000e+02	4.096000e+04	3.564871e-01	1.700340e-02	2.376000e+00
1.0	1.024000e+03	4.096000e+04	3.514690e-01	1.446863e-02	2.376000e+00
1.0	1.280000e+03	4.096000e+04	3.516277e-01	1.831510e-02	2.376000e+00
1.0	1.536000e+03	4.096000e+04	3.494336e-01	2.119468e-02	2.376000e+00
1.0	1.280000e+02	4.096000e+04	3.488913e-01	1.315665e-02	2.380000e+00
1.0	2.560000e+02	4.096000e+04	3.488229e-01	1.396077e-02	2.380000e+00
1.0	3.840000e+02	4.096000e+04	3.497302e-01	1.542245e-02	2.380000e+00
1.0	5.120000e+02	4.096000e+04	3.488004e-01	1.477510e-02	2.380000e+00
1.0	6.400000e+02	4.096000e+04	3.488034e-01	1.552596e-02	2.380000e+00
1.0	7.580000e+02	4.096000e+04	3.461710e-01	1.162431e-02	2.380000e+00
1.0	8.760000e+02	4.096000e+04	3.473784e-01	1.127797e-02	2.380000e+00
1.0	1.024000e+03	4.096000e+04	3.488757e-01	1.156241e-02	2.380000e+00
1.0	1.280000e+03	4.096000e+04	3.488477e-01	1.710809e-02	2.380000e+00
1.0	1.536000e+03	4.096000e+04	3.499506e-01	1.477430e-02	2.380000e+00
1.0	1.280000e+02	4.096000e+04	3.078088e-01	1.311635e-02	2.384000e+00
1.0	2.560000e+02	4.096000e+04	3.078121e-01	1.455376e-02	2.384000e+00
1.0	3.840000e+02	4.096000e+04	3.095113e-01	1.484654e-02	2.384000e+00
1.0	5.120000e+02	4.096000e+04	3.078382e-01	1.613577e-02	2.384000e+00
1.0	6.400000e+02	4.096000e+04	3.079116e-01	1.478485e-02	2.384000e+00
1.0	7.580000e+02	4.096000e+04	3.095624e-01	1.516882e-02	2.384000e+00
1.0	8.760000e+02	4.096000e+04	3.112402e-01	1.495741e-02	2.384000e+00
1.0	1.024000e+03	4.096000e+04	3.078616e-01	1.499939e-02	2.384000e+00
1.0	1.280000e+03	4.096000e+04	3.078613e-01	1.279470e-02	2.384000e+00
1.0	1.536000e+03	4.096000e+04	3.059239e-01	1.147813e-02	2.384000e+00
1.0	1.280000e+02	4.096000e+04	2.722921e-01	1.191520e-02	2.388000e+00
1.0	2.560000e+02	4.096000e+04	2.721540e-01	1.199073e-02	2.388000e+00
1.0	3.840000e+02	4.096000e+04	2.736104e-01	1.298987e-02	2.388000e+00
1.0	5.120000e+02	4.096000e+04	2.721798e-01	1.276886e-02	2.388000e+00
1.0	6.400000e+02	4.096000e+04	2.721603e-01	1.445851e-02	2.388000e+00
1.0	7.580000e+02	4.096000e+04	2.711028e-01	1.370285e-02	2.388000e+00
1.0	8.760000e+02	4.096000e+04	2.719612e-01	1.596836e-02	2.388000e+00
1.0	1.024000e+03	4.096000e+04	2.721864e-01	1.448339e-02	2.388000e+00
1.0	1.280000e+03	4.096000e+04	2.721514e-01	1.427475e-02	2.388000e+00
1.0	1.536000e+03	4.096000e+04	2.692682e-01	1.622478e-02	2.388000e+00
1.0	1.280000e+02	4.096000e+04	3.003682e-01	1.160651e-02	2.392000e+00
1.0	2.560000e+02	4.096000e+04	3.004990e-01	1.292994e-02	2.392000e+00
1.0	3.840000e+02	4.096000e+04	3.005543e-01	1.258557e-02	2.392000e+00
1.0	5.120000e+02	4.096000e+04	3.003216e-01	1.157398e-02	2.392000e+00
1.0	6.400000e+02	4.096000e+04	3.003495e-01	1.067479e-02	2.392000e+00
1.0	7.580000e+02	4.096000e+04	2.977300e-01	1.389403e-02	2.392000e+00
1.0	8.760000e+02	4.096000e+04	2.974134e-01	1.142146e-02	2.392000e+00
1.0	1.024000e+03	4.096000e+04	3.004467e-01	8.896266e-03	2.392000e+00
1.0	1.280000e+03	4.096000e+04	3.003829e-01	8.189267e-03	2.392000e+00
1.0	1.536000e+03	4.096000e+04	2.980373e-01	7.812278e-03	2.392000e+00
1.0	1.280000e+02	4.096000e+04	2.785382e-01	1.310336e-02	2.396000e+00
1.0	2.560000e+02	4.096000e+04	2.785228e-01	1.389211e-02	2.396000e+00
1.0	3.840000e+02	4.096000e+04	2.790680e-01	1.496551e-02	2.396000e+00
1.0	5.120000e+02	4.096000e+04	2.786246e-01	1.407339e-02	2.396000e+00
1.0	6.400000e+02	4.096000e+04	2.784726e-01	1.147808e-02	2.396000e+00
1.0	7.580000e+02	4.096000e+04	2.792813e-01	1.326241e-02	2.396000e+00
1.0	8.760000e+02	4.096000e+04	2.791100e-01	9.660508e-03	2.396000e+00
1.0	1.024000e+03	4.096000e+04	2.786931e-01	1.403450e-02	2.396000e+00
1.0	1.280000e+03	4.096000e+04	2.785243e-01	1.185410e-02	2.396000e+00
1.0	1.536000e+03	4.096000e+04	2.827800e-01	1.837816e-02	2.396000e+00
1.0	1.280000e+02	4.096000e+04	2.901833e-01	1.205847e-02	2.400000e+00
1.0	2.560000e+02	4.096000e+04	2.902073e-01	1.171194e-02	2.400000e+00
1.0	3.840000e+02	4.096000e+04	2.879352e-01	1.375185e-02	2.400000e+00
1.0	5.120000e+02	4.096000e+04	2.901806e-01	1.439551e-02	2.400000e+00
1.0	6.400000e+02	4.096000e+04	2.901861e-01	1.238812e-02	2.400000e+00
1.0	7.580000e+02	4.096000e+04	2.878843e-01	1.392253e-02	2.400000e+00
1.0	8.760000e+02	4.096000e+04	2.845852e-01	1.054720e-02	2.400000e+00
1.0	1.024000e+03	4.096000e+04	2.902400e-01	1.073646e-02	2.400000e+00
1.0	1.280000e+03	4.096000e+04	2.901797e-01	8.585637e-03	2.400000e+00
1.0	1.536000e+03	4.096000e+04	2.898572e-01	1.152191e-02	2.400000e+00
1.0	1.280000e+02	4.096000e+04	2.568093e-01	1.117199e-02	2.416000e+00
1.0	2.560000e+02	4.096000e+04	2.568423e-01	1.235697e-02	2.416000e+00
1.0	3.840000e+02	4.096000e+04	2.572640e-01	1.046397e-02	2.416000e+00
1.0	5.120000e+02	4.096000e+04	2.568595e-01	1.291053e-02	2.416000e+00
1.0	6.400000e+02	4.096000e+04	2.568760e-01	1.234032e-02	2.416000e+00
1.0	7.580000e+02	4.096000e+04	2.578984e-01	1.163275e-02	2.416000e+00
1.0	8.760000e+02	4.096000e+04	2.607568e-01	1.178734e-02	2.416000e+00
1.0	1.024000e+03	4.096000e+04	2.569020e-01	1.209259e-02	2.416000e+00
1.0	1.280000e+03	4.096000e+04	2.567828e-01	1.488630e-02	2.416000e+00
1.0	1.536000e+03	4.096000e+04	2.626911e-01	1.132716e-02	2.416000e+00
1.0	1.280000e+02	4.096000e+04	2.332014e-01	1.074650e-02	2.432000e+00
1.0	2.560000e+02	4.096000e+04	2.332281e-01	9.812554e-03	2.432000e+00
1.0	3.840000e+02	4.096000e+04	2.318280e-01	1.069824e-02	2.432000e+00
1.0	5.120000e+02	4.096000e+04	2.332245e-01	8.679300e-03	2.432000e+00
1.0	6.400000e+02	4.096000e+04	2.332437e-01	9.364591e-03	2.432000e+00
1.0	7.580000e+02	4.096000e+04	2.313187e-01	8.657243e-03	2.432000e+00
1.0	8.760000e+02	4.096000e+04	2.307401e-01	7.302900e-03	2.432000e+00
1.0	1.024000e+03	4.096000e+04	2.331576e-01	8.061616e-03	2.432000e+00
1.0	1.280000e+03	4.096000e+04	2.331993e-01	8.348564e-03	2.432000e+00
1.0	1.536000e+03	4.096000e+04	2.313271e-01	8.644681e-03	2.432000e+00
1.0	1.280000e+02	4.096000e+04	2.207602e-01	7.237851e-03	2.448000e+00
1.0	2.560000e+02	4.096000e+04	2.207966e-01	7.978211e-03	2.448000e+00
1.0	3.840000e+02	4.096000e+04	2.220146e-01	7.143332e-03	2.448000e+00
1.0	5.120000e+02	4.096000e+04	2.207952e-01	7.450094e-03	2.448000e+00
1.0	6.400000e+02	4.096000e+04	2.207770e-01	6.949088e-03	2.448000e+00
1.0	7.580000e+02	4.096000e+04	2.230816e-01	8.085518e-03	2.448000e+00
1.0	8.760000e+02	4.096000e+04	2.237039e-01	8.193266e-03	2.448000e+00
1.0	1.024000e+03	4.096000e+04	2.208398e-01	7.023902e-03	2.448000e+00
1.0	1.280000e+03	4.096000e+04	2.207898e-01	6.241522e-03	2.448000e+00
1.0	1.536000e+03	4.096000e+04	2.244660e-01	6.225499e-03	2.448000e+00
1.0	1.280000e+02	4.096000e+04	2.083343e-01	7.262178e-03	2.464000e+00
1.0	2.560000e+02	4.096000e+04	2.083461e-01	6.825063e-03	2.464000e+00
1.0	3.840000e+02	4.096000e+04	2.093103e-01	6.740183e-03	2.464000e+00
1.0	5.120000e+02	4.096000e+04	2.083009e-01	6.857739e-03	2.464000e+00
1.0	6.400000e+02	4.096000e+04	2.083280e-01	6.483479e-03	2.464000e+00
1.0	7.580000e+02	4.096000e+04	2.098346e-01	6.775604e-03	2.464000e+00
1.0	8.760000e+02	4.096000e+04	2.091715e-01	7.266682e-03	2.464000e+00
1.0	1.024000e+03	4.096000e+04	2.083631e-01	7.499291e-03	2.464000e+00
1.0	1.280000e+03	4.096000e+04	2.083587e-01	7.803926e-03	2.464000e+00
1.0	1.536000e+03	4.096000e+04	2.098892e-01	5.732434e-03	2.464000e+00
1.0	1.280000e+02	4.096000e+04	1.964138e-01	6.527207e-03	2.480000e+00
1.0	2.560000e+02	4.096000e+04	1.963958e-01	5.739015e-03	2.480000e+00
1.0	3.840000e+02	4.096000e+04	1.953557e-01	5.969050e-03	2.480000e+00
1.0	5.120000e+02	4.096000e+04	1.963742e-01	5.520233e-03	2.480000e+00
1.0	6.400000e+02	4.096000e+04	1.964642e-01	5.764884e-03	2.480000e+00
1.0	7.580000e+02	4.096000e+04	1.961110e-01	4.468703e-03	2.480000e+00
1.0	8.760000e+02	4.096000e+04	1.971068e-01	5.788055e-03	2.480000e+00
1.0	1.024000e+03	4.096000e+04	1.964414e-01	5.251460e-03	2.480000e+00
1.0	1.280000e+03	4.096000e+04	1.964085e-01	5.247672e-03	2.480000e+00
1.0	1.536000e+03	4.096000e+04	1.987882e-01	6.134710e-03	2.480000e+00
1.0	1.280000e+02	4.096000e+04	1.742209e-01	5.498086e-03	2.496000e+00
1.0	2.560000e+02	4.096000e+04	1.742195e-01	5.730583e-03	2.496000e+00
1.0	3.840000e+02	4.096000e+04	1.755185e-01	5.219016e-03	2.496000e+00
1.0	5.120000e+02	4.096000e+04	1.742142e-01	5.885846e-03	2.496000e+00
1.0	6.400000e+02	4.096000e+04	1.742387e-01	5.854159e-03	2.496000e+00
1.0	7.580000e+02	4.096000e+04	1.762962e-01	5.500245e-03	2.496000e+00
1.0	8.760000e+02	4.096000e+04	1.767706e-01	4.957585e-03	2.496000e+00
1.0	1.024000e+03	4.096000e+04	1.742341e-01	6.286582e-03	2.496000e+00
1.0	1.280000e+03	4.096000e+04	1.742016e-01	6.007401e-03	2.496000e+00
1.0	1.536000e+03	4.096000e+04	1.780279e-01	5.289102e-03	2.496000e+00
1.0	1.280000e+02	4.096000e+04	1.764788e-01	4.608898e-03	2.512000e+00
1.0	2.560000e+02	4.096000e+04	1.765006e-01	4.774413e-03	2.512000e+00
1.0	3.840000e+02	4.096000e+04	1.758657e-01	4.384826e-03	2.512000e+00
1.0	5.120000e+02	4.096000e+04	1.765081e-01	4.353337e-03	2.512000e+00
1.0	6.400000e+02	4.096000e+04	1.765151e-01	4.089908e-03	2.512000e+00
1.0	7.580000e+02	4.096000e+04	1.751063e-01	4.188644e-03	2.512000e+00
1.0	8.760000e+02	4.096000e+04	1.756138e-01	4.678246e-03	2.512000e+00
1.0	1.024000e+03	4.096000e+04	1.764985e-01	3.983383e-03	2.512000e+00
1.0	1.280000e+03	4.096000e+04	1.764813e-01	3.292405e-03	2.512000e+00
1.0	1.536000e+03	4.096000e+04	1.742701e-01	2.583304e-03	2.512000e+00
1.0	1.280000e+02	4.096000e+04	1.737081e-01	5.158518e-03	2.528000e+00
1.0	2.560000e+02	4.096000e+04	1.737332e-01	4.308567e-03	2.528000e+00
1.0	3.840000e+02	4.096000e+04	1.742041e-01	5.018118e-03	2.528000e+00
1.0	5.120000e+02	4.096000e+04	1.737306e-01	5.027998e-03	2.528000e+00
1.0	6.400000e+02	4.096000e+04	1.737272e-01	3.608719e-03	2.528000e+00
1.0	7.580000e+02	4.096000e+04	1.739736e-01	5.569461e-03	2.528000e+00
1.0	8.760000e+02	4.096000e+04	1.737410e-01	3.443827e-03	2.528000e+00
1.0	1.024000e+03	4.096000e+04	1.737183e-01	3.461390e-03	2.528000e+00
1.0	1.280000e+03	4.096000e+04	1.737089e-01	3.529483e-03	2.528000e+00
1.0	1.536000e+03	4.096000e+04	1.743790e-01	4.640839e-03	2.528000e+00
1.0	1.280000e+02	4.096000e+04	1.545892e-01	4.460213e-03	2.544000e+00
1.0	2.560000e+02	4.096000e+04	1.546044e-01	4.871743e-03	2.544000e+00
1.0	3.840000e+02	4.096000e+04	1.536447e-01	4.956525e-03	2.544000e+00
1.0	5.120000e+02	4.096000e+04	1.545878e-01	4.303598e-03	2.544000e+00
1.0	6.400000e+02	4.096000e+04	1.545532e-01	4.590602e-03	2.544000e+00
1.0	7.580000e+02	4.096000e+04	1.536206e-01	3.773046e-03	2.544000e+00
1.0	8.760000e+02	4.096000e+04	1.541512e-01	4.331693e-03	2.544000e+00
1.0	1.024000e+03	4.096000e+04	1.545849e-01	3.316967e-03	2.544000e+00
1.0	1.280000e+03	4.096000e+04	1.545900e-01	3.097769e-03	2.544000e+00
1.0	1.536000e+03	4.096000e+04	1.547479e-01	2.254952e-03	2.544000e+00
1.0	1.280000e+02	4.096000e+04	1.505391e-01	4.364919e-03	2.560000e+00
1.0	2.560000e+02	4.096000e+04	1.504785e-01	4.836868e-03	2.560000e+00
1.0	3.840000e+02	4.096000e+04	1.515758e-01	4.608115e-03	2.560000e+00
1.0	5.120000e+02	4.096000e+04	1.504613e-01	5.227200e-03	2.560000e+00
1.0	6.400000e+02	4.096000e+04	1.505070e-01	5.218575e-03	2.560000e+00
1.0	7.580000e+02	4.096000e+04	1.517107e-01	5.301315e-03	2.560000e+00
1.0	8.760000e+02	4.096000e+04	1.525716e-01	5.456492e-03	2.560000e+00
1.0	1.024000e+03	4.096000e+04	1.505108e-01	6.290961e-03	2.560000e+00
1.0	1.280000e+03	4.096000e+04	1.504711e-01	5.369959e-03	2.560000e+00
1.0	1.536000e+03	4.096000e+04	1.536958e-01	5.496794e-03	2.560000e+00
1.0	1.280000e+02	4.096000e+04	1.420590e-01	3.615414e-03	2.576000e+00
1.0	2.560000e+02	4.096000e+04	1.420690e-01	3.726149e-03	2.576000e+00
1.0	3.840000e+02	4.096000e+04	1.412131e-01	3.851038e-03	2.576000e+00
1.0	5.120000e+02	4.096000e+04	1.420662e-01	3.107020e-03	2.576000e+00
1.0	6.400000e+02	4.096000e+04	1.420518e-01	3.450514e-03	2.576000e+00
1.0	7.580000e+02	4.096000e+04	1.419294e-01	3.216823e-03	2.576000e+00
1.0	8.760000e+02	4.096000e+04	1.413679e-01	3.014519e-03	2.576000e+00
1.0	1.024000e+03	4.096000e+04	1.420538e-01	3.025376e-03	2.576000e+00
1.0	1.280000e+03	4.096000e+04	1.420466e-01	3.478478e-03	2.576000e+00
1.0	1.536000e+03	4.096000e+04	1.420254e-01	3.299787e-03	2.576000e+00
1.0	1.280000e+02	4.096000e+04	1.455405e-01	4.013077e-03	2.592000e+00
1.0	2.560000e+02	4.096000e+04	1.455103e-01	3.692533e-03	2.592000e+00
1.0	3.840000e+02	4.096000e+04	1.453377e-01	3.895633e-03	2.592000e+00
1.0	5.120000e+02	4.096000e+04	1.455290e-01	3.608953e-03	2.592000e+00
1.0	6.400000e+02	4.096000e+04	1.455138e-01	3.639956e-03	2.592000e+00
1.0	7.580000e+02	4.096000e+04	1.457025e-01	3.548390e-03	2.592000e+00
1.0	8.760000e+02	4.096000e+04	1.464497e-01	3.591912e-03	2.592000e+00
1.0	1.024000e+03	4.096000e+04	1.454983e-01	3.932326e-03	2.592000e+00
1.0	1.280000e+03	4.096000e+04	1.455121e-01	3.224380e-03	2.592000e+00
1.0	1.536000e+03	4.096000e+04	1.475613e-01	3.068392e-03	2.592000e+00
1.0	1.280000e+02	4.096000e+04	1.300248e-01	3.197935e-03	2.608000e+00
1.0	2.560000e+02	4.096000e+04	1.299989e-01	3.007854e-03	2.608000e+00
1.0	3.840000e+02	4.096000e+04	1.301517e-01	2.419789e-03	2.608000e+00
1.0	5.120000e+02	4.096000e+04	1.300097e-01	2.924026e-03	2.608000e+00
1.0	6.400000e+02	4.096000e+04	1.300091e-01	2.521126e-03	2.608000e+00
1.0	7.580000e+02	4.096000e+04	1.294142e-01	2.352288e-03	2.608000e+00
1.0	8.760000e+02	4.096000e+04	1.298362e-01	2.949174e-03	2.608000e+00
1.0	1.024000e+03	4.096000e+04	1.300178e-01	2.211082e-03	2.608000e+00
1.0	1.280000e+03	4.096000e+04	1.300228e-01	1.287821e-03	2.608000e+00
1.0	1.536000e+03	4.096000e+04	1.301662e-01	2.691652e-03	2.608000e+00
1.0	1.280000e+02	4.096000e+04	1.238859e-01	2.683672e-03	2.624000e+00
1.0	2.560000e+02	4.096000e+04	1.239036e-01	2.435749e-03	2.624000e+00
1.0	3.840000e+02	4.096000e+04	1.241280e-01	2.257025e-03	2.624000e+00
1.0	5.120000e+02	4.096000e+04	1.238962e-01	2.553529e-03	2.624000e+00
1.0	6.400000e+02	4.096000e+04	1.239008e-01	2.041177e-03	2.624000e+00
1.0	7.580000e+02	4.096000e+04	1.239943e-01	3.072824e-03	2.624000e+00
1.0	8.760000e+02	4.096000e+04	1.234503e-01	2.616449e-03	2.624000e+00
1.0	1.024000e+03	4.096000e+04	1.238877e-01	2.426074e-03	2.624000e+00
1.0	1.280000e+03	4.096000e+04	1.238908e-01	2.296079e-03	2.624000e+00
1.0	1.536000e+03	4.096000e+04	1.231498e-01	3.118309e-03	2.624000e+00
1.0	1.280000e+02	4.096000e+04	1.234965e-01	2.762093e-03	2.640000e+00
1.0	2.560000e+02	4.096000e+04	1.234645e-01	2.736488e-03	2.640000e+00
1.0	3.840000e+02	4.096000e+04	1.230839e-01	2.603798e-03	2.640000e+00
1.0	5.120000e+02	4.096000e+04	1.234747e-01	2.510474e-03	2.640000e+00
1.0	6.400000e+02	4.096000e+04	1.234748e-01	2.680347e-03	2.640000e+00
1.0	7.580000e+02	4.096000e+04	1.235285e-01	2.491082e-03	2.640000e+00
1.0	8.760000e+02	4.096000e+04	1.242624e-01	2.042515e-03	2.640000e+00
1.0	1.024000e+03	4.096000e+04	1.234709e-01	2.331877e-03	2.640000e+00
1.0	1.280000e+03	4.096000e+04	1.234879e-01	2.896420e-03	2.640000e+00
1.0	1.536000e+03	4.096000e+04	1.246854e-01	1.882996e-03	2.640000e+00
1.0	1.280000e+02	4.096000e+04	1.177433e-01	2.392782e-03	2.656000e+00
1.0	2.560000e+02	4.096000e+04	1.177835e-01	2.409490e-03	2.656000e+00
1.0	3.840000e+02	4.096000e+04	1.174375e-01	2.315547e-03	2.656000e+00
1.0	5.120000e+02	4.096000e+04	1.177590e-01	2.143566e-03	2.656000e+00
1.0	6.400000e+02	4.096000e+04	1.177741e-01	2.438333e-03	2.656000e+00
1.0	7.580000e+02	4.096000e+04	1.173652e-01	1.993198e-03	2.656000e+00
1.0	8.760000e+02	4.096000e+04	1.177876e-01	2.119337e-03	2.656000e+00
1.0	1.024000e+03	4.096000e+04	1.177818e-01	2.160119e-03	2.656000e+00
1.0	1.280000e+03	4.096000e+04	1.177758e-01	1.411952e-03	2.656000e+00
1.0	1.536000e+03	4.096000e+04	1.176342e-01	2.718636e-03	2.656000e+00
1.0	1.280000e+02	4.096000e+04	1.177451e-01	2.592009e-03	2.672000e+00
1.0	2.560000e+02	4.096000e+04	1.177479e-01	2.680478e-03	2.672000e+00
1.0	3.840000e+02	4.096000e+04	1.167492e-01	1.966558e-03	2.672000e+00
1.0	5.120000e+02	4.096000e+04	1.177293e-01	2.008658e-03	2.672000e+00
1.0	6.400000e+02	4.096000e+04	1.177507e-01	2.756283e-03	2.672000e+00
1.0	7.580000e+02	4.096000e+04	1.169284e-01	2.250107e-03	2.672000e+00
1.0	8.760000e+02	4.096000e+04	1.170058e-01	1.546036e-03	2.672000e+00
1.0	1.024000e+03	4.096000e+04	1.177162e-01	1.722547e-03	2.672000e+00
1.0	1.280000e+03	4.096000e+04	1.177233e-01	2.144614e-03	2.672000e+00
1.0	1.536000e+03	4.096000e+04	1.174893e-01	1.325686e-03	2.672000e+00
1.0	1.280000e+02	4.096000e+04	1.119660e-01	2.034631e-03	2.688000e+00
1.0	2.560000e+02	4.096000e+04	1.119517e-01	2.417153e-03	2.688000e+00
1.0	3.840000e+02	4.096000e+04	1.117159e-01	2.230975e-03	2.688000e+00
1.0	5.120000e+02	4.096000e+04	1.119500e-01	2.067358e-03	2.688000e+00
1.0	6.400000e+02	4.096000e+04	1.119551e-01	2.269958e-03	2.688000e+00
1.0	7.580000e+02	4.096000e+04	1.117588e-01	2.232714e-03	2.688000e+00
1.0	8.760000e+02	4.096000e+04	1.115322e-01	2.473348e-03	2.688000e+00
1.0	1.024000e+03	4.096000e+04	1.119431e-01	2.042881e-03	2.688000e+00
1.0	1.280000e+03	4.096000e+04	1.119375e-01	2.315911e-03	2.688000e+00
1.0	1.536000e+03	4.096000e+04	1.108665e-01	2.236008e-03	2.688000e+00
1.0	1.280000e+02	4.096000e+04	1.060249e-01	2.193067e-03	2.704000e+00
1.0	2.560000e+02	4.096000e+04	1.060586e-01	2.379122e-03	2.704000e+00
1.0	3.840000e+02	4.096000e+04	1.065803e-01	2.107299e-03	2.704000e+00
1.0	5.120000e+02	4.096000e+04	1.060156e-01	2.360552e-03	2.704000e+00
1.0	6.400000e+02	4.096000e+04	1.060303e-01	1.783079e-03	2.704000e+00
1.0	7.580000e+02	4.096000e+04	1.063411e-01	2.178764e-03	2.704000e+00
1.0	8.760000e+02	4.096000e+04	1.067884e-01	2.328056e-03	2.704000e+00
1.0	1.024000e+03	4.096000e+04	1.060163e-01	1.840757e-03	2.704000e+00
1.0	1.280000e+03	4.096000e+04	1.060356e-01	1.968445e-03	2.704000e+00
1.0	1.536000e+03	4.096000e+04	1.068958e-01	1.307542e-03	2.704000e+00
1.0	1.280000e+02	4.096000e+04	1.043582e-01	2.354098e-03	2.720000e+00
1.0	2.560000e+02	4.096000e+04	1.043556e-01	2.361650e-03	2.720000e+00
1.0	3.840000e+02	4.096000e+04	1.048068e-01	2.520982e-03	2.720000e+00
1.0	5.120000e+02	4.096000e+04	1.043553e-01	2.511631e-03	2.720000e+00
1.0	6.400000e+02	4.096000e+04	1.043377e-01	2.929264e-03	2.720000e+00
1.0	7.580000e+02	4.096000e+04	1.049814e-01	2.529461e-03	2.720000e+00
1.0	8.760000e+02	4.096000e+04	1.046631e-01	2.930405e-03	2.720000e+00
1.0	1.024000e+03	4.096000e+04	1.043354e-01	2.181072e-03	2.720000e+00
1.0	1.280000e+03	4.096000e+04	1.043280e-01	3.363233e-03	2.720000e+00
1.0	1.536000e+03	4.096000e+04	1.056481e-01	1.875001e-03	2.720000e+00
1.0	1.280000e+02	4.096000e+04	1.009482e-01	2.053038e-03	2.736000e+00
1.0	2.560000e+02	4.096000e+04	1.009557e-01	2.163081e-03	2.736000e+00
1.0	3.840000e+02	4.096000e+04	1.008465e-01	2.283213e-03	2.736000e+00
1.0	5.120000e+02	4.096000e+04	1.009472e-01	2.037111e-03	2.736000e+00
1.0	6.400000e+02	4.096000e+04	1.009525e-01	1.887406e-03	2.736000e+00
1.0	7.580000e+02	4.096000e+04	1.009660e-01	2.303879e-03	2.736000e+00
1.0	8.760000e+02	4.096000e+04	1.013240e-01	1.980122e-03	2.736000e+00
1.0	1.024000e+03	4.096000e+04	1.009392e-01	1.958308e-03	2.736000e+00
1.0	1.280000e+03	4.096000e+04	1.009398e-01	2.189518e-03	2.736000e+00
1.0	1.536000e+03	4.096000e+04	1.016976e-01	1.453194e-03	2.736000e+00
1.0	1.280000e+02	4.096000e+04	9.733774e-02	1.694634e-03	2.752000e+00
1.0	2.560000e+02	4.096000e+04	9.733871e-02	1.896900e-03	2.752000e+00
1.0	3.840000e+02	4.096000e+04	9.760657e-02	1.968672e-03	2.752000e+00
1.0	5.120000e+02	4.096000e+04	9.733421e-02	1.642834e-03	2.752000e+00
1.0	6.400000e+02	4.096000e+04	9.733088e-02	1.390732e-03	2.752000e+00
1.0	7.580000e+02	4.096000e+04	9.793169e-02	1.413876e-03	2.752000e+00
1.0	8.760000e+02	4.096000e+04	9.824655e-02	1.649334e-03	2.752000e+00
1.0	1.024000e+03	4.096000e+04	9.734928e-02	1.199505e-03	2.752000e+00
1.0	1.280000e+03	4.096000e+04	9.733472e-02	1.013399e-03	2.752000e+00
1.0	1.536000e+03	4.096000e+04	9.771778e-02	7.532298e-04	2.752000e+00
1.0	1.280000e+02	4.096000e+04	9.537362e-02	1.685500e-03	2.792000e+00
1.0	2.560000e+02	4.096000e+04	9.538429e-02	1.821969e-03	2.792000e+00
1.0	3.840000e+02	4.096000e+04	9.533820e-02	1.641218e-03	2.792000e+00
1.0	5.120000e+02	4.096000e+04	9.539447e-02	1.755824e-03	2.792000e+00
1.0	6.400000e+02	4.096000e+04	9.539325e-02	1.376942e-03	2.792000e+00
1.0	7.580000e+02	4.096000e+04	9.510933e-02	1.369776e-03	2.792000e+00
1.0	8.760000e+02	4.096000e+04	9.493074e-02	1.501718e-03	2.792000e+00
1.0	1.024000e+03	4.096000e+04	9.539005e-02	1.969260e-03	2.792000e+00
1.0	1.280000e+03	4.096000e+04	9.538789e-02	1.047315e-03	2.792000e+00
1.0	1.536000e+03	4.096000e+04	9.475681e-02	7.162755e-04	2.792000e+00
1.0	1.280000e+02	4.096000e+04	8.922672e-02	1.447941e-03	2.856000e+00
1.0	2.560000e+02	4.096000e+04	8.921947e-02	1.375025e-03	2.856000e+00
1.0	3.840000e+02	4.096000e+04	8.905085e-02	1.439628e-03	2.856000e+00
1.0	5.120000e+02	4.096000e+04	8.920987e-02	1.574797e-03	2.856000e+00
1.0	6.400000e+02	4.096000e+04	8.921582e-02	1.579593e-03	2.856000e+00
1.0	7.580000e+02	4.096000e+04	8.918074e-02	1.488316e-03	2.856000e+00
1.0	8.760000e+02	4.096000e+04	8.903698e-02	2.185256e-03	2.856000e+00
1.0	1.024000e+03	4.096000e+04	8.923960e-02	1.943434e-03	2.856000e+00
1.0	1.280000e+03	4.096000e+04	8.921939e-02	1.481097e-03	2.856000e+00
1.0	1.536000e+03	4.096000e+04	8.959566e-02	1.540355e-03	2.856000e+00
1.0	1.280000e+02	4.096000e+04	8.392822e-02	1.196744e-03	2.920000e+00
1.0	2.560000e+02	4.096000e+04	8.393556e-02	1.345181e-03	2.920000e+00
1.0	3.840000e+02	4.096000e+04	8.432941e-02	1.272267e-03	2.920000e+00
1.0	5.120000e+02	4.096000e+04	8.393984e-02	1.180629e-03	2.920000e+00
1.0	6.400000e+02	4.096000e+04	8.393180e-02	1.237768e-03	2.920000e+00
1.0	7.580000e+02	4.096000e+04	8.435774e-02	1.097114e-03	2.920000e+00
1.0	8.760000e+02	4.096000e+04	8.434616e-02	1.405170e-03	2.920000e+00
1.0	1.024000e+03	4.096000e+04	8.393842e-02	9.674105e-04	2.920000e+00
1.0	1.280000e+03	4.096000e+04	8.393033e-02	1.403794e-03	2.920000e+00
1.0	1.536000e+03	4.096000e+04	8.425181e-02	9.777837e-04	2.920000e+00
1.0	1.280000e+02	4.096000e+04	7.609989e-02	1.015447e-03	2.984000e+00
1.0	2.560000e+02	4.096000e+04	7.610623e-02	9.320917e-04	2.984000e+00
1.0	3.840000e+02	4.096000e+04	7.606179e-02	9.953788e-04	2.984000e+00
1.0	5.120000e+02	4.096000e+04	7.610240e-02	9.484147e-04	2.984000e+00
1.0	6.400000e+02	4.096000e+04	7.610077e-02	9.073303e-04	2.984000e+00
1.0	7.580000e+02	4.096000e+04	7.604727e-02	9.833746e-04	2.984000e+00
1.0	8.760000e+02	4.096000e+04	7.585549e-02	1.171182e-03	2.984000e+00
1.0	1.024000e+03	4.096000e+04	7.610170e-02	8.390217e-04	2.984000e+00
1.0	1.280000e+03	4.096000e+04	7.609985e-02	9.998388e-04	2.984000e+00
1.0	1.536000e+03	4.096000e+04	7.617335e-02	1.071197e-03	2.984000e+00
1.0	1.280000e+02	4.096000e+04	7.067576e-02	8.708900e-04	3.048000e+00
1.0	2.560000e+02	4.096000e+04	7.066789e-02	7.875565e-04	3.048000e+00
1.0	3.840000e+02	4.096000e+04	7.051388e-02	8.000987e-04	3.048000e+00
1.0	5.120000e+02	4.096000e+04	7.066647e-02	8.238104e-04	3.048000e+00
1.0	6.400000e+02	4.096000e+04	7.066792e-02	8.923782e-04	3.048000e+00
1.0	7.580000e+02	4.096000e+04	7.041423e-02	7.222330e-04	3.048000e+00
1.0	8.760000e+02	4.096000e+04	7.036386e-02	8.619677e-04	3.048000e+00
1.0	1.024000e+03	4.096000e+04	7.066851e-02	8.934925e-04	3.048000e+00
1.0	1.280000e+03	4.096000e+04	7.067202e-02	8.482983e-04	3.048000e+00
1.0	1.536000e+03	4.096000e+04	7.015700e-02	4.911646e-04	3.048000e+00
1.0	1.280000e+02	4.096000e+04	7.049978e-02	8.233191e-04	3.112000e+00
1.0	2.560000e+02	4.096000e+04	7.050365e-02	8.181204e-04	3.112000e+00
1.0	3.840000e+02	4.096000e+04	7.062034e-02	7.266313e-04	3.112000e+00
1.0	5.120000e+02	4.096000e+04	7.050027e-02	6.711637e-04	3.112000e+00
1.0	6.400000e+02	4.096000e+04	7.049932e-02	7.262498e-04	3.112000e+00
1.0	7.580000e+02	4.096000e+04	7.058009e-02	7.907461e-04	3.112000e+00
1.0	8.760000e+02	4.096000e+04	7.061840e-02	7.317701e-04	3.112000e+00
1.0	1.024000e+03	4.096000e+04	7.049797e-02	4.482706e-04	3.112000e+00
1.0	1.280000e+03	4.096000e+04	7.050066e-02	6.327403e-04	3.112000e+00
1.0	1.536000e+03	4.096000e+04	7.069236e-02	5.018951e-04	3.112000e+00
1.0	1.280000e+02	4.096000e+04	6.730174e-02	8.281257e-04	3.176000e+00
1.0	2.560000e+02	4.096000e+04	6.730029e-02	8.157140e-04	3.176000e+00
1.0	3.840000e+02	4.096000e+04	6.714065e-02	9.081518e-04	3.176000e+00
1.0	5.120000e+02	4.096000e+04	6.730480e-02	8.594840e-04	3.176000e+00
1.0	6.400000e+02	4.096000e+04	6.729515e-02	7.013503e-04	3.176000e+00
1.0	7.580000e+02	4.096000e+04	6.725532e-02	8.831459e-04	3.176000e+00
1.0	8.760000e+02	4.096000e+04	6.734522e-02	9.974344e-04	3.176000e+00
1.0	1.024000e+03	4.096000e+04	6.730620e-02	7.315521e-04	3.176000e+00
1.0	1.280000e+03	4.096000e+04	6.729437e-02	7.590964e-04	3.176000e+00
1.0	1.536000e+03	4.096000e+04	6.753539e-02	8.564278e-04	3.176000e+00
1.0	1.280000e+02	4.096000e+04	6.251189e-02	7.135896e-04	3.240000e+00
1.0	2.560000e+02	4.096000e+04	6.249956e-02	7.268389e-04	3.240000e+00
1.0	3.840000e+02	4.096000e+04	6.259602e-02	7.116114e-04	3.240000e+00
1.0	5.120000e+02	4.096000e+04	6.250686e-02	7.209726e-04	3.240000e+00
1.0	6.400000e+02	4.096000e+04	6.250470e-02	5.448752e-04	3.240000e+00
1.0	7.580000e+02	4.096000e+04	6.250061e-02	3.643114e-04	3.240000e+00
1.0	8.760000e+02	4.096000e+04	6.254014e-02	5.268778e-04	3.240000e+00
1.0	1.024000e+03	4.096000e+04	6.249931e-02	6.131908e-04	3.240000e+00
1.0	1.280000e+03	4.096000e+04	6.250560e-02	2.908432e-04	3.240000e+00
1.0	1.536000e+03	4.096000e+04	6.239284e-02	5.648727e-04	3.240000e+00
1.0	1.280000e+02	4.096000e+04	6.190400e-02	6.598331e-04	3.304000e+00
1.0	2.560000e+02	4.096000e+04	6.190251e-02	6.848230e-04	3.304000e+00
1.0	3.840000e+02	4.096000e+04	6.177257e-02	5.984426e-04	3.304000e+00
1.0	5.120000e+02	4.096000e+04	6.189901e-02	6.098836e-04	3.304000e+00
1.0	6.400000e+02	4.096000e+04	6.190266e-02	4.576319e-04	3.304000e+00
1.0	7.580000e+02	4.096000e+04	6.179955e-02	4.177854e-04	3.304000e+00
1.0	8.760000e+02	4.096000e+04	6.170422e-02	4.579288e-04	3.304000e+00
1.0	1.024000e+03	4.096000e+04	6.190370e-02	5.966889e-04	3.304000e+00
1.0	1.280000e+03	4.096000e+04	6.190123e-02	3.467586e-04	3.304000e+00
1.0	1.536000e+03	4.096000e+04	6.181841e-02	2.832287e-04	3.304000e+00
1.0	1.280000e+02	4.096000e+04	5.879827e-02	5.650854e-04	3.368000e+00
1.0	2.560000e+02	4.096000e+04	5.880250e-02	6.366719e-04	3.368000e+00
1.0	3.840000e+02	4.096000e+04	5.895593e-02	5.685776e-04	3.368000e+00
1.0	5.120000e+02	4.096000e+04	5.880127e-02	6.503180e-04	3.368000e+00
1.0	6.400000e+02	4.096000e+04	5.880174e-02	5.285488e-04	3.368000e+00
1.0	7.580000e+02	4.096000e+04	5.898518e-02	5.877093e-04	3.368000e+00
1.0	8.760000e+02	4.096000e+04	5.889173e-02	6.231828e-04	3.368000e+00
1.0	1.024000e+03	4.096000e+04	5.879879e-02	6.719831e-04	3.368000e+00
1.0	1.280000e+03	4.096000e+04	5.880165e-02	3.953584e-04	3.368000e+00
1.0	1.536000e+03	4.096000e+04	5.900808e-02	6.974611e-04	3.368000e+00
1.0	1.280000e+02	4.096000e+04	5.689145e-02	5.629908e-04	3.432000e+00
1.0	2.560000e+02	4.096000e+04	5.688829e-02	5.398168e-04	3.432000e+00
1.0	3.840000e+02	4.096000e+04	5.699983e-02	5.484389e-04	3.432000e+00
1.0	5.120000e+02	4.096000e+04	5.688398e-02	4.868332e-04	3.432000e+00
1.0	6.400000e+02	4.096000e+04	5.688676e-02	5.785154e-04	3.432000e+00
1.0	7.580000e+02	4.096000e+04	5.705599e-02	4.750103e-04	3.432000e+00
1.0	8.760000e+02	4.096000e+04	5.705489e-02	6.091961e-04	3.432000e+00
1.0	1.024000e+03	4.096000e+04	5.688884e-02	5.999380e-04	3.432000e+00
1.0	1.280000e+03	4.096000e+04	5.688881e-02	5.933417e-04	3.432000e+00
1.0	1.536000e+03	4.096000e+04	5.712334e-02	5.274578e-04	3.432000e+00
1.0	1.280000e+02	4.096000e+04	5.449562e-02	5.541402e-04	3.496000e+00
1.0	2.560000e+02	4.096000e+04	5.449386e-02	5.941388e-04	3.496000e+00
1.0	3.840000e+02	4.096000e+04	5.445509e-02	6.846386e-04	3.496000e+00
1.0	5.120000e+02	4.096000e+04	5.449900e-02	5.862973e-04	3.496000e+00
1.0	6.400000e+02	4.096000e+04	5.449479e-02	6.032716e-04	3.496000e+00
1.0	7.580000e+02	4.096000e+04	5.451318e-02	6.511812e-04	3.496000e+00
1.0	8.760000e+02	4.096000e+04	5.470519e-02	5.935040e-04	3.496000e+00
1.0	1.024000e+03	4.096000e+04	5.449252e-02	6.706624e-04	3.496000e+00
1.0	1.280000e+03	4.096000e+04	5.449079e-02	6.815060e-04	3.496000e+00
1.0	1.536000e+03	4.096000e+04	5.463842e-02	5.920855e-04	3.496000e+00
1.0	1.280000e+02	4.096000e+04	5.383828e-02	5.957217e-04	3.560000e+00
1.0	2.560000e+02	4.096000e+04	5.383465e-02	5.546769e-04	3.560000e+00
1.0	3.840000e+02	4.096000e+04	5.382328e-02	6.565514e-04	3.560000e+00
1.0	5.120000e+02	4.096000e+04	5.383603e-02	5.871834e-04	3.560000e+00
1.0	6.400000e+02	4.096000e+04	5.383664e-02	5.861749e-04	3.560000e+00
1.0	7.580000e+02	4.096000e+04	5.388089e-02	7.396476e-04	3.560000e+00
1.0	8.760000e+02	4.096000e+04	5.380848e-02	4.834869e-04	3.560000e+00
1.0	1.024000e+03	4.096000e+04	5.384125e-02	4.768608e-04	3.560000e+00
1.0	1.280000e+03	4.096000e+04	5.384019e-02	6.234203e-04	3.560000e+00
1.0	1.536000e+03	4.096000e+04	5.366547e-02	7.264237e-04	3.560000e+00
1.0	1.280000e+02	4.096000e+04	5.178529e-02	5.764644e-04	3.624000e+00
1.0	2.560000e+02	4.096000e+04	5.178060e-02	5.952485e-04	3.624000e+00
1.0	3.840000e+02	4.096000e+04	5.181501e-02	3.819406e-04	3.624000e+00
1.0	5.120000e+02	4.096000e+04	5.178203e-02	4.890859e-04	3.624000e+00
1.0	6.400000e+02	4.096000e+04	5.178251e-02	4.095880e-04	3.624000e+00
1.0	7.580000e+02	4.096000e+04	5.181479e-02	3.246506e-04	3.624000e+00
1.0	8.760000e+02	4.096000e+04	5.170355e-02	3.129554e-04	3.624000e+00
1.0	1.024000e+03	4.096000e+04	5.178200e-02	3.393291e-04	3.624000e+00
1.0	1.280000e+03	4.096000e+04	5.178513e-02	4.461868e-04	3.624000e+00
1.0	1.536000e+03	4.096000e+04	5.159656e-02	2.685208e-04	3.624000e+00
