2	 128	40000	1.000000e+00	0.000000e+00	2.000000e-02
2	 256	40000	1.000000e+00	0.000000e+00	2.000000e-02
2	 384	40000	1.000000e+00	0.000000e+00	2.000000e-02
2	 512	40000	1.000000e+00	0.000000e+00	2.000000e-02
2	 640	40000	1.000000e+00	0.000000e+00	2.000000e-02
2	 758	40000	1.000000e+00	0.000000e+00	2.000000e-02
2	 876	40000	1.000000e+00	0.000000e+00	2.000000e-02
2	1024	40000	1.000000e+00	0.000000e+00	2.000000e-02
2	1280	40000	1.000000e+00	0.000000e+00	2.000000e-02
2	1536	40000	1.000000e+00	0.000000e+00	2.000000e-02
2	 128	40000	1.000000e+00	0.000000e+00	2.200000e-01
2	 256	40000	1.000000e+00	0.000000e+00	2.200000e-01
2	 384	40000	1.000000e+00	0.000000e+00	2.200000e-01
2	 512	40000	1.000000e+00	0.000000e+00	2.200000e-01
2	 640	40000	1.000000e+00	0.000000e+00	2.200000e-01
2	 758	40000	1.000000e+00	0.000000e+00	2.200000e-01
2	 876	40000	1.000000e+00	0.000000e+00	2.200000e-01
2	1024	40000	1.000000e+00	0.000000e+00	2.200000e-01
2	1280	40000	1.000000e+00	0.000000e+00	2.200000e-01
2	1536	40000	1.000000e+00	0.000000e+00	2.200000e-01
2	 128	40000	1.000000e+00	2.793361e-08	4.200000e-01
2	 256	40000	1.000000e+00	2.744412e-08	4.200000e-01
2	 384	40000	1.000000e+00	2.733839e-08	4.200000e-01
2	 512	40000	1.000000e+00	2.790242e-08	4.200000e-01
2	 640	40000	1.000000e+00	2.809590e-08	4.200000e-01
2	 758	40000	1.000000e+00	2.708695e-08	4.200000e-01
2	 876	40000	1.000000e+00	2.776554e-08	4.200000e-01
2	1024	40000	1.000000e+00	2.853332e-08	4.200000e-01
2	1280	40000	1.000000e+00	2.873784e-08	4.200000e-01
2	1536	40000	1.000000e+00	2.752043e-08	4.200000e-01
2	 128	40000	9.999901e-01	5.813146e-07	6.200000e-01
2	 256	40000	9.999901e-01	5.819336e-07	6.200000e-01
2	 384	40000	9.999901e-01	4.981288e-07	6.200000e-01
2	 512	40000	9.999901e-01	5.415929e-07	6.200000e-01
2	 640	40000	9.999901e-01	4.542292e-07	6.200000e-01
2	 758	40000	9.999900e-01	5.546423e-07	6.200000e-01
2	 876	40000	9.999901e-01	4.195053e-07	6.200000e-01
2	1024	40000	9.999902e-01	5.368543e-07	6.200000e-01
2	1280	40000	9.999902e-01	5.423212e-07	6.200000e-01
2	1536	40000	9.999902e-01	4.911827e-07	6.200000e-01
2	 128	40000	9.997623e-01	2.902878e-06	8.200000e-01
2	 256	40000	9.997623e-01	2.833839e-06	8.200000e-01
2	 384	40000	9.997623e-01	2.450100e-06	8.200000e-01
2	 512	40000	9.997625e-01	2.887055e-06	8.200000e-01
2	 640	40000	9.997625e-01	2.934018e-06	8.200000e-01
2	 758	40000	9.997622e-01	2.904667e-06	8.200000e-01
2	 876	40000	9.997626e-01	3.479034e-06	8.200000e-01
2	1024	40000	9.997619e-01	1.666350e-06	8.200000e-01
2	1280	40000	9.997618e-01	3.392787e-06	8.200000e-01
2	1536	40000	9.997619e-01	3.179082e-06	8.200000e-01
2	 128	40000	9.985552e-01	6.316252e-06	1.000000e+00
2	 256	40000	9.985551e-01	6.474045e-06	1.000000e+00
2	 384	40000	9.985552e-01	6.596280e-06	1.000000e+00
2	 512	40000	9.985572e-01	5.568421e-06	1.000000e+00
2	 640	40000	9.985564e-01	3.519512e-06	1.000000e+00
2	 758	40000	9.985557e-01	4.774586e-06	1.000000e+00
2	 876	40000	9.985563e-01	3.903772e-06	1.000000e+00
2	1024	40000	9.985579e-01	5.745630e-06	1.000000e+00
2	1280	40000	9.985576e-01	4.331239e-06	1.000000e+00
2	1536	40000	9.985580e-01	5.256190e-06	1.000000e+00
2	 128	40000	9.969179e-01	9.318434e-06	1.100000e+00
2	 256	40000	9.969178e-01	9.774481e-06	1.100000e+00
2	 384	40000	9.969179e-01	9.517051e-06	1.100000e+00
2	 512	40000	9.969194e-01	9.323117e-06	1.100000e+00
2	 640	40000	9.969194e-01	1.040742e-05	1.100000e+00
2	 758	40000	9.969193e-01	9.801203e-06	1.100000e+00
2	 876	40000	9.969197e-01	9.564318e-06	1.100000e+00
2	1024	40000	9.969166e-01	8.466234e-06	1.100000e+00
2	1280	40000	9.969124e-01	6.678742e-06	1.100000e+00
2	1536	40000	9.969166e-01	1.183024e-05	1.100000e+00
2	 128	40000	9.940471e-01	1.456716e-05	1.200000e+00
2	 256	40000	9.940471e-01	1.680223e-05	1.200000e+00
2	 384	40000	9.940470e-01	1.664670e-05	1.200000e+00
2	 512	40000	9.940424e-01	1.442018e-05	1.200000e+00
2	 640	40000	9.940430e-01	1.776000e-05	1.200000e+00
2	 758	40000	9.940453e-01	1.802775e-05	1.200000e+00
2	 876	40000	9.940425e-01	1.442857e-05	1.200000e+00
2	1024	40000	9.940432e-01	1.357380e-05	1.200000e+00
2	1280	40000	9.940459e-01	2.151105e-05	1.200000e+00
2	1536	40000	9.940432e-01	1.345013e-05	1.200000e+00
2	 128	40000	9.896051e-01	2.162397e-05	1.300000e+00
2	 256	40000	9.896050e-01	2.383513e-05	1.300000e+00
2	 384	40000	9.896051e-01	2.469880e-05	1.300000e+00
2	 512	40000	9.896083e-01	2.492473e-05	1.300000e+00
2	 640	40000	9.896054e-01	2.929134e-05	1.300000e+00
2	 758	40000	9.896055e-01	2.451473e-05	1.300000e+00
2	 876	40000	9.896049e-01	2.917865e-05	1.300000e+00
2	1024	40000	9.896093e-01	2.689504e-05	1.300000e+00
2	1280	40000	9.896130e-01	2.523473e-05	1.300000e+00
2	1536	40000	9.896093e-01	1.434709e-05	1.300000e+00
2	 128	40000	9.828353e-01	3.055325e-05	1.400000e+00
2	 256	40000	9.828352e-01	2.975073e-05	1.400000e+00
2	 384	40000	9.828353e-01	3.283153e-05	1.400000e+00
2	 512	40000	9.828361e-01	3.308618e-05	1.400000e+00
2	 640	40000	9.828439e-01	3.451981e-05	1.400000e+00
2	 758	40000	9.828377e-01	3.268017e-05	1.400000e+00
2	 876	40000	9.828400e-01	3.833342e-05	1.400000e+00
2	1024	40000	9.828499e-01	4.069819e-05	1.400000e+00
2	1280	40000	9.828496e-01	2.630852e-05	1.400000e+00
2	1536	40000	9.828506e-01	3.471455e-05	1.400000e+00
2	 128	40000	9.731554e-01	3.885091e-05	1.500000e+00
2	 256	40000	9.731561e-01	4.168159e-05	1.500000e+00
2	 384	40000	9.731557e-01	4.697367e-05	1.500000e+00
2	 512	40000	9.731542e-01	4.733859e-05	1.500000e+00
2	 640	40000	9.731542e-01	4.937108e-05	1.500000e+00
2	 758	40000	9.731571e-01	5.453540e-05	1.500000e+00
2	 876	40000	9.731553e-01	5.037235e-05	1.500000e+00
2	1024	40000	9.731316e-01	4.546543e-05	1.500000e+00
2	1280	40000	9.731256e-01	2.941198e-05	1.500000e+00
2	1536	40000	9.731315e-01	2.744077e-05	1.500000e+00
2	 128	40000	9.597639e-01	5.449951e-05	1.600000e+00
2	 256	40000	9.597636e-01	4.987210e-05	1.600000e+00
2	 384	40000	9.597647e-01	4.250011e-05	1.600000e+00
2	 512	40000	9.597666e-01	5.097836e-05	1.600000e+00
2	 640	40000	9.597770e-01	4.302053e-05	1.600000e+00
2	 758	40000	9.597568e-01	3.965122e-05	1.600000e+00
2	 876	40000	9.597751e-01	4.068706e-05	1.600000e+00
2	1024	40000	9.597703e-01	5.379116e-05	1.600000e+00
2	1280	40000	9.597796e-01	4.538184e-05	1.600000e+00
2	1536	40000	9.597702e-01	3.479698e-05	1.600000e+00
2	 128	40000	9.410267e-01	7.651017e-05	1.700000e+00
2	 256	40000	9.410266e-01	6.468419e-05	1.700000e+00
2	 384	40000	9.410273e-01	6.747949e-05	1.700000e+00
2	 512	40000	9.410393e-01	6.972453e-05	1.700000e+00
2	 640	40000	9.410238e-01	7.778113e-05	1.700000e+00
2	 758	40000	9.410231e-01	6.746010e-05	1.700000e+00
2	 876	40000	9.410248e-01	8.927229e-05	1.700000e+00
2	1024	40000	9.410166e-01	7.684566e-05	1.700000e+00
2	1280	40000	9.410034e-01	7.475622e-05	1.700000e+00
2	1536	40000	9.410165e-01	7.781130e-05	1.700000e+00
2	 128	40000	9.156186e-01	1.024387e-04	1.800000e+00
2	 256	40000	9.156190e-01	1.088185e-04	1.800000e+00
2	 384	40000	9.156187e-01	1.018549e-04	1.800000e+00
2	 512	40000	9.156045e-01	1.105019e-04	1.800000e+00
2	 640	40000	9.156138e-01	9.024158e-05	1.800000e+00
2	 758	40000	9.156182e-01	9.001109e-05	1.800000e+00
2	 876	40000	9.156145e-01	8.451792e-05	1.800000e+00
2	1024	40000	9.156032e-01	1.057082e-04	1.800000e+00
2	1280	40000	9.155782e-01	5.898037e-05	1.800000e+00
2	1536	40000	9.156041e-01	6.147313e-05	1.800000e+00
2	 128	40000	8.802438e-01	1.846173e-04	1.900000e+00
2	 256	40000	8.802457e-01	1.753417e-04	1.900000e+00
2	 384	40000	8.802450e-01	1.810740e-04	1.900000e+00
2	 512	40000	8.802188e-01	1.706599e-04	1.900000e+00
2	 640	40000	8.802198e-01	1.995145e-04	1.900000e+00
2	 758	40000	8.801941e-01	1.474554e-04	1.900000e+00
2	 876	40000	8.802273e-01	9.368605e-05	1.900000e+00
2	1024	40000	8.802132e-01	1.331902e-04	1.900000e+00
2	1280	40000	8.802203e-01	1.237618e-04	1.900000e+00
2	1536	40000	8.802129e-01	1.286100e-04	1.900000e+00
2	 128	40000	8.297194e-01	3.235625e-04	2.000000e+00
2	 256	40000	8.297184e-01	3.077229e-04	2.000000e+00
2	 384	40000	8.297178e-01	3.314544e-04	2.000000e+00
2	 512	40000	8.296008e-01	3.104653e-04	2.000000e+00
2	 640	40000	8.296061e-01	3.055802e-04	2.000000e+00
2	 758	40000	8.296491e-01	3.223836e-04	2.000000e+00
2	 876	40000	8.296094e-01	3.215416e-04	2.000000e+00
2	1024	40000	8.296201e-01	3.784563e-04	2.000000e+00
2	1280	40000	8.295331e-01	3.375048e-04	2.000000e+00
2	1536	40000	8.296238e-01	3.760320e-04	2.000000e+00
2	 128	40000	7.556066e-01	7.584394e-04	2.100000e+00
2	 256	40000	7.556116e-01	7.731822e-04	2.100000e+00
2	 384	40000	7.556019e-01	8.615381e-04	2.100000e+00
2	 512	40000	7.558022e-01	7.601892e-04	2.100000e+00
2	 640	40000	7.560282e-01	6.940813e-04	2.100000e+00
2	 758	40000	7.558017e-01	5.699992e-04	2.100000e+00
2	 876	40000	7.560060e-01	5.379365e-04	2.100000e+00
2	1024	40000	7.559368e-01	7.296595e-04	2.100000e+00
2	1280	40000	7.557744e-01	5.012756e-04	2.100000e+00
2	1536	40000	7.559341e-01	5.520720e-04	2.100000e+00
2	 128	40000	6.192977e-01	2.515017e-03	2.200000e+00
2	 256	40000	6.193139e-01	2.798638e-03	2.200000e+00
2	 384	40000	6.193066e-01	2.914232e-03	2.200000e+00
2	 512	40000	6.194196e-01	2.833318e-03	2.200000e+00
2	 640	40000	6.193995e-01	3.158955e-03	2.200000e+00
2	 758	40000	6.194610e-01	2.658131e-03	2.200000e+00
2	 876	40000	6.192600e-01	2.776883e-03	2.200000e+00
2	1024	40000	6.196339e-01	2.473725e-03	2.200000e+00
2	1280	40000	6.191517e-01	3.873357e-03	2.200000e+00
2	1536	40000	6.196036e-01	2.953121e-03	2.200000e+00
2	 128	40000	1.016345e-01	1.168923e-02	2.300000e+00
2	 256	40000	1.015537e-01	1.580282e-02	2.300000e+00
2	 384	40000	1.016416e-01	1.889856e-02	2.300000e+00
2	 512	40000	1.038374e-01	2.063701e-02	2.300000e+00
2	 640	40000	1.050753e-01	2.189595e-02	2.300000e+00
2	 758	40000	1.025437e-01	2.483016e-02	2.300000e+00
2	 876	40000	1.047776e-01	2.480344e-02	2.300000e+00
2	1024	40000	1.094195e-01	2.506048e-02	2.300000e+00
2	1280	40000	1.114149e-01	2.984522e-02	2.300000e+00
2	1536	40000	1.094371e-01	2.645258e-02	2.300000e+00
2	 128	40000	1.296770e-02	1.689164e-03	2.400000e+00
2	 256	40000	1.296623e-02	1.856526e-03	2.400000e+00
2	 384	40000	1.297934e-02	1.706150e-03	2.400000e+00
2	 512	40000	1.313225e-02	1.803461e-03	2.400000e+00
2	 640	40000	1.319698e-02	1.610209e-03	2.400000e+00
2	 758	40000	1.304347e-02	1.495811e-03	2.400000e+00
2	 876	40000	1.323818e-02	1.535933e-03	2.400000e+00
2	1024	40000	1.345021e-02	1.595713e-03	2.400000e+00
2	1280	40000	1.358549e-02	1.209738e-03	2.400000e+00
2	1536	40000	1.345208e-02	1.518109e-03	2.400000e+00
2	 128	40000	4.167048e-03	7.219583e-04	2.500000e+00
2	 256	40000	4.168816e-03	7.301682e-04	2.500000e+00
2	 384	40000	4.175993e-03	7.112396e-04	2.500000e+00
2	 512	40000	4.184917e-03	7.468934e-04	2.500000e+00
2	 640	40000	4.181257e-03	7.206892e-04	2.500000e+00
2	 758	40000	4.165180e-03	6.840160e-04	2.500000e+00
2	 876	40000	4.193383e-03	6.675105e-04	2.500000e+00
2	1024	40000	4.271660e-03	6.629177e-04	2.500000e+00
2	1280	40000	4.270760e-03	6.363991e-04	2.500000e+00
2	1536	40000	4.268239e-03	7.825521e-04	2.500000e+00
2	 128	40000	2.972053e-03	4.489912e-04	2.600000e+00
2	 256	40000	2.978303e-03	4.379529e-04	2.600000e+00
2	 384	40000	2.975257e-03	4.231166e-04	2.600000e+00
2	 512	40000	2.968587e-03	4.333262e-04	2.600000e+00
2	 640	40000	2.995808e-03	4.354130e-04	2.600000e+00
2	 758	40000	2.975369e-03	4.186067e-04	2.600000e+00
2	 876	40000	2.991199e-03	4.158618e-04	2.600000e+00
2	1024	40000	3.032968e-03	4.315532e-04	2.600000e+00
2	1280	40000	3.024674e-03	4.375569e-04	2.600000e+00
2	1536	40000	3.034113e-03	3.693018e-04	2.600000e+00
2	 128	40000	1.881366e-03	2.359453e-04	2.700000e+00
2	 256	40000	1.881261e-03	2.377064e-04	2.700000e+00
2	 384	40000	1.880512e-03	2.362733e-04	2.700000e+00
2	 512	40000	1.894812e-03	2.340566e-04	2.700000e+00
2	 640	40000	1.905290e-03	2.549386e-04	2.700000e+00
2	 758	40000	1.890273e-03	2.531308e-04	2.700000e+00
2	 876	40000	1.902070e-03	2.521781e-04	2.700000e+00
2	1024	40000	1.913222e-03	2.567505e-04	2.700000e+00
2	1280	40000	1.926543e-03	2.629655e-04	2.700000e+00
2	1536	40000	1.917280e-03	2.426972e-04	2.700000e+00
2	 128	40000	1.431053e-03	2.100537e-04	2.800000e+00
2	 256	40000	1.428915e-03	2.087318e-04	2.800000e+00
2	 384	40000	1.428682e-03	2.063544e-04	2.800000e+00
2	 512	40000	1.433347e-03	2.078730e-04	2.800000e+00
2	 640	40000	1.439064e-03	2.090551e-04	2.800000e+00
2	 758	40000	1.433315e-03	1.997195e-04	2.800000e+00
2	 876	40000	1.441444e-03	1.969842e-04	2.800000e+00
2	1024	40000	1.450423e-03	2.162050e-04	2.800000e+00
2	1280	40000	1.461512e-03	1.975254e-04	2.800000e+00
2	1536	40000	1.449057e-03	1.834913e-04	2.800000e+00
2	 128	40000	1.094877e-03	1.511806e-04	2.900000e+00
2	 256	40000	1.094880e-03	1.544258e-04	2.900000e+00
2	 384	40000	1.094494e-03	1.454287e-04	2.900000e+00
2	 512	40000	1.098154e-03	1.474949e-04	2.900000e+00
2	 640	40000	1.104304e-03	1.477626e-04	2.900000e+00
2	 758	40000	1.096901e-03	1.443865e-04	2.900000e+00
2	 876	40000	1.102059e-03	1.439921e-04	2.900000e+00
2	1024	40000	1.105683e-03	1.552304e-04	2.900000e+00
2	1280	40000	1.114756e-03	1.604256e-04	2.900000e+00
2	1536	40000	1.107458e-03	1.608534e-04	2.900000e+00
2	 128	40000	9.096697e-04	1.202439e-04	3.000000e+00
2	 256	40000	9.101375e-04	1.138454e-04	3.000000e+00
2	 384	40000	9.098796e-04	1.105017e-04	3.000000e+00
2	 512	40000	9.103397e-04	1.151028e-04	3.000000e+00
2	 640	40000	9.157622e-04	1.150224e-04	3.000000e+00
2	 758	40000	9.109189e-04	1.174597e-04	3.000000e+00
2	 876	40000	9.143551e-04	1.176202e-04	3.000000e+00
2	1024	40000	9.230391e-04	1.207851e-04	3.000000e+00
2	1280	40000	9.255294e-04	1.145636e-04	3.000000e+00
2	1536	40000	9.227757e-04	1.141170e-04	3.000000e+00
2	 128	40000	7.877565e-04	9.638726e-05	3.100000e+00
2	 256	40000	7.878762e-04	9.422117e-05	3.100000e+00
2	 384	40000	7.865075e-04	9.385173e-05	3.100000e+00
2	 512	40000	7.880591e-04	9.492199e-05	3.100000e+00
2	 640	40000	7.911263e-04	9.500002e-05	3.100000e+00
2	 758	40000	7.858394e-04	9.717074e-05	3.100000e+00
2	 876	40000	7.910622e-04	9.724616e-05	3.100000e+00
2	1024	40000	7.966720e-04	1.046038e-04	3.100000e+00
2	1280	40000	8.005853e-04	1.043728e-04	3.100000e+00
2	1536	40000	7.970062e-04	9.897191e-05	3.100000e+00
2	 128	40000	6.652906e-04	7.967538e-05	3.200000e+00
2	 256	40000	6.649668e-04	7.850892e-05	3.200000e+00
2	 384	40000	6.637386e-04	7.550514e-05	3.200000e+00
2	 512	40000	6.639135e-04	7.662584e-05	3.200000e+00
2	 640	40000	6.667972e-04	7.958810e-05	3.200000e+00
2	 758	40000	6.675367e-04	7.573163e-05	3.200000e+00
2	 876	40000	6.670958e-04	8.147309e-05	3.200000e+00
2	1024	40000	6.671134e-04	8.116969e-05	3.200000e+00
2	1280	40000	6.690642e-04	7.990337e-05	3.200000e+00
2	1536	40000	6.677608e-04	7.593099e-05	3.200000e+00
2	 128	40000	5.808760e-04	6.587933e-05	3.300000e+00
2	 256	40000	5.799117e-04	6.431832e-05	3.300000e+00
2	 384	40000	5.801359e-04	6.279107e-05	3.300000e+00
2	 512	40000	5.815505e-04	6.647964e-05	3.300000e+00
2	 640	40000	5.812860e-04	6.562158e-05	3.300000e+00
2	 758	40000	5.804193e-04	6.334878e-05	3.300000e+00
2	 876	40000	5.815670e-04	6.264780e-05	3.300000e+00
2	1024	40000	5.849696e-04	6.316220e-05	3.300000e+00
2	1280	40000	5.868161e-04	6.838038e-05	3.300000e+00
2	1536	40000	5.851232e-04	6.433928e-05	3.300000e+00
2	 128	40000	5.277958e-04	6.395990e-05	3.400000e+00
2	 256	40000	5.275454e-04	6.454472e-05	3.400000e+00
2	 384	40000	5.279439e-04	6.434782e-05	3.400000e+00
2	 512	40000	5.308013e-04	6.574986e-05	3.400000e+00
2	 640	40000	5.308785e-04	6.848476e-05	3.400000e+00
2	 758	40000	5.298839e-04	6.472831e-05	3.400000e+00
2	 876	40000	5.308503e-04	6.627950e-05	3.400000e+00
2	1024	40000	5.361634e-04	6.805004e-05	3.400000e+00
2	1280	40000	5.350912e-04	6.759616e-05	3.400000e+00
2	1536	40000	5.361538e-04	6.281121e-05	3.400000e+00
2	 128	40000	4.937993e-04	5.433104e-05	3.500000e+00
2	 256	40000	4.940976e-04	5.343860e-05	3.500000e+00
2	 384	40000	4.937731e-04	5.247894e-05	3.500000e+00
2	 512	40000	4.978217e-04	5.392312e-05	3.500000e+00
2	 640	40000	4.991709e-04	5.295863e-05	3.500000e+00
2	 758	40000	4.950676e-04	5.233809e-05	3.500000e+00
2	 876	40000	4.989038e-04	5.365623e-05	3.500000e+00
2	1024	40000	5.046976e-04	5.396124e-05	3.500000e+00
2	1280	40000	5.076349e-04	5.465658e-05	3.500000e+00
2	1536	40000	5.043812e-04	5.230143e-05	3.500000e+00
2	 128	40000	4.086378e-04	4.522905e-05	3.700000e+00
2	 256	40000	4.084979e-04	4.448526e-05	3.700000e+00
2	 384	40000	4.087717e-04	4.413527e-05	3.700000e+00
2	 512	40000	4.092208e-04	4.432154e-05	3.700000e+00
2	 640	40000	4.087383e-04	4.363653e-05	3.700000e+00
2	 758	40000	4.094946e-04	4.295557e-05	3.700000e+00
2	 876	40000	4.090452e-04	4.282241e-05	3.700000e+00
2	1024	40000	4.079122e-04	4.427680e-05	3.700000e+00
2	1280	40000	4.128084e-04	4.484369e-05	3.700000e+00
2	1536	40000	4.081480e-04	4.143006e-05	3.700000e+00
2	 128	40000	3.458334e-04	3.752516e-05	3.900000e+00
2	 256	40000	3.456849e-04	3.822902e-05	3.900000e+00
2	 384	40000	3.456970e-04	3.788720e-05	3.900000e+00
2	 512	40000	3.471527e-04	3.774438e-05	3.900000e+00
2	 640	40000	3.473182e-04	3.790543e-05	3.900000e+00
2	 758	40000	3.460425e-04	3.535682e-05	3.900000e+00
2	 876	40000	3.470503e-04	3.563921e-05	3.900000e+00
2	1024	40000	3.498756e-04	3.628360e-05	3.900000e+00
2	1280	40000	3.524400e-04	3.577217e-05	3.900000e+00
2	1536	40000	3.503880e-04	3.479987e-05	3.900000e+00
2	 128	40000	3.252409e-04	3.234533e-05	4.100000e+00
2	 256	40000	3.253856e-04	3.269512e-05	4.100000e+00
2	 384	40000	3.255721e-04	3.275637e-05	4.100000e+00
2	 512	40000	3.261787e-04	3.336798e-05	4.100000e+00
2	 640	40000	3.257707e-04	3.189106e-05	4.100000e+00
2	 758	40000	3.248207e-04	3.070671e-05	4.100000e+00
2	 876	40000	3.256537e-04	3.245433e-05	4.100000e+00
2	1024	40000	3.254046e-04	3.411564e-05	4.100000e+00
2	1280	40000	3.268350e-04	3.322613e-05	4.100000e+00
2	1536	40000	3.258332e-04	3.249575e-05	4.100000e+00
2	 128	40000	2.826046e-04	3.023052e-05	4.300000e+00
2	 256	40000	2.826877e-04	2.988089e-05	4.300000e+00
2	 384	40000	2.826390e-04	2.959190e-05	4.300000e+00
2	 512	40000	2.830594e-04	3.035757e-05	4.300000e+00
2	 640	40000	2.827828e-04	3.070174e-05	4.300000e+00
2	 758	40000	2.830051e-04	3.007621e-05	4.300000e+00
2	 876	40000	2.829938e-04	3.025888e-05	4.300000e+00
2	1024	40000	2.837016e-04	3.092595e-05	4.300000e+00
2	1280	40000	2.842708e-04	3.104573e-05	4.300000e+00
2	1536	40000	2.839089e-04	2.935794e-05	4.300000e+00
2	 128	40000	2.650085e-04	2.699586e-05	4.500000e+00
2	 256	40000	2.649450e-04	2.709995e-05	4.500000e+00
2	 384	40000	2.646077e-04	2.632191e-05	4.500000e+00
2	 512	40000	2.658643e-04	2.847913e-05	4.500000e+00
2	 640	40000	2.660724e-04	2.773799e-05	4.500000e+00
2	 758	40000	2.647708e-04	2.689413e-05	4.500000e+00
2	 876	40000	2.661346e-04	2.698175e-05	4.500000e+00
2	1024	40000	2.675086e-04	2.836979e-05	4.500000e+00
2	1280	40000	2.680558e-04	2.826817e-05	4.500000e+00
2	1536	40000	2.677293e-04	2.610054e-05	4.500000e+00
2	 128	40000	2.211504e-04	2.436327e-05	5.100000e+00
2	 256	40000	2.212535e-04	2.413250e-05	5.100000e+00
2	 384	40000	2.212923e-04	2.460072e-05	5.100000e+00
2	 512	40000	2.219376e-04	2.474775e-05	5.100000e+00
2	 640	40000	2.224742e-04	2.574256e-05	5.100000e+00
2	 758	40000	2.217752e-04	2.519516e-05	5.100000e+00
2	 876	40000	2.222724e-04	2.574421e-05	5.100000e+00
2	1024	40000	2.239450e-04	2.744883e-05	5.100000e+00
2	1280	40000	2.244687e-04	2.818626e-05	5.100000e+00
2	1536	40000	2.239614e-04	2.523215e-05	5.100000e+00
2	 128	40000	1.817818e-04	2.172708e-05	5.700000e+00
2	 256	40000	1.818667e-04	2.125308e-05	5.700000e+00
2	 384	40000	1.816982e-04	2.142292e-05	5.700000e+00
2	 512	40000	1.826347e-04	2.145058e-05	5.700000e+00
2	 640	40000	1.822057e-04	2.186973e-05	5.700000e+00
2	 758	40000	1.819350e-04	2.097134e-05	5.700000e+00
2	 876	40000	1.824527e-04	2.102176e-05	5.700000e+00
2	1024	40000	1.833202e-04	2.134842e-05	5.700000e+00
2	1280	40000	1.838645e-04	2.155692e-05	5.700000e+00
2	1536	40000	1.830265e-04	2.046287e-05	5.700000e+00
2	 128	40000	1.737308e-04	2.379304e-05	6.300000e+00
2	 256	40000	1.739568e-04	2.332218e-05	6.300000e+00
2	 384	40000	1.739716e-04	2.305039e-05	6.300000e+00
2	 512	40000	1.750482e-04	2.365797e-05	6.300000e+00
2	 640	40000	1.754407e-04	2.435939e-05	6.300000e+00
2	 758	40000	1.744265e-04	2.346554e-05	6.300000e+00
2	 876	40000	1.750528e-04	2.386647e-05	6.300000e+00
2	1024	40000	1.766698e-04	2.469754e-05	6.300000e+00
2	1280	40000	1.773487e-04	2.471902e-05	6.300000e+00
2	1536	40000	1.769558e-04	2.451148e-05	6.300000e+00
2	 128	40000	1.628963e-04	2.551484e-05	6.900000e+00
2	 256	40000	1.626321e-04	2.571056e-05	6.900000e+00
2	 384	40000	1.629929e-04	2.533560e-05	6.900000e+00
2	 512	40000	1.632773e-04	2.613224e-05	6.900000e+00
2	 640	40000	1.635928e-04	2.598796e-05	6.900000e+00
2	 758	40000	1.627120e-04	2.529029e-05	6.900000e+00
2	 876	40000	1.635235e-04	2.605374e-05	6.900000e+00
2	1024	40000	1.648375e-04	2.728936e-05	6.900000e+00
2	1280	40000	1.657862e-04	2.733206e-05	6.900000e+00
2	1536	40000	1.647646e-04	2.618970e-05	6.900000e+00
2	 128	40000	1.599004e-04	2.621980e-05	7.500000e+00
2	 256	40000	1.598475e-04	2.617104e-05	7.500000e+00
2	 384	40000	1.599552e-04	2.575014e-05	7.500000e+00
2	 512	40000	1.614020e-04	2.580864e-05	7.500000e+00
2	 640	40000	1.612637e-04	2.569667e-05	7.500000e+00
2	 758	40000	1.605010e-04	2.475376e-05	7.500000e+00
2	 876	40000	1.611930e-04	2.512436e-05	7.500000e+00
2	1024	40000	1.628871e-04	2.593991e-05	7.500000e+00
2	1280	40000	1.637558e-04	2.599047e-05	7.500000e+00
2	1536	40000	1.629089e-04	2.446989e-05	7.500000e+00
2	 128	40000	1.516588e-04	2.930062e-05	8.100000e+00
2	 256	40000	1.514721e-04	2.906475e-05	8.100000e+00
2	 384	40000	1.516565e-04	2.888593e-05	8.100000e+00
2	 512	40000	1.531407e-04	2.911732e-05	8.100000e+00
2	 640	40000	1.532260e-04	2.933267e-05	8.100000e+00
2	 758	40000	1.525746e-04	2.855032e-05	8.100000e+00
2	 876	40000	1.529362e-04	2.874094e-05	8.100000e+00
2	1024	40000	1.550085e-04	3.039035e-05	8.100000e+00
2	1280	40000	1.556547e-04	3.041061e-05	8.100000e+00
2	1536	40000	1.544841e-04	2.866766e-05	8.100000e+00
2	 128	40000	1.497154e-04	3.150774e-05	8.700000e+00
2	 256	40000	1.499257e-04	3.126580e-05	8.700000e+00
2	 384	40000	1.496533e-04	3.068137e-05	8.700000e+00
2	 512	40000	1.509823e-04	3.157009e-05	8.700000e+00
2	 640	40000	1.508587e-04	3.147870e-05	8.700000e+00
2	 758	40000	1.505175e-04	3.083654e-05	8.700000e+00
2	 876	40000	1.510295e-04	3.164998e-05	8.700000e+00
2	1024	40000	1.525544e-04	3.278792e-05	8.700000e+00
2	1280	40000	1.533448e-04	3.283144e-05	8.700000e+00
2	1536	40000	1.528141e-04	3.141200e-05	8.700000e+00
2	 128	40000	1.465934e-04	3.381969e-05	9.300000e+00
2	 256	40000	1.468421e-04	3.370337e-05	9.300000e+00
2	 384	40000	1.465709e-04	3.395195e-05	9.300000e+00
2	 512	40000	1.469439e-04	3.478956e-05	9.300000e+00
2	 640	40000	1.477827e-04	3.489765e-05	9.300000e+00
2	 758	40000	1.471699e-04	3.399470e-05	9.300000e+00
2	 876	40000	1.472575e-04	3.434525e-05	9.300000e+00
2	1024	40000	1.496164e-04	3.570014e-05	9.300000e+00
2	1280	40000	1.506115e-04	3.555783e-05	9.300000e+00
2	1536	40000	1.497897e-04	3.420580e-05	9.300000e+00
2	 128	40000	1.498205e-04	3.972851e-05	9.900000e+00
2	 256	40000	1.502270e-04	3.962235e-05	9.900000e+00
2	 384	40000	1.499022e-04	3.885182e-05	9.900000e+00
2	 512	40000	1.508628e-04	4.024720e-05	9.900000e+00
2	 640	40000	1.516149e-04	4.131652e-05	9.900000e+00
2	 758	40000	1.502986e-04	4.002912e-05	9.900000e+00
2	 876	40000	1.511842e-04	3.970688e-05	9.900000e+00
2	1024	40000	1.529511e-04	4.110586e-05	9.900000e+00
2	1280	40000	1.534287e-04	4.129208e-05	9.900000e+00
2	1536	40000	1.524570e-04	3.900493e-05	9.900000e+00
2	 128	40000	1.539072e-04	3.985352e-05	1.001000e+01
2	 256	40000	1.538545e-04	3.945618e-05	1.001000e+01
2	 384	40000	1.541466e-04	3.907718e-05	1.001000e+01
2	 512	40000	1.551229e-04	3.965741e-05	1.001000e+01
2	 640	40000	1.556737e-04	4.008636e-05	1.001000e+01
2	 758	40000	1.539271e-04	3.879604e-05	1.001000e+01
2	 876	40000	1.551080e-04	3.913531e-05	1.001000e+01
2	1024	40000	1.570768e-04	4.045549e-05	1.001000e+01
2	1280	40000	1.588658e-04	4.115981e-05	1.001000e+01
2	1536	40000	1.571528e-04	3.935154e-05	1.001000e+01
2	 128	40000	1.516211e-04	5.177170e-05	1.201000e+01
2	 256	40000	1.511195e-04	5.192257e-05	1.201000e+01
2	 384	40000	1.514374e-04	5.159644e-05	1.201000e+01
2	 512	40000	1.532352e-04	5.257858e-05	1.201000e+01
2	 640	40000	1.538878e-04	5.301477e-05	1.201000e+01
2	 758	40000	1.523676e-04	5.168446e-05	1.201000e+01
2	 876	40000	1.537623e-04	5.277972e-05	1.201000e+01
2	1024	40000	1.551465e-04	5.507406e-05	1.201000e+01
2	1280	40000	1.573776e-04	5.559904e-05	1.201000e+01
2	1536	40000	1.553415e-04	5.418468e-05	1.201000e+01
2	 128	40000	1.593073e-04	6.322288e-05	1.401000e+01
2	 256	40000	1.599976e-04	6.313345e-05	1.401000e+01
2	 384	40000	1.590997e-04	6.253333e-05	1.401000e+01
2	 512	40000	1.608748e-04	6.427154e-05	1.401000e+01
2	 640	40000	1.620480e-04	6.503875e-05	1.401000e+01
2	 758	40000	1.608135e-04	6.298502e-05	1.401000e+01
2	 876	40000	1.617407e-04	6.439617e-05	1.401000e+01
2	1024	40000	1.640525e-04	6.631596e-05	1.401000e+01
2	1280	40000	1.665531e-04	6.599750e-05	1.401000e+01
2	1536	40000	1.640631e-04	6.350719e-05	1.401000e+01
2	 128	40000	1.701988e-04	7.867069e-05	1.601000e+01
2	 256	40000	1.696036e-04	7.789010e-05	1.601000e+01
2	 384	40000	1.702981e-04	7.691387e-05	1.601000e+01
2	 512	40000	1.706849e-04	7.845633e-05	1.601000e+01
2	 640	40000	1.731105e-04	7.980257e-05	1.601000e+01
2	 758	40000	1.704620e-04	7.712462e-05	1.601000e+01
2	 876	40000	1.720362e-04	7.786376e-05	1.601000e+01
2	1024	40000	1.757569e-04	8.027528e-05	1.601000e+01
2	1280	40000	1.773833e-04	8.077514e-05	1.601000e+01
2	1536	40000	1.758180e-04	7.803724e-05	1.601000e+01
2	 128	40000	1.824769e-04	9.239681e-05	1.801000e+01
2	 256	40000	1.840833e-04	9.243678e-05	1.801000e+01
2	 384	40000	1.837318e-04	9.225521e-05	1.801000e+01
2	 512	40000	1.855867e-04	9.352274e-05	1.801000e+01
2	 640	40000	1.880683e-04	9.427962e-05	1.801000e+01
2	 758	40000	1.850499e-04	9.139750e-05	1.801000e+01
2	 876	40000	1.864789e-04	9.258735e-05	1.801000e+01
2	1024	40000	1.916056e-04	9.603357e-05	1.801000e+01
2	1280	40000	1.942560e-04	9.663780e-05	1.801000e+01
2	1536	40000	1.916798e-04	9.310388e-05	1.801000e+01
2	 128	40000	1.954136e-04	1.075607e-04	2.000536e+01
2	 256	40000	1.948581e-04	1.066694e-04	2.000536e+01
2	 384	40000	1.953319e-04	1.065114e-04	2.000536e+01
2	 512	40000	1.981951e-04	1.081288e-04	2.000536e+01
2	 640	40000	1.992012e-04	1.086695e-04	2.000536e+01
2	 758	40000	1.967894e-04	1.054498e-04	2.000536e+01
2	 876	40000	1.992933e-04	1.067629e-04	2.000536e+01
2	1024	40000	2.034928e-04	1.100932e-04	2.000536e+01
2	1280	40000	2.064547e-04	1.109142e-04	2.000536e+01
2	1536	40000	2.035565e-04	1.056344e-04	2.000536e+01
2	 128	40000	2.385194e-04	1.583149e-04	2.754993e+01
2	 256	40000	2.393267e-04	1.589396e-04	2.754993e+01
2	 384	40000	2.377791e-04	1.550078e-04	2.754993e+01
2	 512	40000	2.427110e-04	1.591598e-04	2.754993e+01
2	 640	40000	2.462147e-04	1.603989e-04	2.754993e+01
2	 758	40000	2.390670e-04	1.542918e-04	2.754993e+01
2	 876	40000	2.451130e-04	1.587130e-04	2.754993e+01
2	1024	40000	2.521123e-04	1.639101e-04	2.754993e+01
2	1280	40000	2.557570e-04	1.654477e-04	2.754993e+01
2	1536	40000	2.512626e-04	1.598166e-04	2.754993e+01
2	 128	40000	3.069352e-04	2.301814e-04	3.793977e+01
2	 256	40000	3.078325e-04	2.280857e-04	3.793977e+01
2	 384	40000	3.079825e-04	2.281218e-04	3.793977e+01
2	 512	40000	3.144141e-04	2.329919e-04	3.793977e+01
2	 640	40000	3.182742e-04	2.355456e-04	3.793977e+01
2	 758	40000	3.127018e-04	2.272179e-04	3.793977e+01
2	 876	40000	3.153733e-04	2.292665e-04	3.793977e+01
2	1024	40000	3.302545e-04	2.403323e-04	3.793977e+01
2	1280	40000	3.364018e-04	2.408313e-04	3.793977e+01
2	1536	40000	3.304678e-04	2.325325e-04	3.793977e+01
2	 128	40000	4.132955e-04	3.283547e-04	5.224792e+01
2	 256	40000	4.123149e-04	3.271065e-04	5.224792e+01
2	 384	40000	4.130537e-04	3.248806e-04	5.224792e+01
2	 512	40000	4.210275e-04	3.281852e-04	5.224792e+01
2	 640	40000	4.218084e-04	3.313318e-04	5.224792e+01
2	 758	40000	4.137055e-04	3.206679e-04	5.224792e+01
2	 876	40000	4.226391e-04	3.259774e-04	5.224792e+01
2	1024	40000	4.381322e-04	3.355213e-04	5.224792e+01
2	1280	40000	4.506842e-04	3.429801e-04	5.224792e+01
2	1536	40000	4.390213e-04	3.274334e-04	5.224792e+01
2	 128	40000	5.423226e-04	4.714996e-04	7.195206e+01
2	 256	40000	5.374529e-04	4.600552e-04	7.195206e+01
2	 384	40000	5.407850e-04	4.610169e-04	7.195206e+01
2	 512	40000	5.560097e-04	4.726923e-04	7.195206e+01
2	 640	40000	5.578328e-04	4.714533e-04	7.195206e+01
2	 758	40000	5.463989e-04	4.587532e-04	7.195206e+01
2	 876	40000	5.560831e-04	4.639616e-04	7.195206e+01
2	1024	40000	5.832538e-04	4.820971e-04	7.195206e+01
2	1280	40000	5.952410e-04	4.872522e-04	7.195206e+01
2	1536	40000	5.800811e-04	4.665497e-04	7.195206e+01
2	 128	40000	7.426479e-04	6.578507e-04	9.998298e+01
2	 256	40000	7.371640e-04	6.531157e-04	9.998298e+01
2	 384	40000	7.410567e-04	6.483213e-04	9.998298e+01
2	 512	40000	7.562351e-04	6.605731e-04	9.998298e+01
2	 640	40000	7.656188e-04	6.676270e-04	9.998298e+01
2	 758	40000	7.399459e-04	6.381201e-04	9.998298e+01
2	 876	40000	7.604796e-04	6.514932e-04	9.998298e+01
2	1024	40000	7.886812e-04	6.703856e-04	9.998298e+01
2	1280	40000	8.110872e-04	6.776559e-04	9.998298e+01
2	1536	40000	7.887800e-04	6.484724e-04	9.998298e+01
2	 128	40000	1.178669e-03	1.091578e-03	1.583804e+02
2	 256	40000	1.194190e-03	1.104822e-03	1.583804e+02
2	 384	40000	1.197104e-03	1.101639e-03	1.583804e+02
2	 512	40000	1.224213e-03	1.120840e-03	1.583804e+02
2	 640	40000	1.231228e-03	1.122655e-03	1.583804e+02
2	 758	40000	1.198536e-03	1.086599e-03	1.583804e+02
2	 876	40000	1.235133e-03	1.105774e-03	1.583804e+02
2	1024	40000	1.276041e-03	1.146750e-03	1.583804e+02
2	1280	40000	1.319427e-03	1.151739e-03	1.583804e+02
2	1536	40000	1.273817e-03	1.106215e-03	1.583804e+02
2	 128	40000	1.837848e-03	1.683504e-03	2.508863e+02
2	 256	40000	1.840087e-03	1.736369e-03	2.508863e+02
2	 384	40000	1.841936e-03	1.729970e-03	2.508863e+02
2	 512	40000	1.881640e-03	1.754179e-03	2.508863e+02
2	 640	40000	1.906681e-03	1.777788e-03	2.508863e+02
2	 758	40000	1.871199e-03	1.719027e-03	2.508863e+02
2	 876	40000	1.912661e-03	1.745796e-03	2.508863e+02
2	1024	40000	2.002729e-03	1.807093e-03	2.508863e+02
2	1280	40000	2.054458e-03	1.831248e-03	2.508863e+02
2	1536	40000	1.979025e-03	1.739155e-03	2.508863e+02
2	 128	40000	2.894408e-03	2.282494e-03	3.974225e+02
2	 256	40000	2.885058e-03	2.677139e-03	3.974225e+02
2	 384	40000	2.909318e-03	2.759427e-03	3.974225e+02
2	 512	40000	2.976995e-03	2.828851e-03	3.974225e+02
2	 640	40000	3.014963e-03	2.841988e-03	3.974225e+02
2	 758	40000	2.914333e-03	2.735511e-03	3.974225e+02
2	 876	40000	2.990898e-03	2.784530e-03	3.974225e+02
2	1024	40000	3.121049e-03	2.878640e-03	3.974225e+02
2	1280	40000	3.236891e-03	2.918834e-03	3.974225e+02
2	1536	40000	3.130939e-03	2.810493e-03	3.974225e+02
2	 128	40000	4.604464e-03	3.378378e-03	6.295467e+02
2	 256	40000	4.571757e-03	4.031520e-03	6.295467e+02
2	 384	40000	4.579459e-03	4.260244e-03	6.295467e+02
2	 512	40000	4.693033e-03	4.477290e-03	6.295467e+02
2	 640	40000	4.733517e-03	4.531912e-03	6.295467e+02
2	 758	40000	4.659237e-03	4.376541e-03	6.295467e+02
2	 876	40000	4.773323e-03	4.487617e-03	6.295467e+02
2	1024	40000	4.935944e-03	4.620796e-03	6.295467e+02
2	1280	40000	5.103865e-03	4.680572e-03	6.295467e+02
2	1536	40000	5.010554e-03	4.489994e-03	6.295467e+02
2	 128	40000	7.277794e-03	5.113975e-03	9.992450e+02
2	 256	40000	7.306578e-03	5.418515e-03	9.992450e+02
2	 384	40000	7.292582e-03	6.197388e-03	9.992450e+02
2	 512	40000	7.405899e-03	6.883122e-03	9.992450e+02
2	 640	40000	7.535237e-03	6.941516e-03	9.992450e+02
2	 758	40000	7.323252e-03	6.809072e-03	9.992450e+02
2	 876	40000	7.536359e-03	7.056282e-03	9.992450e+02
2	1024	40000	7.959619e-03	7.346615e-03	9.992450e+02
2	1280	40000	8.048546e-03	7.382327e-03	9.992450e+02
2	1536	40000	7.882056e-03	7.101889e-03	9.992450e+02
2	 128	40000	1.164967e-02	7.070692e-03	1.582878e+03
2	 256	40000	1.159074e-02	8.121131e-03	1.582878e+03
2	 384	40000	1.164329e-02	8.292404e-03	1.582878e+03
2	 512	40000	1.199121e-02	9.131334e-03	1.582878e+03
2	 640	40000	1.207435e-02	1.017197e-02	1.582878e+03
2	 758	40000	1.179593e-02	1.042192e-02	1.582878e+03
2	 876	40000	1.205956e-02	1.077123e-02	1.582878e+03
2	1024	40000	1.266271e-02	1.122925e-02	1.582878e+03
2	1280	40000	1.297507e-02	1.157896e-02	1.582878e+03
2	1536	40000	1.256979e-02	1.125029e-02	1.582878e+03
2	 128	40000	1.832034e-02	9.354698e-03	2.507396e+03
2	 256	40000	1.829508e-02	1.210469e-02	2.507396e+03
2	 384	40000	1.820048e-02	1.286549e-02	2.507396e+03
2	 512	40000	1.868632e-02	1.310405e-02	2.507396e+03
2	 640	40000	1.895396e-02	1.363891e-02	2.507396e+03
2	 758	40000	1.843099e-02	1.377709e-02	2.507396e+03
2	 876	40000	1.885869e-02	1.467354e-02	2.507396e+03
2	1024	40000	1.946284e-02	1.640242e-02	2.507396e+03
2	1280	40000	2.023467e-02	1.779068e-02	2.507396e+03
2	1536	40000	1.976749e-02	1.714696e-02	2.507396e+03
2	 128	40000	2.836650e-02	1.161853e-02	3.971901e+03
2	 256	40000	2.851278e-02	1.587978e-02	3.971901e+03
2	 384	40000	2.835418e-02	1.830794e-02	3.971901e+03
2	 512	40000	2.907270e-02	2.014621e-02	3.971901e+03
2	 640	40000	2.964027e-02	2.065621e-02	3.971901e+03
2	 758	40000	2.892639e-02	1.987942e-02	3.971901e+03
2	 876	40000	2.923071e-02	2.042888e-02	3.971901e+03
2	1024	40000	3.104293e-02	2.166734e-02	3.971901e+03
2	1280	40000	3.166600e-02	2.303825e-02	3.971901e+03
2	1536	40000	3.094750e-02	2.416173e-02	3.971901e+03
2	 128	40000	4.564342e-02	1.458500e-02	6.291784e+03
2	 256	40000	4.579063e-02	2.030755e-02	6.291784e+03
2	 384	40000	4.562747e-02	2.420612e-02	6.291784e+03
2	 512	40000	4.688086e-02	2.750845e-02	6.291784e+03
2	 640	40000	4.721464e-02	2.989852e-02	6.291784e+03
2	 758	40000	4.621061e-02	3.031047e-02	6.291784e+03
2	 876	40000	4.744507e-02	3.145574e-02	6.291784e+03
2	1024	40000	4.980848e-02	3.235027e-02	6.291784e+03
2	1280	40000	5.122311e-02	3.249740e-02	6.291784e+03
2	1536	40000	4.950426e-02	3.166740e-02	6.291784e+03
