1.0	1.280000e+02	4.147200e+04	1.000000e+00	0.000000e+00	5.000000e-02
1.0	2.560000e+02	4.147200e+04	1.000000e+00	0.000000e+00	5.000000e-02
1.0	3.840000e+02	4.147200e+04	1.000000e+00	0.000000e+00	5.000000e-02
1.0	5.120000e+02	4.147200e+04	1.000000e+00	0.000000e+00	5.000000e-02
1.0	6.400000e+02	4.147200e+04	1.000000e+00	0.000000e+00	5.000000e-02
1.0	7.580000e+02	4.147200e+04	1.000000e+00	0.000000e+00	5.000000e-02
1.0	8.760000e+02	4.147200e+04	1.000000e+00	0.000000e+00	5.000000e-02
1.0	1.024000e+03	4.147200e+04	1.000000e+00	0.000000e+00	5.000000e-02
1.0	1.280000e+03	4.147200e+04	1.000000e+00	0.000000e+00	5.000000e-02
1.0	1.536000e+03	4.147200e+04	1.000000e+00	0.000000e+00	5.000000e-02
1.0	1.280000e+02	4.147200e+04	9.999982e-01	1.263975e-07	5.500000e-01
1.0	2.560000e+02	4.147200e+04	9.999982e-01	1.286187e-07	5.500000e-01
1.0	3.840000e+02	4.147200e+04	9.999982e-01	1.271427e-07	5.500000e-01
1.0	5.120000e+02	4.147200e+04	9.999982e-01	1.348779e-07	5.500000e-01
1.0	6.400000e+02	4.147200e+04	9.999982e-01	1.436765e-07	5.500000e-01
1.0	7.580000e+02	4.147200e+04	9.999983e-01	1.312787e-07	5.500000e-01
1.0	8.760000e+02	4.147200e+04	9.999983e-01	9.705786e-08	5.500000e-01
1.0	1.024000e+03	4.147200e+04	9.999982e-01	9.786898e-08	5.500000e-01
1.0	1.280000e+03	4.147200e+04	9.999982e-01	1.057319e-07	5.500000e-01
1.0	1.536000e+03	4.147200e+04	9.999983e-01	1.357511e-07	5.500000e-01
1.0	1.280000e+02	4.147200e+04	9.978524e-01	5.164516e-06	1.050000e+00
1.0	2.560000e+02	4.147200e+04	9.978527e-01	5.812178e-06	1.050000e+00
1.0	3.840000e+02	4.147200e+04	9.978524e-01	4.590855e-06	1.050000e+00
1.0	5.120000e+02	4.147200e+04	9.978527e-01	5.040943e-06	1.050000e+00
1.0	6.400000e+02	4.147200e+04	9.978527e-01	5.514696e-06	1.050000e+00
1.0	7.580000e+02	4.147200e+04	9.978540e-01	6.702075e-06	1.050000e+00
1.0	8.760000e+02	4.147200e+04	9.978549e-01	5.950649e-06	1.050000e+00
1.0	1.024000e+03	4.147200e+04	9.978527e-01	6.060514e-06	1.050000e+00
1.0	1.280000e+03	4.147200e+04	9.978527e-01	5.729420e-06	1.050000e+00
1.0	1.536000e+03	4.147200e+04	9.978543e-01	6.109184e-06	1.050000e+00
1.0	1.280000e+02	4.147200e+04	9.669638e-01	2.760054e-05	1.550000e+00
1.0	2.560000e+02	4.147200e+04	9.669617e-01	2.799306e-05	1.550000e+00
1.0	3.840000e+02	4.147200e+04	9.669639e-01	2.885426e-05	1.550000e+00
1.0	5.120000e+02	4.147200e+04	9.669620e-01	2.721517e-05	1.550000e+00
1.0	6.400000e+02	4.147200e+04	9.669622e-01	3.179737e-05	1.550000e+00
1.0	7.580000e+02	4.147200e+04	9.669677e-01	3.864307e-05	1.550000e+00
1.0	8.760000e+02	4.147200e+04	9.669640e-01	3.454817e-05	1.550000e+00
1.0	1.024000e+03	4.147200e+04	9.669620e-01	3.248772e-05	1.550000e+00
1.0	1.280000e+03	4.147200e+04	9.669618e-01	2.785753e-05	1.550000e+00
1.0	1.536000e+03	4.147200e+04	9.669589e-01	3.651812e-05	1.550000e+00
1.0	1.280000e+02	4.147200e+04	8.307274e-01	1.831803e-04	2.000000e+00
1.0	2.560000e+02	4.147200e+04	8.307565e-01	1.827851e-04	2.000000e+00
1.0	3.840000e+02	4.147200e+04	8.307279e-01	2.018759e-04	2.000000e+00
1.0	5.120000e+02	4.147200e+04	8.307585e-01	2.055268e-04	2.000000e+00
1.0	6.400000e+02	4.147200e+04	8.307573e-01	1.928320e-04	2.000000e+00
1.0	7.580000e+02	4.147200e+04	8.307584e-01	1.893410e-04	2.000000e+00
1.0	8.760000e+02	4.147200e+04	8.308301e-01	1.917541e-04	2.000000e+00
1.0	1.024000e+03	4.147200e+04	8.307571e-01	1.559569e-04	2.000000e+00
1.0	1.280000e+03	4.147200e+04	8.307565e-01	1.435575e-04	2.000000e+00
1.0	1.536000e+03	4.147200e+04	8.308365e-01	1.059837e-04	2.000000e+00
1.0	1.280000e+02	4.147200e+04	8.039936e-01	2.945923e-04	2.040000e+00
1.0	2.560000e+02	4.147200e+04	8.040010e-01	2.897106e-04	2.040000e+00
1.0	3.840000e+02	4.147200e+04	8.039959e-01	3.120565e-04	2.040000e+00
1.0	5.120000e+02	4.147200e+04	8.040013e-01	3.010893e-04	2.040000e+00
1.0	6.400000e+02	4.147200e+04	8.039988e-01	3.633177e-04	2.040000e+00
1.0	7.580000e+02	4.147200e+04	8.039709e-01	3.404991e-04	2.040000e+00
1.0	8.760000e+02	4.147200e+04	8.038955e-01	3.914668e-04	2.040000e+00
1.0	1.024000e+03	4.147200e+04	8.040003e-01	3.592636e-04	2.040000e+00
1.0	1.280000e+03	4.147200e+04	8.039997e-01	2.966037e-04	2.040000e+00
1.0	1.536000e+03	4.147200e+04	8.039316e-01	2.993259e-04	2.040000e+00
1.0	1.280000e+02	4.147200e+04	7.730179e-01	3.740655e-04	2.080000e+00
1.0	2.560000e+02	4.147200e+04	7.730047e-01	2.992470e-04	2.080000e+00
1.0	3.840000e+02	4.147200e+04	7.730188e-01	3.746236e-04	2.080000e+00
1.0	5.120000e+02	4.147200e+04	7.730067e-01	2.925848e-04	2.080000e+00
1.0	6.400000e+02	4.147200e+04	7.730055e-01	2.161275e-04	2.080000e+00
1.0	7.580000e+02	4.147200e+04	7.729095e-01	2.301785e-04	2.080000e+00
1.0	8.760000e+02	4.147200e+04	7.730096e-01	2.892941e-04	2.080000e+00
1.0	1.024000e+03	4.147200e+04	7.730055e-01	2.663417e-04	2.080000e+00
1.0	1.280000e+03	4.147200e+04	7.730046e-01	1.938997e-04	2.080000e+00
1.0	1.536000e+03	4.147200e+04	7.730369e-01	2.498685e-04	2.080000e+00
1.0	1.280000e+02	4.147200e+04	7.345150e-01	5.107946e-04	2.120000e+00
1.0	2.560000e+02	4.147200e+04	7.345826e-01	4.555802e-04	2.120000e+00
1.0	3.840000e+02	4.147200e+04	7.345171e-01	4.538335e-04	2.120000e+00
1.0	5.120000e+02	4.147200e+04	7.345824e-01	4.050051e-04	2.120000e+00
1.0	6.400000e+02	4.147200e+04	7.345810e-01	4.922265e-04	2.120000e+00
1.0	7.580000e+02	4.147200e+04	7.346912e-01	4.747167e-04	2.120000e+00
1.0	8.760000e+02	4.147200e+04	7.346118e-01	4.461773e-04	2.120000e+00
1.0	1.024000e+03	4.147200e+04	7.345821e-01	4.183208e-04	2.120000e+00
1.0	1.280000e+03	4.147200e+04	7.345818e-01	3.843298e-04	2.120000e+00
1.0	1.536000e+03	4.147200e+04	7.346156e-01	4.971102e-04	2.120000e+00
1.0	1.280000e+02	4.147200e+04	6.864409e-01	7.830051e-04	2.160000e+00
1.0	2.560000e+02	4.147200e+04	6.863665e-01	8.884414e-04	2.160000e+00
1.0	3.840000e+02	4.147200e+04	6.864384e-01	6.867570e-04	2.160000e+00
1.0	5.120000e+02	4.147200e+04	6.863624e-01	8.179136e-04	2.160000e+00
1.0	6.400000e+02	4.147200e+04	6.863626e-01	5.903164e-04	2.160000e+00
1.0	7.580000e+02	4.147200e+04	6.861955e-01	6.893597e-04	2.160000e+00
1.0	8.760000e+02	4.147200e+04	6.861682e-01	8.739215e-04	2.160000e+00
1.0	1.024000e+03	4.147200e+04	6.863649e-01	8.482807e-04	2.160000e+00
1.0	1.280000e+03	4.147200e+04	6.863611e-01	7.288374e-04	2.160000e+00
1.0	1.536000e+03	4.147200e+04	6.862222e-01	7.633006e-04	2.160000e+00
1.0	1.280000e+02	4.147200e+04	6.152200e-01	1.806692e-03	2.200000e+00
1.0	2.560000e+02	4.147200e+04	6.153748e-01	2.034866e-03	2.200000e+00
1.0	3.840000e+02	4.147200e+04	6.152222e-01	2.022841e-03	2.200000e+00
1.0	5.120000e+02	4.147200e+04	6.153831e-01	2.193580e-03	2.200000e+00
1.0	6.400000e+02	4.147200e+04	6.153680e-01	2.381399e-03	2.200000e+00
1.0	7.580000e+02	4.147200e+04	6.151745e-01	1.660336e-03	2.200000e+00
1.0	8.760000e+02	4.147200e+04	6.148403e-01	1.331528e-03	2.200000e+00
1.0	1.024000e+03	4.147200e+04	6.153959e-01	2.490020e-03	2.200000e+00
1.0	1.280000e+03	4.147200e+04	6.153683e-01	2.361009e-03	2.200000e+00
1.0	1.536000e+03	4.147200e+04	6.144758e-01	1.145167e-03	2.200000e+00
1.0	1.280000e+02	4.147200e+04	5.451347e-01	3.134729e-03	2.228000e+00
1.0	2.560000e+02	4.147200e+04	5.446598e-01	3.977225e-03	2.228000e+00
1.0	3.840000e+02	4.147200e+04	5.451446e-01	3.448189e-03	2.228000e+00
1.0	5.120000e+02	4.147200e+04	5.447110e-01	4.132285e-03	2.228000e+00
1.0	6.400000e+02	4.147200e+04	5.447304e-01	3.941905e-03	2.228000e+00
1.0	7.580000e+02	4.147200e+04	5.444937e-01	4.224536e-03	2.228000e+00
1.0	8.760000e+02	4.147200e+04	5.446398e-01	4.294788e-03	2.228000e+00
1.0	1.024000e+03	4.147200e+04	5.447222e-01	4.065097e-03	2.228000e+00
1.0	1.280000e+03	4.147200e+04	5.447138e-01	4.573712e-03	2.228000e+00
1.0	1.536000e+03	4.147200e+04	5.433825e-01	4.825856e-03	2.228000e+00
1.0	1.280000e+02	4.147200e+04	5.165974e-01	3.352619e-03	2.238000e+00
1.0	2.560000e+02	4.147200e+04	5.160854e-01	4.028995e-03	2.238000e+00
1.0	3.840000e+02	4.147200e+04	5.166217e-01	4.517919e-03	2.238000e+00
1.0	5.120000e+02	4.147200e+04	5.160792e-01	3.971458e-03	2.238000e+00
1.0	6.400000e+02	4.147200e+04	5.161038e-01	4.273828e-03	2.238000e+00
1.0	7.580000e+02	4.147200e+04	5.158460e-01	4.197996e-03	2.238000e+00
1.0	8.760000e+02	4.147200e+04	5.165944e-01	4.570289e-03	2.238000e+00
1.0	1.024000e+03	4.147200e+04	5.161272e-01	4.829536e-03	2.238000e+00
1.0	1.280000e+03	4.147200e+04	5.160963e-01	4.446620e-03	2.238000e+00
1.0	1.536000e+03	4.147200e+04	5.155122e-01	5.122985e-03	2.238000e+00
1.0	1.280000e+02	4.147200e+04	4.725222e-01	5.232094e-03	2.248000e+00
1.0	2.560000e+02	4.147200e+04	4.721173e-01	6.894972e-03	2.248000e+00
1.0	3.840000e+02	4.147200e+04	4.725557e-01	7.945506e-03	2.248000e+00
1.0	5.120000e+02	4.147200e+04	4.721493e-01	8.978865e-03	2.248000e+00
1.0	6.400000e+02	4.147200e+04	4.721928e-01	8.899432e-03	2.248000e+00
1.0	7.580000e+02	4.147200e+04	4.711493e-01	9.526568e-03	2.248000e+00
1.0	8.760000e+02	4.147200e+04	4.718897e-01	1.131373e-02	2.248000e+00
1.0	1.024000e+03	4.147200e+04	4.721539e-01	8.840867e-03	2.248000e+00
1.0	1.280000e+03	4.147200e+04	4.721660e-01	8.488203e-03	2.248000e+00
1.0	1.536000e+03	4.147200e+04	4.762471e-01	7.146171e-03	2.248000e+00
1.0	1.280000e+02	4.147200e+04	4.125564e-01	6.782422e-03	2.258000e+00
1.0	2.560000e+02	4.147200e+04	4.132764e-01	8.825891e-03	2.258000e+00
1.0	3.840000e+02	4.147200e+04	4.125653e-01	1.027641e-02	2.258000e+00
1.0	5.120000e+02	4.147200e+04	4.132579e-01	1.081089e-02	2.258000e+00
1.0	6.400000e+02	4.147200e+04	4.131986e-01	1.214057e-02	2.258000e+00
1.0	7.580000e+02	4.147200e+04	4.147970e-01	1.336846e-02	2.258000e+00
1.0	8.760000e+02	4.147200e+04	4.157961e-01	1.424014e-02	2.258000e+00
1.0	1.024000e+03	4.147200e+04	4.132467e-01	1.340618e-02	2.258000e+00
1.0	1.280000e+03	4.147200e+04	4.132654e-01	1.487031e-02	2.258000e+00
1.0	1.536000e+03	4.147200e+04	4.182515e-01	1.647837e-02	2.258000e+00
1.0	1.280000e+02	4.147200e+04	3.477511e-01	7.596036e-03	2.268000e+00
1.0	2.560000e+02	4.147200e+04	3.464768e-01	9.976514e-03	2.268000e+00
1.0	3.840000e+02	4.147200e+04	3.478347e-01	1.160180e-02	2.268000e+00
1.0	5.120000e+02	4.147200e+04	3.463797e-01	1.251736e-02	2.268000e+00
1.0	6.400000e+02	4.147200e+04	3.464583e-01	1.282856e-02	2.268000e+00
1.0	7.580000e+02	4.147200e+04	3.436842e-01	1.363803e-02	2.268000e+00
1.0	8.760000e+02	4.147200e+04	3.436184e-01	1.478943e-02	2.268000e+00
1.0	1.024000e+03	4.147200e+04	3.464088e-01	1.502823e-02	2.268000e+00
1.0	1.280000e+03	4.147200e+04	3.465019e-01	1.632258e-02	2.268000e+00
1.0	1.536000e+03	4.147200e+04	3.397277e-01	1.874646e-02	2.268000e+00
1.0	1.280000e+02	4.147200e+04	2.338054e-01	9.090280e-03	2.278000e+00
1.0	2.560000e+02	4.147200e+04	2.335128e-01	1.258409e-02	2.278000e+00
1.0	3.840000e+02	4.147200e+04	2.337276e-01	1.426812e-02	2.278000e+00
1.0	5.120000e+02	4.147200e+04	2.334729e-01	1.598589e-02	2.278000e+00
1.0	6.400000e+02	4.147200e+04	2.332888e-01	1.619351e-02	2.278000e+00
1.0	7.580000e+02	4.147200e+04	2.318366e-01	1.737505e-02	2.278000e+00
1.0	8.760000e+02	4.147200e+04	2.276874e-01	1.754061e-02	2.278000e+00
1.0	1.024000e+03	4.147200e+04	2.335462e-01	1.950446e-02	2.278000e+00
1.0	1.280000e+03	4.147200e+04	2.335379e-01	1.523343e-02	2.278000e+00
1.0	1.536000e+03	4.147200e+04	2.230860e-01	1.633288e-02	2.278000e+00
1.0	1.280000e+02	4.147200e+04	1.319691e-01	9.157335e-03	2.288000e+00
1.0	2.560000e+02	4.147200e+04	1.324494e-01	1.275162e-02	2.288000e+00
1.0	3.840000e+02	4.147200e+04	1.318668e-01	1.501562e-02	2.288000e+00
1.0	5.120000e+02	4.147200e+04	1.325142e-01	1.671653e-02	2.288000e+00
1.0	6.400000e+02	4.147200e+04	1.324474e-01	1.839458e-02	2.288000e+00
1.0	7.580000e+02	4.147200e+04	1.342143e-01	2.039814e-02	2.288000e+00
1.0	8.760000e+02	4.147200e+04	1.352706e-01	2.187129e-02	2.288000e+00
1.0	1.024000e+03	4.147200e+04	1.324167e-01	2.007437e-02	2.288000e+00
1.0	1.280000e+03	4.147200e+04	1.324292e-01	2.364038e-02	2.288000e+00
1.0	1.536000e+03	4.147200e+04	1.397026e-01	2.275808e-02	2.288000e+00
1.0	1.280000e+02	4.147200e+04	5.272491e-02	6.864762e-03	2.298000e+00
1.0	2.560000e+02	4.147200e+04	5.346003e-02	9.589766e-03	2.298000e+00
1.0	3.840000e+02	4.147200e+04	5.276846e-02	1.103417e-02	2.298000e+00
1.0	5.120000e+02	4.147200e+04	5.331913e-02	1.282958e-02	2.298000e+00
1.0	6.400000e+02	4.147200e+04	5.338174e-02	1.347854e-02	2.298000e+00
1.0	7.580000e+02	4.147200e+04	5.543570e-02	1.513043e-02	2.298000e+00
1.0	8.760000e+02	4.147200e+04	5.653073e-02	1.536568e-02	2.298000e+00
1.0	1.024000e+03	4.147200e+04	5.331916e-02	1.560144e-02	2.298000e+00
1.0	1.280000e+03	4.147200e+04	5.341759e-02	1.557061e-02	2.298000e+00
1.0	1.536000e+03	4.147200e+04	5.871743e-02	1.710832e-02	2.298000e+00
1.0	1.280000e+02	4.147200e+04	1.923309e-02	3.054790e-03	2.308000e+00
1.0	2.560000e+02	4.147200e+04	1.940133e-02	4.292292e-03	2.308000e+00
1.0	3.840000e+02	4.147200e+04	1.924968e-02	4.870126e-03	2.308000e+00
1.0	5.120000e+02	4.147200e+04	1.943337e-02	4.968619e-03	2.308000e+00
1.0	6.400000e+02	4.147200e+04	1.947932e-02	5.772771e-03	2.308000e+00
1.0	7.580000e+02	4.147200e+04	1.765074e-02	5.598857e-03	2.308000e+00
1.0	8.760000e+02	4.147200e+04	1.513991e-02	4.337305e-03	2.308000e+00
1.0	1.024000e+03	4.147200e+04	1.936805e-02	6.413180e-03	2.308000e+00
1.0	1.280000e+03	4.147200e+04	1.941414e-02	7.818641e-03	2.308000e+00
1.0	1.536000e+03	4.147200e+04	1.290639e-02	1.952449e-03	2.308000e+00
1.0	1.280000e+02	4.147200e+04	2.074830e-02	3.570532e-03	2.318000e+00
1.0	2.560000e+02	4.147200e+04	2.062079e-02	4.818932e-03	2.318000e+00
1.0	3.840000e+02	4.147200e+04	2.072285e-02	5.676928e-03	2.318000e+00
1.0	5.120000e+02	4.147200e+04	2.060586e-02	6.517590e-03	2.318000e+00
1.0	6.400000e+02	4.147200e+04	2.066542e-02	6.604650e-03	2.318000e+00
1.0	7.580000e+02	4.147200e+04	2.110559e-02	7.375117e-03	2.318000e+00
1.0	8.760000e+02	4.147200e+04	2.064563e-02	7.210834e-03	2.318000e+00
1.0	1.024000e+03	4.147200e+04	2.062952e-02	6.084223e-03	2.318000e+00
1.0	1.280000e+03	4.147200e+04	2.060611e-02	7.332979e-03	2.318000e+00
1.0	1.536000e+03	4.147200e+04	1.480108e-02	2.835964e-03	2.318000e+00
1.0	1.280000e+02	4.147200e+04	1.400715e-02	1.806447e-03	2.328000e+00
1.0	2.560000e+02	4.147200e+04	1.397701e-02	2.367167e-03	2.328000e+00
1.0	3.840000e+02	4.147200e+04	1.401173e-02	2.484724e-03	2.328000e+00
1.0	5.120000e+02	4.147200e+04	1.394943e-02	3.045027e-03	2.328000e+00
1.0	6.400000e+02	4.147200e+04	1.400331e-02	2.526506e-03	2.328000e+00
1.0	7.580000e+02	4.147200e+04	1.341884e-02	3.561236e-03	2.328000e+00
1.0	8.760000e+02	4.147200e+04	1.343016e-02	3.107752e-03	2.328000e+00
1.0	1.024000e+03	4.147200e+04	1.398343e-02	2.737906e-03	2.328000e+00
1.0	1.280000e+03	4.147200e+04	1.399937e-02	1.868421e-03	2.328000e+00
1.0	1.536000e+03	4.147200e+04	1.331519e-02	3.060417e-03	2.328000e+00
1.0	1.280000e+02	4.147200e+04	1.140277e-02	1.452714e-03	2.338000e+00
1.0	2.560000e+02	4.147200e+04	1.054385e-02	1.475100e-03	2.338000e+00
1.0	3.840000e+02	4.147200e+04	1.138107e-02	1.757490e-03	2.338000e+00
1.0	5.120000e+02	4.147200e+04	1.053442e-02	1.747236e-03	2.338000e+00
1.0	6.400000e+02	4.147200e+04	1.055369e-02	1.852655e-03	2.338000e+00
1.0	7.580000e+02	4.147200e+04	1.060847e-02	1.728308e-03	2.338000e+00
1.0	8.760000e+02	4.147200e+04	1.075549e-02	1.328433e-03	2.338000e+00
1.0	1.024000e+03	4.147200e+04	1.054386e-02	1.567628e-03	2.338000e+00
1.0	1.280000e+03	4.147200e+04	1.054578e-02	1.737889e-03	2.338000e+00
1.0	1.536000e+03	4.147200e+04	1.114465e-02	1.411920e-03	2.338000e+00
1.0	1.280000e+02	4.147200e+04	1.145203e-02	1.315517e-03	2.348000e+00
1.0	2.560000e+02	4.147200e+04	1.157963e-02	1.648594e-03	2.348000e+00
1.0	3.840000e+02	4.147200e+04	1.144637e-02	1.827112e-03	2.348000e+00
1.0	5.120000e+02	4.147200e+04	1.157915e-02	1.920693e-03	2.348000e+00
1.0	6.400000e+02	4.147200e+04	1.158349e-02	2.186215e-03	2.348000e+00
1.0	7.580000e+02	4.147200e+04	1.171182e-02	2.235664e-03	2.348000e+00
1.0	8.760000e+02	4.147200e+04	1.177705e-02	2.035316e-03	2.348000e+00
1.0	1.024000e+03	4.147200e+04	1.159766e-02	1.872444e-03	2.348000e+00
1.0	1.280000e+03	4.147200e+04	1.158077e-02	2.156043e-03	2.348000e+00
1.0	1.536000e+03	4.147200e+04	1.063482e-02	1.404049e-03	2.348000e+00
1.0	1.280000e+02	4.147200e+04	7.600104e-03	8.311025e-04	2.358000e+00
1.0	2.560000e+02	4.147200e+04	7.527415e-03	9.689329e-04	2.358000e+00
1.0	3.840000e+02	4.147200e+04	7.603329e-03	1.013786e-03	2.358000e+00
1.0	5.120000e+02	4.147200e+04	7.517158e-03	9.501860e-04	2.358000e+00
1.0	6.400000e+02	4.147200e+04	7.513782e-03	1.001940e-03	2.358000e+00
1.0	7.580000e+02	4.147200e+04	7.395811e-03	9.405836e-04	2.358000e+00
1.0	8.760000e+02	4.147200e+04	7.485506e-03	5.669650e-04	2.358000e+00
1.0	1.024000e+03	4.147200e+04	7.518950e-03	6.958236e-04	2.358000e+00
1.0	1.280000e+03	4.147200e+04	7.514180e-03	6.783714e-04	2.358000e+00
1.0	1.536000e+03	4.147200e+04	7.676541e-03	4.994394e-04	2.358000e+00
1.0	1.280000e+02	4.147200e+04	6.929676e-03	7.826642e-04	2.368000e+00
1.0	2.560000e+02	4.147200e+04	7.004257e-03	8.844604e-04	2.368000e+00
1.0	3.840000e+02	4.147200e+04	6.940821e-03	1.028905e-03	2.368000e+00
1.0	5.120000e+02	4.147200e+04	7.009833e-03	8.847011e-04	2.368000e+00
1.0	6.400000e+02	4.147200e+04	7.005768e-03	9.457026e-04	2.368000e+00
1.0	7.580000e+02	4.147200e+04	7.055360e-03	9.643535e-04	2.368000e+00
1.0	8.760000e+02	4.147200e+04	7.142045e-03	1.155850e-03	2.368000e+00
1.0	1.024000e+03	4.147200e+04	7.011697e-03	1.088200e-03	2.368000e+00
1.0	1.280000e+03	4.147200e+04	7.005903e-03	9.081291e-04	2.368000e+00
1.0	1.536000e+03	4.147200e+04	7.234577e-03	7.891396e-04	2.368000e+00
1.0	1.280000e+02	4.147200e+04	6.252204e-03	5.908553e-04	2.378000e+00
1.0	2.560000e+02	4.147200e+04	6.305880e-03	6.618256e-04	2.378000e+00
1.0	3.840000e+02	4.147200e+04	6.244047e-03	6.610643e-04	2.378000e+00
1.0	5.120000e+02	4.147200e+04	6.312790e-03	7.438491e-04	2.378000e+00
1.0	6.400000e+02	4.147200e+04	6.310191e-03	6.173088e-04	2.378000e+00
1.0	7.580000e+02	4.147200e+04	6.455164e-03	6.819699e-04	2.378000e+00
1.0	8.760000e+02	4.147200e+04	6.477718e-03	6.238592e-04	2.378000e+00
1.0	1.024000e+03	4.147200e+04	6.306825e-03	5.762259e-04	2.378000e+00
1.0	1.280000e+03	4.147200e+04	6.310717e-03	4.195249e-04	2.378000e+00
1.0	1.536000e+03	4.147200e+04	6.171986e-03	7.968644e-04	2.378000e+00
1.0	1.280000e+02	4.147200e+04	5.288031e-03	5.079035e-04	2.388000e+00
1.0	2.560000e+02	4.147200e+04	5.346298e-03	5.646026e-04	2.388000e+00
1.0	3.840000e+02	4.147200e+04	5.287852e-03	5.866562e-04	2.388000e+00
1.0	5.120000e+02	4.147200e+04	5.353801e-03	6.494867e-04	2.388000e+00
1.0	6.400000e+02	4.147200e+04	5.349487e-03	6.978820e-04	2.388000e+00
1.0	7.580000e+02	4.147200e+04	5.416469e-03	5.657800e-04	2.388000e+00
1.0	8.760000e+02	4.147200e+04	5.360199e-03	5.543715e-04	2.388000e+00
1.0	1.024000e+03	4.147200e+04	5.353185e-03	5.492436e-04	2.388000e+00
1.0	1.280000e+03	4.147200e+04	5.348854e-03	6.731219e-04	2.388000e+00
1.0	1.536000e+03	4.147200e+04	5.374867e-03	4.961512e-04	2.388000e+00
1.0	1.280000e+02	4.147200e+04	3.759110e-03	3.585369e-04	2.398000e+00
1.0	2.560000e+02	4.147200e+04	3.784813e-03	3.599223e-04	2.398000e+00
1.0	3.840000e+02	4.147200e+04	3.763039e-03	3.967622e-04	2.398000e+00
1.0	5.120000e+02	4.147200e+04	3.783572e-03	3.456117e-04	2.398000e+00
1.0	6.400000e+02	4.147200e+04	3.783510e-03	4.660510e-04	2.398000e+00
1.0	7.580000e+02	4.147200e+04	3.811874e-03	4.222490e-04	2.398000e+00
1.0	8.760000e+02	4.147200e+04	3.875253e-03	4.293914e-04	2.398000e+00
1.0	1.024000e+03	4.147200e+04	3.782080e-03	2.234450e-04	2.398000e+00
1.0	1.280000e+03	4.147200e+04	3.780918e-03	4.413838e-04	2.398000e+00
1.0	1.536000e+03	4.147200e+04	3.671666e-03	3.160997e-04	2.398000e+00
1.0	1.280000e+02	4.147200e+04	2.732644e-03	2.339451e-04	2.432000e+00
1.0	2.560000e+02	4.147200e+04	2.734317e-03	2.372856e-04	2.432000e+00
1.0	3.840000e+02	4.147200e+04	2.735056e-03	2.358943e-04	2.432000e+00
1.0	5.120000e+02	4.147200e+04	2.737571e-03	2.847197e-04	2.432000e+00
1.0	6.400000e+02	4.147200e+04	2.738732e-03	2.468823e-04	2.432000e+00
1.0	7.580000e+02	4.147200e+04	2.712260e-03	2.300004e-04	2.432000e+00
1.0	8.760000e+02	4.147200e+04	2.715382e-03	2.092162e-04	2.432000e+00
1.0	1.024000e+03	4.147200e+04	2.735254e-03	2.395339e-04	2.432000e+00
1.0	1.280000e+03	4.147200e+04	2.735619e-03	2.999405e-04	2.432000e+00
1.0	1.536000e+03	4.147200e+04	2.761458e-03	2.717492e-04	2.432000e+00
1.0	1.280000e+02	4.147200e+04	2.341726e-03	1.886825e-04	2.472000e+00
1.0	2.560000e+02	4.147200e+04	2.353282e-03	1.831963e-04	2.472000e+00
1.0	3.840000e+02	4.147200e+04	2.342692e-03	1.556589e-04	2.472000e+00
1.0	5.120000e+02	4.147200e+04	2.354382e-03	1.538985e-04	2.472000e+00
1.0	6.400000e+02	4.147200e+04	2.353560e-03	1.631668e-04	2.472000e+00
1.0	7.580000e+02	4.147200e+04	2.389481e-03	1.439673e-04	2.472000e+00
1.0	8.760000e+02	4.147200e+04	2.367149e-03	9.213672e-05	2.472000e+00
1.0	1.024000e+03	4.147200e+04	2.353785e-03	1.003053e-04	2.472000e+00
1.0	1.280000e+03	4.147200e+04	2.352726e-03	1.473317e-04	2.472000e+00
1.0	1.536000e+03	4.147200e+04	2.340093e-03	9.632622e-05	2.472000e+00
1.0	1.280000e+02	4.147200e+04	1.650633e-03	1.365646e-04	2.512000e+00
1.0	2.560000e+02	4.147200e+04	1.650246e-03	1.413822e-04	2.512000e+00
1.0	3.840000e+02	4.147200e+04	1.651488e-03	1.269539e-04	2.512000e+00
1.0	5.120000e+02	4.147200e+04	1.651357e-03	1.216411e-04	2.512000e+00
1.0	6.400000e+02	4.147200e+04	1.652386e-03	1.173961e-04	2.512000e+00
1.0	7.580000e+02	4.147200e+04	1.687534e-03	1.345407e-04	2.512000e+00
1.0	8.760000e+02	4.147200e+04	1.687719e-03	1.266875e-04	2.512000e+00
1.0	1.024000e+03	4.147200e+04	1.652628e-03	1.068866e-04	2.512000e+00
1.0	1.280000e+03	4.147200e+04	1.651856e-03	1.118553e-04	2.512000e+00
1.0	1.536000e+03	4.147200e+04	1.686698e-03	8.547692e-05	2.512000e+00
1.0	1.280000e+02	4.147200e+04	1.226175e-03	6.416454e-05	2.552000e+00
1.0	2.560000e+02	4.147200e+04	1.230614e-03	6.349976e-05	2.552000e+00
1.0	3.840000e+02	4.147200e+04	1.225764e-03	5.696285e-05	2.552000e+00
1.0	5.120000e+02	4.147200e+04	1.230171e-03	7.084822e-05	2.552000e+00
1.0	6.400000e+02	4.147200e+04	1.230624e-03	6.297588e-05	2.552000e+00
1.0	7.580000e+02	4.147200e+04	1.224344e-03	6.695885e-05	2.552000e+00
1.0	8.760000e+02	4.147200e+04	1.232072e-03	6.794742e-05	2.552000e+00
1.0	1.024000e+03	4.147200e+04	1.229642e-03	6.002662e-05	2.552000e+00
1.0	1.280000e+03	4.147200e+04	1.230315e-03	5.086631e-05	2.552000e+00
1.0	1.536000e+03	4.147200e+04	1.217033e-03	5.215813e-05	2.552000e+00
1.0	1.280000e+02	4.147200e+04	9.465420e-04	5.117864e-05	2.592000e+00
1.0	2.560000e+02	4.147200e+04	9.503366e-04	4.909239e-05	2.592000e+00
1.0	3.840000e+02	4.147200e+04	9.463885e-04	4.149289e-05	2.592000e+00
1.0	5.120000e+02	4.147200e+04	9.502627e-04	4.830589e-05	2.592000e+00
1.0	6.400000e+02	4.147200e+04	9.504216e-04	4.277586e-05	2.592000e+00
1.0	7.580000e+02	4.147200e+04	9.254763e-04	3.971179e-05	2.592000e+00
1.0	8.760000e+02	4.147200e+04	9.249759e-04	4.351357e-05	2.592000e+00
1.0	1.024000e+03	4.147200e+04	9.501477e-04	3.828217e-05	2.592000e+00
1.0	1.280000e+03	4.147200e+04	9.506773e-04	5.036051e-05	2.592000e+00
1.0	1.536000e+03	4.147200e+04	9.243808e-04	4.455451e-05	2.592000e+00
1.0	1.280000e+02	4.147200e+04	8.702317e-04	3.365535e-05	2.632000e+00
1.0	2.560000e+02	4.147200e+04	8.738030e-04	3.325404e-05	2.632000e+00
1.0	3.840000e+02	4.147200e+04	8.697188e-04	3.601199e-05	2.632000e+00
1.0	5.120000e+02	4.147200e+04	8.739818e-04	3.863324e-05	2.632000e+00
1.0	6.400000e+02	4.147200e+04	8.738251e-04	3.325853e-05	2.632000e+00
1.0	7.580000e+02	4.147200e+04	8.706128e-04	3.559647e-05	2.632000e+00
1.0	8.760000e+02	4.147200e+04	8.748034e-04	3.540139e-05	2.632000e+00
1.0	1.024000e+03	4.147200e+04	8.739647e-04	3.567751e-05	2.632000e+00
1.0	1.280000e+03	4.147200e+04	8.740226e-04	3.186421e-05	2.632000e+00
1.0	1.536000e+03	4.147200e+04	8.771560e-04	3.194896e-05	2.632000e+00
1.0	1.280000e+02	4.147200e+04	7.192445e-04	2.996538e-05	2.672000e+00
1.0	2.560000e+02	4.147200e+04	7.228235e-04	3.153305e-05	2.672000e+00
1.0	3.840000e+02	4.147200e+04	7.189995e-04	2.803803e-05	2.672000e+00
1.0	5.120000e+02	4.147200e+04	7.228024e-04	3.333650e-05	2.672000e+00
1.0	6.400000e+02	4.147200e+04	7.227910e-04	3.743355e-05	2.672000e+00
1.0	7.580000e+02	4.147200e+04	7.308493e-04	3.308111e-05	2.672000e+00
1.0	8.760000e+02	4.147200e+04	7.262203e-04	2.632074e-05	2.672000e+00
1.0	1.024000e+03	4.147200e+04	7.227462e-04	2.812940e-05	2.672000e+00
1.0	1.280000e+03	4.147200e+04	7.227902e-04	2.318834e-05	2.672000e+00
1.0	1.536000e+03	4.147200e+04	7.231691e-04	3.002647e-05	2.672000e+00
1.0	1.280000e+02	4.147200e+04	6.436628e-04	2.476052e-05	2.712000e+00
1.0	2.560000e+02	4.147200e+04	6.432565e-04	2.614259e-05	2.712000e+00
1.0	3.840000e+02	4.147200e+04	6.438177e-04	2.675920e-05	2.712000e+00
1.0	5.120000e+02	4.147200e+04	6.432611e-04	2.551631e-05	2.712000e+00
1.0	6.400000e+02	4.147200e+04	6.432913e-04	2.604565e-05	2.712000e+00
1.0	7.580000e+02	4.147200e+04	6.442502e-04	1.971789e-05	2.712000e+00
1.0	8.760000e+02	4.147200e+04	6.475658e-04	1.986013e-05	2.712000e+00
1.0	1.024000e+03	4.147200e+04	6.434219e-04	2.858448e-05	2.712000e+00
1.0	1.280000e+03	4.147200e+04	6.432294e-04	2.194837e-05	2.712000e+00
1.0	1.536000e+03	4.147200e+04	6.513426e-04	2.368343e-05	2.712000e+00
1.0	1.280000e+02	4.147200e+04	5.694759e-04	2.026496e-05	2.752000e+00
1.0	2.560000e+02	4.147200e+04	5.702815e-04	2.231508e-05	2.752000e+00
1.0	3.840000e+02	4.147200e+04	5.693549e-04	2.229858e-05	2.752000e+00
1.0	5.120000e+02	4.147200e+04	5.701959e-04	1.786300e-05	2.752000e+00
1.0	6.400000e+02	4.147200e+04	5.703624e-04	1.856473e-05	2.752000e+00
1.0	7.580000e+02	4.147200e+04	5.681393e-04	1.698903e-05	2.752000e+00
1.0	8.760000e+02	4.147200e+04	5.697624e-04	1.969521e-05	2.752000e+00
1.0	1.024000e+03	4.147200e+04	5.702759e-04	1.754018e-05	2.752000e+00
1.0	1.280000e+03	4.147200e+04	5.703228e-04	1.919823e-05	2.752000e+00
1.0	1.536000e+03	4.147200e+04	5.656194e-04	1.877826e-05	2.752000e+00
1.0	1.280000e+02	4.147200e+04	4.024845e-04	1.137497e-05	2.888000e+00
1.0	2.560000e+02	4.147200e+04	4.041563e-04	1.315307e-05	2.888000e+00
1.0	3.840000e+02	4.147200e+04	4.024129e-04	1.369320e-05	2.888000e+00
1.0	5.120000e+02	4.147200e+04	4.042483e-04	1.329367e-05	2.888000e+00
1.0	6.400000e+02	4.147200e+04	4.042445e-04	1.472856e-05	2.888000e+00
1.0	7.580000e+02	4.147200e+04	4.046613e-04	1.444023e-05	2.888000e+00
1.0	8.760000e+02	4.147200e+04	4.044319e-04	1.316451e-05	2.888000e+00
1.0	1.024000e+03	4.147200e+04	4.042659e-04	1.263016e-05	2.888000e+00
1.0	1.280000e+03	4.147200e+04	4.041199e-04	1.432644e-05	2.888000e+00
1.0	1.536000e+03	4.147200e+04	4.027048e-04	1.740395e-05	2.888000e+00
1.0	1.280000e+02	4.147200e+04	2.979038e-04	7.284969e-06	3.048000e+00
1.0	2.560000e+02	4.147200e+04	2.982867e-04	7.864522e-06	3.048000e+00
1.0	3.840000e+02	4.147200e+04	2.979378e-04	8.150459e-06	3.048000e+00
1.0	5.120000e+02	4.147200e+04	2.983709e-04	7.226602e-06	3.048000e+00
1.0	6.400000e+02	4.147200e+04	2.983787e-04	8.503040e-06	3.048000e+00
1.0	7.580000e+02	4.147200e+04	2.965477e-04	7.539270e-06	3.048000e+00
1.0	8.760000e+02	4.147200e+04	2.974449e-04	8.287774e-06	3.048000e+00
1.0	1.024000e+03	4.147200e+04	2.984065e-04	8.480134e-06	3.048000e+00
1.0	1.280000e+03	4.147200e+04	2.984058e-04	8.342785e-06	3.048000e+00
1.0	1.536000e+03	4.147200e+04	2.973124e-04	9.661822e-06	3.048000e+00
1.0	1.280000e+02	4.147200e+04	2.219878e-04	5.208061e-06	3.208000e+00
1.0	2.560000e+02	4.147200e+04	2.220734e-04	5.219114e-06	3.208000e+00
1.0	3.840000e+02	4.147200e+04	2.219787e-04	4.783960e-06	3.208000e+00
1.0	5.120000e+02	4.147200e+04	2.220533e-04	4.811894e-06	3.208000e+00
1.0	6.400000e+02	4.147200e+04	2.220820e-04	4.976406e-06	3.208000e+00
1.0	7.580000e+02	4.147200e+04	2.209350e-04	4.569762e-06	3.208000e+00
1.0	8.760000e+02	4.147200e+04	2.220279e-04	5.588787e-06	3.208000e+00
1.0	1.024000e+03	4.147200e+04	2.220443e-04	4.598183e-06	3.208000e+00
1.0	1.280000e+03	4.147200e+04	2.220856e-04	5.628757e-06	3.208000e+00
1.0	1.536000e+03	4.147200e+04	2.200868e-04	4.612436e-06	3.208000e+00
1.0	1.280000e+02	4.147200e+04	1.913726e-04	4.174639e-06	3.368000e+00
1.0	2.560000e+02	4.147200e+04	1.917538e-04	3.982428e-06	3.368000e+00
1.0	3.840000e+02	4.147200e+04	1.913502e-04	3.903542e-06	3.368000e+00
1.0	5.120000e+02	4.147200e+04	1.917616e-04	3.518590e-06	3.368000e+00
1.0	6.400000e+02	4.147200e+04	1.917356e-04	4.411617e-06	3.368000e+00
1.0	7.580000e+02	4.147200e+04	1.911236e-04	3.443691e-06	3.368000e+00
1.0	8.760000e+02	4.147200e+04	1.917415e-04	3.380973e-06	3.368000e+00
1.0	1.024000e+03	4.147200e+04	1.917236e-04	3.962632e-06	3.368000e+00
1.0	1.280000e+03	4.147200e+04	1.917448e-04	3.968878e-06	3.368000e+00
1.0	1.536000e+03	4.147200e+04	1.916803e-04	4.231881e-06	3.368000e+00
1.0	1.280000e+02	4.147200e+04	1.591196e-04	3.284559e-06	3.528000e+00
1.0	2.560000e+02	4.147200e+04	1.584493e-04	3.113533e-06	3.528000e+00
1.0	3.840000e+02	4.147200e+04	1.590926e-04	3.338919e-06	3.528000e+00
1.0	5.120000e+02	4.147200e+04	1.584683e-04	3.356013e-06	3.528000e+00
1.0	6.400000e+02	4.147200e+04	1.584765e-04	3.030051e-06	3.528000e+00
1.0	7.580000e+02	4.147200e+04	1.573330e-04	3.029376e-06	3.528000e+00
1.0	8.760000e+02	4.147200e+04	1.571885e-04	3.819144e-06	3.528000e+00
1.0	1.024000e+03	4.147200e+04	1.584433e-04	4.109282e-06	3.528000e+00
1.0	1.280000e+03	4.147200e+04	1.584470e-04	3.480838e-06	3.528000e+00
1.0	1.536000e+03	4.147200e+04	1.583321e-04	4.220177e-06	3.528000e+00
