1.0	1.280000e+02	4.096000e+04	1.000000e+00	0.000000e+00	5.000000e-02
1.0	2.560000e+02	4.096000e+04	1.000000e+00	0.000000e+00	5.000000e-02
1.0	3.840000e+02	4.096000e+04	1.000000e+00	0.000000e+00	5.000000e-02
1.0	5.120000e+02	4.096000e+04	1.000000e+00	0.000000e+00	5.000000e-02
1.0	6.400000e+02	4.096000e+04	1.000000e+00	0.000000e+00	5.000000e-02
1.0	7.580000e+02	4.096000e+04	1.000000e+00	0.000000e+00	5.000000e-02
1.0	8.760000e+02	4.096000e+04	1.000000e+00	0.000000e+00	5.000000e-02
1.0	1.024000e+03	4.096000e+04	1.000000e+00	0.000000e+00	5.000000e-02
1.0	1.280000e+03	4.096000e+04	1.000000e+00	0.000000e+00	5.000000e-02
1.0	1.536000e+03	4.096000e+04	1.000000e+00	0.000000e+00	5.000000e-02
1.0	1.280000e+02	4.096000e+04	1.000000e+00	0.000000e+00	2.500000e-01
1.0	2.560000e+02	4.096000e+04	1.000000e+00	0.000000e+00	2.500000e-01
1.0	3.840000e+02	4.096000e+04	1.000000e+00	0.000000e+00	2.500000e-01
1.0	5.120000e+02	4.096000e+04	1.000000e+00	0.000000e+00	2.500000e-01
1.0	6.400000e+02	4.096000e+04	1.000000e+00	0.000000e+00	2.500000e-01
1.0	7.580000e+02	4.096000e+04	1.000000e+00	0.000000e+00	2.500000e-01
1.0	8.760000e+02	4.096000e+04	1.000000e+00	0.000000e+00	2.500000e-01
1.0	1.024000e+03	4.096000e+04	1.000000e+00	0.000000e+00	2.500000e-01
1.0	1.280000e+03	4.096000e+04	1.000000e+00	0.000000e+00	2.500000e-01
1.0	1.536000e+03	4.096000e+04	1.000000e+00	0.000000e+00	2.500000e-01
1.0	1.280000e+02	4.096000e+04	1.000000e+00	1.340856e-08	4.500000e-01
1.0	2.560000e+02	4.096000e+04	1.000000e+00	1.274403e-08	4.500000e-01
1.0	3.840000e+02	4.096000e+04	1.000000e+00	1.235113e-08	4.500000e-01
1.0	5.120000e+02	4.096000e+04	1.000000e+00	1.358863e-08	4.500000e-01
1.0	6.400000e+02	4.096000e+04	1.000000e+00	1.281735e-08	4.500000e-01
1.0	7.580000e+02	4.096000e+04	1.000000e+00	1.484720e-08	4.500000e-01
1.0	8.760000e+02	4.096000e+04	1.000000e+00	1.646362e-08	4.500000e-01
1.0	1.024000e+03	4.096000e+04	1.000000e+00	1.678645e-08	4.500000e-01
1.0	1.280000e+03	4.096000e+04	1.000000e+00	1.399517e-08	4.500000e-01
1.0	1.536000e+03	4.096000e+04	1.000000e+00	1.667445e-08	4.500000e-01
1.0	1.280000e+02	4.096000e+04	9.999909e-01	1.732353e-07	6.500000e-01
1.0	2.560000e+02	4.096000e+04	9.999909e-01	1.692549e-07	6.500000e-01
1.0	3.840000e+02	4.096000e+04	9.999909e-01	1.610890e-07	6.500000e-01
1.0	5.120000e+02	4.096000e+04	9.999909e-01	1.788242e-07	6.500000e-01
1.0	6.400000e+02	4.096000e+04	9.999909e-01	2.173152e-07	6.500000e-01
1.0	7.580000e+02	4.096000e+04	9.999909e-01	2.007646e-07	6.500000e-01
1.0	8.760000e+02	4.096000e+04	9.999909e-01	2.444493e-07	6.500000e-01
1.0	1.024000e+03	4.096000e+04	9.999909e-01	1.712438e-07	6.500000e-01
1.0	1.280000e+03	4.096000e+04	9.999909e-01	2.137721e-07	6.500000e-01
1.0	1.536000e+03	4.096000e+04	9.999909e-01	2.387119e-07	6.500000e-01
1.0	1.280000e+02	4.096000e+04	9.998312e-01	1.028357e-06	8.500000e-01
1.0	2.560000e+02	4.096000e+04	9.998312e-01	1.083452e-06	8.500000e-01
1.0	3.840000e+02	4.096000e+04	9.998314e-01	1.063708e-06	8.500000e-01
1.0	5.120000e+02	4.096000e+04	9.998312e-01	1.077429e-06	8.500000e-01
1.0	6.400000e+02	4.096000e+04	9.998312e-01	1.009642e-06	8.500000e-01
1.0	7.580000e+02	4.096000e+04	9.998314e-01	1.039456e-06	8.500000e-01
1.0	8.760000e+02	4.096000e+04	9.998314e-01	9.112545e-07	8.500000e-01
1.0	1.024000e+03	4.096000e+04	9.998312e-01	1.098088e-06	8.500000e-01
1.0	1.280000e+03	4.096000e+04	9.998312e-01	9.471045e-07	8.500000e-01
1.0	1.536000e+03	4.096000e+04	9.998314e-01	1.365458e-06	8.500000e-01
1.0	1.280000e+02	4.096000e+04	9.989222e-01	2.192577e-06	1.050000e+00
1.0	2.560000e+02	4.096000e+04	9.989222e-01	2.288922e-06	1.050000e+00
1.0	3.840000e+02	4.096000e+04	9.989228e-01	1.987702e-06	1.050000e+00
1.0	5.120000e+02	4.096000e+04	9.989222e-01	2.104878e-06	1.050000e+00
1.0	6.400000e+02	4.096000e+04	9.989222e-01	1.473571e-06	1.050000e+00
1.0	7.580000e+02	4.096000e+04	9.989225e-01	2.468731e-06	1.050000e+00
1.0	8.760000e+02	4.096000e+04	9.989228e-01	1.731724e-06	1.050000e+00
1.0	1.024000e+03	4.096000e+04	9.989222e-01	1.231105e-06	1.050000e+00
1.0	1.280000e+03	4.096000e+04	9.989222e-01	1.189687e-06	1.050000e+00
1.0	1.536000e+03	4.096000e+04	9.989224e-01	1.532853e-06	1.050000e+00
1.0	1.280000e+02	4.096000e+04	9.960236e-01	5.335111e-06	1.250000e+00
1.0	2.560000e+02	4.096000e+04	9.960236e-01	5.097102e-06	1.250000e+00
1.0	3.840000e+02	4.096000e+04	9.960248e-01	5.899753e-06	1.250000e+00
1.0	5.120000e+02	4.096000e+04	9.960236e-01	6.139718e-06	1.250000e+00
1.0	6.400000e+02	4.096000e+04	9.960235e-01	6.411738e-06	1.250000e+00
1.0	7.580000e+02	4.096000e+04	9.960265e-01	5.975872e-06	1.250000e+00
1.0	8.760000e+02	4.096000e+04	9.960260e-01	5.735115e-06	1.250000e+00
1.0	1.024000e+03	4.096000e+04	9.960236e-01	5.039745e-06	1.250000e+00
1.0	1.280000e+03	4.096000e+04	9.960235e-01	6.126012e-06	1.250000e+00
1.0	1.536000e+03	4.096000e+04	9.960265e-01	5.934267e-06	1.250000e+00
1.0	1.280000e+02	4.096000e+04	9.891571e-01	1.107142e-05	1.450000e+00
1.0	2.560000e+02	4.096000e+04	9.891573e-01	1.182098e-05	1.450000e+00
1.0	3.840000e+02	4.096000e+04	9.891551e-01	1.248517e-05	1.450000e+00
1.0	5.120000e+02	4.096000e+04	9.891572e-01	1.128660e-05	1.450000e+00
1.0	6.400000e+02	4.096000e+04	9.891573e-01	1.264122e-05	1.450000e+00
1.0	7.580000e+02	4.096000e+04	9.891578e-01	1.370910e-05	1.450000e+00
1.0	8.760000e+02	4.096000e+04	9.891581e-01	1.055682e-05	1.450000e+00
1.0	1.024000e+03	4.096000e+04	9.891572e-01	9.393421e-06	1.450000e+00
1.0	1.280000e+03	4.096000e+04	9.891573e-01	1.325208e-05	1.450000e+00
1.0	1.536000e+03	4.096000e+04	9.891541e-01	9.222739e-06	1.450000e+00
1.0	1.280000e+02	4.096000e+04	9.752414e-01	2.064762e-05	1.650000e+00
1.0	2.560000e+02	4.096000e+04	9.752416e-01	1.899959e-05	1.650000e+00
1.0	3.840000e+02	4.096000e+04	9.752357e-01	1.905237e-05	1.650000e+00
1.0	5.120000e+02	4.096000e+04	9.752413e-01	2.094324e-05	1.650000e+00
1.0	6.400000e+02	4.096000e+04	9.752414e-01	1.883387e-05	1.650000e+00
1.0	7.580000e+02	4.096000e+04	9.752326e-01	2.040825e-05	1.650000e+00
1.0	8.760000e+02	4.096000e+04	9.752303e-01	1.999189e-05	1.650000e+00
1.0	1.024000e+03	4.096000e+04	9.752416e-01	2.101983e-05	1.650000e+00
1.0	1.280000e+03	4.096000e+04	9.752415e-01	1.571608e-05	1.650000e+00
1.0	1.536000e+03	4.096000e+04	9.752317e-01	2.139156e-05	1.650000e+00
1.0	1.280000e+02	4.096000e+04	9.484026e-01	4.766436e-05	1.850000e+00
1.0	2.560000e+02	4.096000e+04	9.484024e-01	4.278893e-05	1.850000e+00
1.0	3.840000e+02	4.096000e+04	9.484050e-01	4.614068e-05	1.850000e+00
1.0	5.120000e+02	4.096000e+04	9.484027e-01	4.834464e-05	1.850000e+00
1.0	6.400000e+02	4.096000e+04	9.484026e-01	4.887870e-05	1.850000e+00
1.0	7.580000e+02	4.096000e+04	9.484020e-01	4.784401e-05	1.850000e+00
1.0	8.760000e+02	4.096000e+04	9.484190e-01	3.665130e-05	1.850000e+00
1.0	1.024000e+03	4.096000e+04	9.484029e-01	4.151561e-05	1.850000e+00
1.0	1.280000e+03	4.096000e+04	9.484026e-01	2.247260e-05	1.850000e+00
1.0	1.536000e+03	4.096000e+04	9.484260e-01	4.206298e-05	1.850000e+00
1.0	1.280000e+02	4.096000e+04	9.113040e-01	9.420238e-05	2.000000e+00
1.0	2.560000e+02	4.096000e+04	9.113039e-01	1.057518e-04	2.000000e+00
1.0	3.840000e+02	4.096000e+04	9.113315e-01	1.104068e-04	2.000000e+00
1.0	5.120000e+02	4.096000e+04	9.113041e-01	9.941312e-05	2.000000e+00
1.0	6.400000e+02	4.096000e+04	9.113040e-01	1.065778e-04	2.000000e+00
1.0	7.580000e+02	4.096000e+04	9.113268e-01	1.125848e-04	2.000000e+00
1.0	8.760000e+02	4.096000e+04	9.112976e-01	7.973660e-05	2.000000e+00
1.0	1.024000e+03	4.096000e+04	9.113045e-01	9.121548e-05	2.000000e+00
1.0	1.280000e+03	4.096000e+04	9.113044e-01	8.131497e-05	2.000000e+00
1.0	1.536000e+03	4.096000e+04	9.112786e-01	9.433283e-05	2.000000e+00
1.0	1.280000e+02	4.096000e+04	9.059829e-01	1.128033e-04	2.016000e+00
1.0	2.560000e+02	4.096000e+04	9.059834e-01	1.167308e-04	2.016000e+00
1.0	3.840000e+02	4.096000e+04	9.059727e-01	1.179624e-04	2.016000e+00
1.0	5.120000e+02	4.096000e+04	9.059837e-01	1.325676e-04	2.016000e+00
1.0	6.400000e+02	4.096000e+04	9.059842e-01	1.353053e-04	2.016000e+00
1.0	7.580000e+02	4.096000e+04	9.059695e-01	1.516669e-04	2.016000e+00
1.0	8.760000e+02	4.096000e+04	9.059711e-01	1.510762e-04	2.016000e+00
1.0	1.024000e+03	4.096000e+04	9.059831e-01	1.794200e-04	2.016000e+00
1.0	1.280000e+03	4.096000e+04	9.059838e-01	1.695666e-04	2.016000e+00
1.0	1.536000e+03	4.096000e+04	9.059371e-01	1.960476e-04	2.016000e+00
1.0	1.280000e+02	4.096000e+04	8.999175e-01	1.406174e-04	2.032000e+00
1.0	2.560000e+02	4.096000e+04	8.999185e-01	1.267418e-04	2.032000e+00
1.0	3.840000e+02	4.096000e+04	8.998979e-01	1.436019e-04	2.032000e+00
1.0	5.120000e+02	4.096000e+04	8.999198e-01	1.358210e-04	2.032000e+00
1.0	6.400000e+02	4.096000e+04	8.999186e-01	1.567774e-04	2.032000e+00
1.0	7.580000e+02	4.096000e+04	8.999161e-01	1.356963e-04	2.032000e+00
1.0	8.760000e+02	4.096000e+04	8.999044e-01	1.115877e-04	2.032000e+00
1.0	1.024000e+03	4.096000e+04	8.999186e-01	1.288209e-04	2.032000e+00
1.0	1.280000e+03	4.096000e+04	8.999184e-01	1.334085e-04	2.032000e+00
1.0	1.536000e+03	4.096000e+04	8.999094e-01	1.817141e-04	2.032000e+00
1.0	1.280000e+02	4.096000e+04	8.934949e-01	1.334304e-04	2.048000e+00
1.0	2.560000e+02	4.096000e+04	8.934949e-01	1.268837e-04	2.048000e+00
1.0	3.840000e+02	4.096000e+04	8.935250e-01	1.618583e-04	2.048000e+00
1.0	5.120000e+02	4.096000e+04	8.934936e-01	1.128691e-04	2.048000e+00
1.0	6.400000e+02	4.096000e+04	8.934961e-01	1.167020e-04	2.048000e+00
1.0	7.580000e+02	4.096000e+04	8.935126e-01	8.959575e-05	2.048000e+00
1.0	8.760000e+02	4.096000e+04	8.935056e-01	1.106424e-04	2.048000e+00
1.0	1.024000e+03	4.096000e+04	8.934948e-01	1.345100e-04	2.048000e+00
1.0	1.280000e+03	4.096000e+04	8.934954e-01	1.257950e-04	2.048000e+00
1.0	1.536000e+03	4.096000e+04	8.934996e-01	1.349238e-04	2.048000e+00
1.0	1.280000e+02	4.096000e+04	8.864859e-01	1.892192e-04	2.064000e+00
1.0	2.560000e+02	4.096000e+04	8.864872e-01	1.757344e-04	2.064000e+00
1.0	3.840000e+02	4.096000e+04	8.864668e-01	1.995579e-04	2.064000e+00
1.0	5.120000e+02	4.096000e+04	8.864857e-01	1.735570e-04	2.064000e+00
1.0	6.400000e+02	4.096000e+04	8.864851e-01	1.749915e-04	2.064000e+00
1.0	7.580000e+02	4.096000e+04	8.864848e-01	2.034266e-04	2.064000e+00
1.0	8.760000e+02	4.096000e+04	8.865289e-01	2.071015e-04	2.064000e+00
1.0	1.024000e+03	4.096000e+04	8.864878e-01	2.157201e-04	2.064000e+00
1.0	1.280000e+03	4.096000e+04	8.864873e-01	2.187413e-04	2.064000e+00
1.0	1.536000e+03	4.096000e+04	8.865328e-01	9.914112e-05	2.064000e+00
1.0	1.280000e+02	4.096000e+04	8.790589e-01	1.902186e-04	2.080000e+00
1.0	2.560000e+02	4.096000e+04	8.790580e-01	1.769025e-04	2.080000e+00
1.0	3.840000e+02	4.096000e+04	8.790888e-01	1.927255e-04	2.080000e+00
1.0	5.120000e+02	4.096000e+04	8.790596e-01	1.862052e-04	2.080000e+00
1.0	6.400000e+02	4.096000e+04	8.790586e-01	1.851381e-04	2.080000e+00
1.0	7.580000e+02	4.096000e+04	8.790967e-01	1.801647e-04	2.080000e+00
1.0	8.760000e+02	4.096000e+04	8.790896e-01	1.441472e-04	2.080000e+00
1.0	1.024000e+03	4.096000e+04	8.790590e-01	1.290441e-04	2.080000e+00
1.0	1.280000e+03	4.096000e+04	8.790580e-01	1.309306e-04	2.080000e+00
1.0	1.536000e+03	4.096000e+04	8.790510e-01	1.834566e-04	2.080000e+00
1.0	1.280000e+02	4.096000e+04	8.709426e-01	2.690179e-04	2.096000e+00
1.0	2.560000e+02	4.096000e+04	8.709439e-01	3.005944e-04	2.096000e+00
1.0	3.840000e+02	4.096000e+04	8.709391e-01	2.732859e-04	2.096000e+00
1.0	5.120000e+02	4.096000e+04	8.709441e-01	2.617078e-04	2.096000e+00
1.0	6.400000e+02	4.096000e+04	8.709426e-01	2.613074e-04	2.096000e+00
1.0	7.580000e+02	4.096000e+04	8.709431e-01	3.014123e-04	2.096000e+00
1.0	8.760000e+02	4.096000e+04	8.710050e-01	2.871488e-04	2.096000e+00
1.0	1.024000e+03	4.096000e+04	8.709438e-01	3.151132e-04	2.096000e+00
1.0	1.280000e+03	4.096000e+04	8.709444e-01	3.365419e-04	2.096000e+00
1.0	1.536000e+03	4.096000e+04	8.709874e-01	3.798922e-04	2.096000e+00
1.0	1.280000e+02	4.096000e+04	8.615244e-01	2.902847e-04	2.112000e+00
1.0	2.560000e+02	4.096000e+04	8.615232e-01	3.010079e-04	2.112000e+00
1.0	3.840000e+02	4.096000e+04	8.615451e-01	2.843445e-04	2.112000e+00
1.0	5.120000e+02	4.096000e+04	8.615225e-01	2.741055e-04	2.112000e+00
1.0	6.400000e+02	4.096000e+04	8.615221e-01	3.129585e-04	2.112000e+00
1.0	7.580000e+02	4.096000e+04	8.615233e-01	2.977465e-04	2.112000e+00
1.0	8.760000e+02	4.096000e+04	8.615050e-01	3.557150e-04	2.112000e+00
1.0	1.024000e+03	4.096000e+04	8.615240e-01	2.981018e-04	2.112000e+00
1.0	1.280000e+03	4.096000e+04	8.615229e-01	2.772103e-04	2.112000e+00
1.0	1.536000e+03	4.096000e+04	8.615551e-01	3.650570e-04	2.112000e+00
1.0	1.280000e+02	4.096000e+04	8.522720e-01	2.913207e-04	2.128000e+00
1.0	2.560000e+02	4.096000e+04	8.522717e-01	2.909776e-04	2.128000e+00
1.0	3.840000e+02	4.096000e+04	8.522926e-01	2.741440e-04	2.128000e+00
1.0	5.120000e+02	4.096000e+04	8.522706e-01	2.420202e-04	2.128000e+00
1.0	6.400000e+02	4.096000e+04	8.522716e-01	3.133719e-04	2.128000e+00
1.0	7.580000e+02	4.096000e+04	8.523403e-01	2.859994e-04	2.128000e+00
1.0	8.760000e+02	4.096000e+04	8.523420e-01	2.440551e-04	2.128000e+00
1.0	1.024000e+03	4.096000e+04	8.522736e-01	2.891736e-04	2.128000e+00
1.0	1.280000e+03	4.096000e+04	8.522699e-01	3.928537e-04	2.128000e+00
1.0	1.536000e+03	4.096000e+04	8.523893e-01	2.172495e-04	2.128000e+00
1.0	1.280000e+02	4.096000e+04	8.408491e-01	3.084791e-04	2.144000e+00
1.0	2.560000e+02	4.096000e+04	8.408468e-01	2.960218e-04	2.144000e+00
1.0	3.840000e+02	4.096000e+04	8.408724e-01	3.007830e-04	2.144000e+00
1.0	5.120000e+02	4.096000e+04	8.408478e-01	2.543371e-04	2.144000e+00
1.0	6.400000e+02	4.096000e+04	8.408478e-01	2.496787e-04	2.144000e+00
1.0	7.580000e+02	4.096000e+04	8.408503e-01	2.367567e-04	2.144000e+00
1.0	8.760000e+02	4.096000e+04	8.407977e-01	2.240082e-04	2.144000e+00
1.0	1.024000e+03	4.096000e+04	8.408480e-01	1.976838e-04	2.144000e+00
1.0	1.280000e+03	4.096000e+04	8.408491e-01	2.041051e-04	2.144000e+00
1.0	1.536000e+03	4.096000e+04	8.408114e-01	2.647199e-04	2.144000e+00
1.0	1.280000e+02	4.096000e+04	8.272512e-01	5.501400e-04	2.160000e+00
1.0	2.560000e+02	4.096000e+04	8.272481e-01	5.824079e-04	2.160000e+00
1.0	3.840000e+02	4.096000e+04	8.272089e-01	5.982463e-04	2.160000e+00
1.0	5.120000e+02	4.096000e+04	8.272496e-01	6.053904e-04	2.160000e+00
1.0	6.400000e+02	4.096000e+04	8.272548e-01	5.194634e-04	2.160000e+00
1.0	7.580000e+02	4.096000e+04	8.271184e-01	6.123901e-04	2.160000e+00
1.0	8.760000e+02	4.096000e+04	8.271864e-01	5.795330e-04	2.160000e+00
1.0	1.024000e+03	4.096000e+04	8.272519e-01	4.960818e-04	2.160000e+00
1.0	1.280000e+03	4.096000e+04	8.272471e-01	4.782333e-04	2.160000e+00
1.0	1.536000e+03	4.096000e+04	8.275545e-01	4.540921e-04	2.160000e+00
1.0	1.280000e+02	4.096000e+04	8.103587e-01	9.687959e-04	2.176000e+00
1.0	2.560000e+02	4.096000e+04	8.103627e-01	1.159799e-03	2.176000e+00
1.0	3.840000e+02	4.096000e+04	8.104727e-01	1.133823e-03	2.176000e+00
1.0	5.120000e+02	4.096000e+04	8.103607e-01	1.136570e-03	2.176000e+00
1.0	6.400000e+02	4.096000e+04	8.103594e-01	1.425500e-03	2.176000e+00
1.0	7.580000e+02	4.096000e+04	8.105610e-01	1.113753e-03	2.176000e+00
1.0	8.760000e+02	4.096000e+04	8.106048e-01	1.162936e-03	2.176000e+00
1.0	1.024000e+03	4.096000e+04	8.103618e-01	9.664520e-04	2.176000e+00
1.0	1.280000e+03	4.096000e+04	8.103527e-01	1.206703e-03	2.176000e+00
1.0	1.536000e+03	4.096000e+04	8.105167e-01	1.505527e-03	2.176000e+00
1.0	1.280000e+02	4.096000e+04	7.958391e-01	8.731672e-04	2.192000e+00
1.0	2.560000e+02	4.096000e+04	7.958364e-01	7.473823e-04	2.192000e+00
1.0	3.840000e+02	4.096000e+04	7.958518e-01	8.827823e-04	2.192000e+00
1.0	5.120000e+02	4.096000e+04	7.958397e-01	8.232822e-04	2.192000e+00
1.0	6.400000e+02	4.096000e+04	7.958422e-01	9.012901e-04	2.192000e+00
1.0	7.580000e+02	4.096000e+04	7.959081e-01	9.348414e-04	2.192000e+00
1.0	8.760000e+02	4.096000e+04	7.958285e-01	9.563462e-04	2.192000e+00
1.0	1.024000e+03	4.096000e+04	7.958418e-01	1.052738e-03	2.192000e+00
1.0	1.280000e+03	4.096000e+04	7.958370e-01	1.048348e-03	2.192000e+00
1.0	1.536000e+03	4.096000e+04	7.961042e-01	8.867725e-04	2.192000e+00
1.0	1.280000e+02	4.096000e+04	7.736345e-01	1.206712e-03	2.208000e+00
1.0	2.560000e+02	4.096000e+04	7.736360e-01	1.376519e-03	2.208000e+00
1.0	3.840000e+02	4.096000e+04	7.736267e-01	1.378245e-03	2.208000e+00
1.0	5.120000e+02	4.096000e+04	7.736375e-01	1.416755e-03	2.208000e+00
1.0	6.400000e+02	4.096000e+04	7.736332e-01	1.430991e-03	2.208000e+00
1.0	7.580000e+02	4.096000e+04	7.736179e-01	1.419209e-03	2.208000e+00
1.0	8.760000e+02	4.096000e+04	7.737498e-01	1.843771e-03	2.208000e+00
1.0	1.024000e+03	4.096000e+04	7.736422e-01	1.702837e-03	2.208000e+00
1.0	1.280000e+03	4.096000e+04	7.736436e-01	9.125643e-04	2.208000e+00
1.0	1.536000e+03	4.096000e+04	7.738699e-01	8.570821e-04	2.208000e+00
1.0	1.280000e+02	4.096000e+04	7.411003e-01	3.518212e-03	2.224000e+00
1.0	2.560000e+02	4.096000e+04	7.410862e-01	4.636220e-03	2.224000e+00
1.0	3.840000e+02	4.096000e+04	7.406877e-01	5.519056e-03	2.224000e+00
1.0	5.120000e+02	4.096000e+04	7.411084e-01	4.825714e-03	2.224000e+00
1.0	6.400000e+02	4.096000e+04	7.410770e-01	6.664370e-03	2.224000e+00
1.0	7.580000e+02	4.096000e+04	7.406124e-01	6.724592e-03	2.224000e+00
1.0	8.760000e+02	4.096000e+04	7.404888e-01	5.635688e-03	2.224000e+00
1.0	1.024000e+03	4.096000e+04	7.410865e-01	4.463647e-03	2.224000e+00
1.0	1.280000e+03	4.096000e+04	7.410734e-01	6.163526e-03	2.224000e+00
1.0	1.536000e+03	4.096000e+04	7.405175e-01	6.927304e-03	2.224000e+00
1.0	1.280000e+02	4.096000e+04	7.395875e-01	1.788798e-03	2.228000e+00
1.0	2.560000e+02	4.096000e+04	7.395704e-01	2.068330e-03	2.228000e+00
1.0	3.840000e+02	4.096000e+04	7.399744e-01	1.970270e-03	2.228000e+00
1.0	5.120000e+02	4.096000e+04	7.395922e-01	1.858053e-03	2.228000e+00
1.0	6.400000e+02	4.096000e+04	7.395796e-01	1.704397e-03	2.228000e+00
1.0	7.580000e+02	4.096000e+04	7.398973e-01	1.806894e-03	2.228000e+00
1.0	8.760000e+02	4.096000e+04	7.397424e-01	1.452149e-03	2.228000e+00
1.0	1.024000e+03	4.096000e+04	7.395781e-01	2.104767e-03	2.228000e+00
1.0	1.280000e+03	4.096000e+04	7.395813e-01	1.019182e-03	2.228000e+00
1.0	1.536000e+03	4.096000e+04	7.398570e-01	1.756514e-03	2.228000e+00
1.0	1.280000e+02	4.096000e+04	7.306513e-01	1.958525e-03	2.232000e+00
1.0	2.560000e+02	4.096000e+04	7.306568e-01	2.310966e-03	2.232000e+00
1.0	3.840000e+02	4.096000e+04	7.311473e-01	2.351334e-03	2.232000e+00
1.0	5.120000e+02	4.096000e+04	7.306364e-01	2.744637e-03	2.232000e+00
1.0	6.400000e+02	4.096000e+04	7.306385e-01	2.592390e-03	2.232000e+00
1.0	7.580000e+02	4.096000e+04	7.312862e-01	2.573594e-03	2.232000e+00
1.0	8.760000e+02	4.096000e+04	7.314550e-01	2.156319e-03	2.232000e+00
1.0	1.024000e+03	4.096000e+04	7.306543e-01	2.506224e-03	2.232000e+00
1.0	1.280000e+03	4.096000e+04	7.306291e-01	2.496451e-03	2.232000e+00
1.0	1.536000e+03	4.096000e+04	7.323527e-01	1.736537e-03	2.232000e+00
1.0	1.280000e+02	4.096000e+04	7.238378e-01	2.132377e-03	2.236000e+00
1.0	2.560000e+02	4.096000e+04	7.238325e-01	2.649033e-03	2.236000e+00
1.0	3.840000e+02	4.096000e+04	7.239877e-01	2.612821e-03	2.236000e+00
1.0	5.120000e+02	4.096000e+04	7.238488e-01	2.609862e-03	2.236000e+00
1.0	6.400000e+02	4.096000e+04	7.238262e-01	2.654572e-03	2.236000e+00
1.0	7.580000e+02	4.096000e+04	7.238640e-01	2.101212e-03	2.236000e+00
1.0	8.760000e+02	4.096000e+04	7.237375e-01	2.489641e-03	2.236000e+00
1.0	1.024000e+03	4.096000e+04	7.238432e-01	2.747013e-03	2.236000e+00
1.0	1.280000e+03	4.096000e+04	7.238262e-01	1.710416e-03	2.236000e+00
1.0	1.536000e+03	4.096000e+04	7.239005e-01	1.877767e-03	2.236000e+00
1.0	1.280000e+02	4.096000e+04	7.029509e-01	3.517972e-03	2.240000e+00
1.0	2.560000e+02	4.096000e+04	7.029217e-01	4.673697e-03	2.240000e+00
1.0	3.840000e+02	4.096000e+04	7.026077e-01	5.558912e-03	2.240000e+00
1.0	5.120000e+02	4.096000e+04	7.029222e-01	6.083629e-03	2.240000e+00
1.0	6.400000e+02	4.096000e+04	7.029309e-01	6.380332e-03	2.240000e+00
1.0	7.580000e+02	4.096000e+04	7.024099e-01	6.658290e-03	2.240000e+00
1.0	8.760000e+02	4.096000e+04	7.019104e-01	6.377462e-03	2.240000e+00
1.0	1.024000e+03	4.096000e+04	7.029121e-01	6.543850e-03	2.240000e+00
1.0	1.280000e+03	4.096000e+04	7.029259e-01	5.705827e-03	2.240000e+00
1.0	1.536000e+03	4.096000e+04	7.014599e-01	6.751703e-03	2.240000e+00
1.0	1.280000e+02	4.096000e+04	6.931695e-01	3.094195e-03	2.244000e+00
1.0	2.560000e+02	4.096000e+04	6.931776e-01	3.939751e-03	2.244000e+00
1.0	3.840000e+02	4.096000e+04	6.921953e-01	4.482679e-03	2.244000e+00
1.0	5.120000e+02	4.096000e+04	6.931399e-01	4.747375e-03	2.244000e+00
1.0	6.400000e+02	4.096000e+04	6.931728e-01	4.990890e-03	2.244000e+00
1.0	7.580000e+02	4.096000e+04	6.919693e-01	5.654498e-03	2.244000e+00
1.0	8.760000e+02	4.096000e+04	6.911464e-01	4.842796e-03	2.244000e+00
1.0	1.024000e+03	4.096000e+04	6.932095e-01	5.149590e-03	2.244000e+00
1.0	1.280000e+03	4.096000e+04	6.932020e-01	5.332016e-03	2.244000e+00
1.0	1.536000e+03	4.096000e+04	6.907096e-01	6.849416e-03	2.244000e+00
1.0	1.280000e+02	4.096000e+04	6.946827e-01	2.925070e-03	2.248000e+00
1.0	2.560000e+02	4.096000e+04	6.947175e-01	3.814808e-03	2.248000e+00
1.0	3.840000e+02	4.096000e+04	6.944266e-01	4.318295e-03	2.248000e+00
1.0	5.120000e+02	4.096000e+04	6.947304e-01	5.125164e-03	2.248000e+00
1.0	6.400000e+02	4.096000e+04	6.946666e-01	5.361951e-03	2.248000e+00
1.0	7.580000e+02	4.096000e+04	6.941995e-01	5.006167e-03	2.248000e+00
1.0	8.760000e+02	4.096000e+04	6.937782e-01	5.046452e-03	2.248000e+00
1.0	1.024000e+03	4.096000e+04	6.946649e-01	5.113678e-03	2.248000e+00
1.0	1.280000e+03	4.096000e+04	6.946740e-01	5.238860e-03	2.248000e+00
1.0	1.536000e+03	4.096000e+04	6.936331e-01	6.762928e-03	2.248000e+00
1.0	1.280000e+02	4.096000e+04	6.854317e-01	2.815804e-03	2.252000e+00
1.0	2.560000e+02	4.096000e+04	6.854875e-01	3.581410e-03	2.252000e+00
1.0	3.840000e+02	4.096000e+04	6.853389e-01	3.912545e-03	2.252000e+00
1.0	5.120000e+02	4.096000e+04	6.854130e-01	4.465844e-03	2.252000e+00
1.0	6.400000e+02	4.096000e+04	6.854421e-01	4.405181e-03	2.252000e+00
1.0	7.580000e+02	4.096000e+04	6.854250e-01	5.043408e-03	2.252000e+00
1.0	8.760000e+02	4.096000e+04	6.857422e-01	4.821970e-03	2.252000e+00
1.0	1.024000e+03	4.096000e+04	6.855051e-01	5.420658e-03	2.252000e+00
1.0	1.280000e+03	4.096000e+04	6.854370e-01	5.088945e-03	2.252000e+00
1.0	1.536000e+03	4.096000e+04	6.863772e-01	4.135699e-03	2.252000e+00
1.0	1.280000e+02	4.096000e+04	6.554736e-01	6.174349e-03	2.256000e+00
1.0	2.560000e+02	4.096000e+04	6.555244e-01	8.334428e-03	2.256000e+00
1.0	3.840000e+02	4.096000e+04	6.569946e-01	9.981389e-03	2.256000e+00
1.0	5.120000e+02	4.096000e+04	6.554890e-01	1.101400e-02	2.256000e+00
1.0	6.400000e+02	4.096000e+04	6.553968e-01	1.217921e-02	2.256000e+00
1.0	7.580000e+02	4.096000e+04	6.576304e-01	1.248904e-02	2.256000e+00
1.0	8.760000e+02	4.096000e+04	6.577084e-01	1.379964e-02	2.256000e+00
1.0	1.024000e+03	4.096000e+04	6.554171e-01	1.353992e-02	2.256000e+00
1.0	1.280000e+03	4.096000e+04	6.555048e-01	1.254865e-02	2.256000e+00
1.0	1.536000e+03	4.096000e+04	6.575153e-01	1.255667e-02	2.256000e+00
1.0	1.280000e+02	4.096000e+04	6.376214e-01	5.814808e-03	2.260000e+00
1.0	2.560000e+02	4.096000e+04	6.375951e-01	7.737867e-03	2.260000e+00
1.0	3.840000e+02	4.096000e+04	6.372692e-01	9.227242e-03	2.260000e+00
1.0	5.120000e+02	4.096000e+04	6.376132e-01	9.845635e-03	2.260000e+00
1.0	6.400000e+02	4.096000e+04	6.375454e-01	9.993095e-03	2.260000e+00
1.0	7.580000e+02	4.096000e+04	6.376503e-01	1.078466e-02	2.260000e+00
1.0	8.760000e+02	4.096000e+04	6.374402e-01	1.297136e-02	2.260000e+00
1.0	1.024000e+03	4.096000e+04	6.376032e-01	9.860535e-03	2.260000e+00
1.0	1.280000e+03	4.096000e+04	6.376141e-01	1.038754e-02	2.260000e+00
1.0	1.536000e+03	4.096000e+04	6.353212e-01	1.310097e-02	2.260000e+00
1.0	1.280000e+02	4.096000e+04	6.373466e-01	4.133459e-03	2.264000e+00
1.0	2.560000e+02	4.096000e+04	6.373377e-01	4.995562e-03	2.264000e+00
1.0	3.840000e+02	4.096000e+04	6.365381e-01	5.226529e-03	2.264000e+00
1.0	5.120000e+02	4.096000e+04	6.374022e-01	5.603274e-03	2.264000e+00
1.0	6.400000e+02	4.096000e+04	6.373519e-01	5.352626e-03	2.264000e+00
1.0	7.580000e+02	4.096000e+04	6.359299e-01	6.169437e-03	2.264000e+00
1.0	8.760000e+02	4.096000e+04	6.364073e-01	5.991805e-03	2.264000e+00
1.0	1.024000e+03	4.096000e+04	6.373255e-01	5.896471e-03	2.264000e+00
1.0	1.280000e+03	4.096000e+04	6.373634e-01	6.755353e-03	2.264000e+00
1.0	1.536000e+03	4.096000e+04	6.362363e-01	8.415250e-03	2.264000e+00
1.0	1.280000e+02	4.096000e+04	5.816216e-01	8.718586e-03	2.268000e+00
1.0	2.560000e+02	4.096000e+04	5.817272e-01	1.153910e-02	2.268000e+00
1.0	3.840000e+02	4.096000e+04	5.803805e-01	1.392324e-02	2.268000e+00
1.0	5.120000e+02	4.096000e+04	5.815535e-01	1.544507e-02	2.268000e+00
1.0	6.400000e+02	4.096000e+04	5.816026e-01	1.625192e-02	2.268000e+00
1.0	7.580000e+02	4.096000e+04	5.795593e-01	1.816335e-02	2.268000e+00
1.0	8.760000e+02	4.096000e+04	5.795281e-01	1.871592e-02	2.268000e+00
1.0	1.024000e+03	4.096000e+04	5.817937e-01	1.876170e-02	2.268000e+00
1.0	1.280000e+03	4.096000e+04	5.815497e-01	2.137332e-02	2.268000e+00
1.0	1.536000e+03	4.096000e+04	5.809066e-01	2.091996e-02	2.268000e+00
1.0	1.280000e+02	4.096000e+04	5.074199e-01	9.426466e-03	2.272000e+00
1.0	2.560000e+02	4.096000e+04	5.072342e-01	1.277575e-02	2.272000e+00
1.0	3.840000e+02	4.096000e+04	5.107872e-01	1.449422e-02	2.272000e+00
1.0	5.120000e+02	4.096000e+04	5.074015e-01	1.676626e-02	2.272000e+00
1.0	6.400000e+02	4.096000e+04	5.073688e-01	1.756892e-02	2.272000e+00
1.0	7.580000e+02	4.096000e+04	5.136314e-01	1.874901e-02	2.272000e+00
1.0	8.760000e+02	4.096000e+04	5.160694e-01	1.806813e-02	2.272000e+00
1.0	1.024000e+03	4.096000e+04	5.072962e-01	2.191271e-02	2.272000e+00
1.0	1.280000e+03	4.096000e+04	5.072714e-01	2.068507e-02	2.272000e+00
1.0	1.536000e+03	4.096000e+04	5.194484e-01	2.122722e-02	2.272000e+00
1.0	1.280000e+02	4.096000e+04	5.017413e-01	1.213249e-02	2.276000e+00
1.0	2.560000e+02	4.096000e+04	5.019408e-01	1.663966e-02	2.276000e+00
1.0	3.840000e+02	4.096000e+04	5.007925e-01	2.046019e-02	2.276000e+00
1.0	5.120000e+02	4.096000e+04	5.019189e-01	2.237834e-02	2.276000e+00
1.0	6.400000e+02	4.096000e+04	5.018399e-01	2.473445e-02	2.276000e+00
1.0	7.580000e+02	4.096000e+04	4.996600e-01	2.720215e-02	2.276000e+00
1.0	8.760000e+02	4.096000e+04	4.968895e-01	2.933391e-02	2.276000e+00
1.0	1.024000e+03	4.096000e+04	5.017960e-01	2.870002e-02	2.276000e+00
1.0	1.280000e+03	4.096000e+04	5.016512e-01	2.903666e-02	2.276000e+00
1.0	1.536000e+03	4.096000e+04	4.895900e-01	3.344357e-02	2.276000e+00
1.0	1.280000e+02	4.096000e+04	4.341820e-01	1.679691e-02	2.280000e+00
1.0	2.560000e+02	4.096000e+04	4.341359e-01	2.338940e-02	2.280000e+00
1.0	3.840000e+02	4.096000e+04	4.377877e-01	2.839933e-02	2.280000e+00
1.0	5.120000e+02	4.096000e+04	4.342647e-01	3.189812e-02	2.280000e+00
1.0	6.400000e+02	4.096000e+04	4.341496e-01	3.543121e-02	2.280000e+00
1.0	7.580000e+02	4.096000e+04	4.383650e-01	3.881445e-02	2.280000e+00
1.0	8.760000e+02	4.096000e+04	4.406115e-01	4.080874e-02	2.280000e+00
1.0	1.024000e+03	4.096000e+04	4.341201e-01	3.990783e-02	2.280000e+00
1.0	1.280000e+03	4.096000e+04	4.343225e-01	4.144344e-02	2.280000e+00
1.0	1.536000e+03	4.096000e+04	4.378637e-01	5.012119e-02	2.280000e+00
1.0	1.280000e+02	4.096000e+04	4.082841e-01	1.457193e-02	2.284000e+00
1.0	2.560000e+02	4.096000e+04	4.082346e-01	2.019808e-02	2.284000e+00
1.0	3.840000e+02	4.096000e+04	4.067731e-01	2.433425e-02	2.284000e+00
1.0	5.120000e+02	4.096000e+04	4.083420e-01	2.773950e-02	2.284000e+00
1.0	6.400000e+02	4.096000e+04	4.079411e-01	2.996415e-02	2.284000e+00
1.0	7.580000e+02	4.096000e+04	4.065701e-01	3.216821e-02	2.284000e+00
1.0	8.760000e+02	4.096000e+04	4.056575e-01	3.702469e-02	2.284000e+00
1.0	1.024000e+03	4.096000e+04	4.082284e-01	3.756132e-02	2.284000e+00
1.0	1.280000e+03	4.096000e+04	4.081582e-01	3.772976e-02	2.284000e+00
1.0	1.536000e+03	4.096000e+04	3.998864e-01	4.261607e-02	2.284000e+00
1.0	1.280000e+02	4.096000e+04	3.304291e-01	1.695068e-02	2.288000e+00
1.0	2.560000e+02	4.096000e+04	3.304399e-01	2.338758e-02	2.288000e+00
1.0	3.840000e+02	4.096000e+04	3.326837e-01	2.820145e-02	2.288000e+00
1.0	5.120000e+02	4.096000e+04	3.303287e-01	3.176449e-02	2.288000e+00
1.0	6.400000e+02	4.096000e+04	3.304999e-01	3.401985e-02	2.288000e+00
1.0	7.580000e+02	4.096000e+04	3.324354e-01	3.801391e-02	2.288000e+00
1.0	8.760000e+02	4.096000e+04	3.345909e-01	4.155293e-02	2.288000e+00
1.0	1.024000e+03	4.096000e+04	3.304543e-01	4.030214e-02	2.288000e+00
1.0	1.280000e+03	4.096000e+04	3.304999e-01	3.785602e-02	2.288000e+00
1.0	1.536000e+03	4.096000e+04	3.320551e-01	4.755890e-02	2.288000e+00
1.0	1.280000e+02	4.096000e+04	1.650489e-01	1.277620e-02	2.292000e+00
1.0	2.560000e+02	4.096000e+04	1.650072e-01	1.725371e-02	2.292000e+00
1.0	3.840000e+02	4.096000e+04	1.600325e-01	1.970279e-02	2.292000e+00
1.0	5.120000e+02	4.096000e+04	1.649268e-01	2.250394e-02	2.292000e+00
1.0	6.400000e+02	4.096000e+04	1.650929e-01	2.286206e-02	2.292000e+00
1.0	7.580000e+02	4.096000e+04	1.588282e-01	2.579395e-02	2.292000e+00
1.0	8.760000e+02	4.096000e+04	1.588992e-01	2.585054e-02	2.292000e+00
1.0	1.024000e+03	4.096000e+04	1.652250e-01	2.495105e-02	2.292000e+00
1.0	1.280000e+03	4.096000e+04	1.651260e-01	2.662282e-02	2.292000e+00
1.0	1.536000e+03	4.096000e+04	1.611476e-01	3.816135e-02	2.292000e+00
1.0	1.280000e+02	4.096000e+04	1.189617e-01	7.536570e-03	2.296000e+00
1.0	2.560000e+02	4.096000e+04	1.188522e-01	9.946601e-03	2.296000e+00
1.0	3.840000e+02	4.096000e+04	1.180129e-01	1.093879e-02	2.296000e+00
1.0	5.120000e+02	4.096000e+04	1.188279e-01	1.175238e-02	2.296000e+00
1.0	6.400000e+02	4.096000e+04	1.189330e-01	1.181983e-02	2.296000e+00
1.0	7.580000e+02	4.096000e+04	1.193083e-01	9.322748e-03	2.296000e+00
1.0	8.760000e+02	4.096000e+04	1.209873e-01	1.056612e-02	2.296000e+00
1.0	1.024000e+03	4.096000e+04	1.189943e-01	1.098272e-02	2.296000e+00
1.0	1.280000e+03	4.096000e+04	1.188623e-01	1.029957e-02	2.296000e+00
1.0	1.536000e+03	4.096000e+04	1.239379e-01	1.341844e-02	2.296000e+00
1.0	1.280000e+02	4.096000e+04	1.519232e-01	1.110695e-02	2.300000e+00
1.0	2.560000e+02	4.096000e+04	1.518761e-01	1.493730e-02	2.300000e+00
1.0	3.840000e+02	4.096000e+04	1.512950e-01	1.741529e-02	2.300000e+00
1.0	5.120000e+02	4.096000e+04	1.519123e-01	1.929840e-02	2.300000e+00
1.0	6.400000e+02	4.096000e+04	1.518071e-01	2.103310e-02	2.300000e+00
1.0	7.580000e+02	4.096000e+04	1.510094e-01	2.279143e-02	2.300000e+00
1.0	8.760000e+02	4.096000e+04	1.483142e-01	2.438367e-02	2.300000e+00
1.0	1.024000e+03	4.096000e+04	1.521055e-01	2.391966e-02	2.300000e+00
1.0	1.280000e+03	4.096000e+04	1.518748e-01	2.831165e-02	2.300000e+00
1.0	1.536000e+03	4.096000e+04	1.488436e-01	3.142609e-02	2.300000e+00
1.0	1.280000e+02	4.096000e+04	1.314926e-01	9.186556e-03	2.304000e+00
1.0	2.560000e+02	4.096000e+04	1.313739e-01	1.217145e-02	2.304000e+00
1.0	3.840000e+02	4.096000e+04	1.328758e-01	1.446144e-02	2.304000e+00
1.0	5.120000e+02	4.096000e+04	1.313327e-01	1.449332e-02	2.304000e+00
1.0	6.400000e+02	4.096000e+04	1.313738e-01	1.489637e-02	2.304000e+00
1.0	7.580000e+02	4.096000e+04	1.326649e-01	1.531751e-02	2.304000e+00
1.0	8.760000e+02	4.096000e+04	1.296600e-01	1.721902e-02	2.304000e+00
1.0	1.024000e+03	4.096000e+04	1.313867e-01	1.545202e-02	2.304000e+00
1.0	1.280000e+03	4.096000e+04	1.314728e-01	1.901681e-02	2.304000e+00
1.0	1.536000e+03	4.096000e+04	1.272831e-01	1.716061e-02	2.304000e+00
1.0	1.280000e+02	4.096000e+04	1.311966e-01	8.796174e-03	2.308000e+00
1.0	2.560000e+02	4.096000e+04	1.312131e-01	1.125701e-02	2.308000e+00
1.0	3.840000e+02	4.096000e+04	1.262825e-01	1.164152e-02	2.308000e+00
1.0	5.120000e+02	4.096000e+04	1.311868e-01	1.315276e-02	2.308000e+00
1.0	6.400000e+02	4.096000e+04	1.312262e-01	1.236286e-02	2.308000e+00
1.0	7.580000e+02	4.096000e+04	1.267120e-01	1.095438e-02	2.308000e+00
1.0	8.760000e+02	4.096000e+04	1.263020e-01	1.007097e-02	2.308000e+00
1.0	1.024000e+03	4.096000e+04	1.313017e-01	1.479928e-02	2.308000e+00
1.0	1.280000e+03	4.096000e+04	1.312114e-01	1.171313e-02	2.308000e+00
1.0	1.536000e+03	4.096000e+04	1.234826e-01	1.336836e-02	2.308000e+00
1.0	1.280000e+02	4.096000e+04	1.334630e-01	9.528828e-03	2.312000e+00
1.0	2.560000e+02	4.096000e+04	1.334340e-01	1.247822e-02	2.312000e+00
1.0	3.840000e+02	4.096000e+04	1.322784e-01	1.440569e-02	2.312000e+00
1.0	5.120000e+02	4.096000e+04	1.335525e-01	1.621614e-02	2.312000e+00
1.0	6.400000e+02	4.096000e+04	1.335623e-01	1.712910e-02	2.312000e+00
1.0	7.580000e+02	4.096000e+04	1.305756e-01	1.768412e-02	2.312000e+00
1.0	8.760000e+02	4.096000e+04	1.285676e-01	1.595149e-02	2.312000e+00
1.0	1.024000e+03	4.096000e+04	1.335434e-01	2.037551e-02	2.312000e+00
1.0	1.280000e+03	4.096000e+04	1.334960e-01	1.719032e-02	2.312000e+00
1.0	1.536000e+03	4.096000e+04	1.242636e-01	1.637026e-02	2.312000e+00
1.0	1.280000e+02	4.096000e+04	1.372496e-01	1.029835e-02	2.316000e+00
1.0	2.560000e+02	4.096000e+04	1.371699e-01	1.357943e-02	2.316000e+00
1.0	3.840000e+02	4.096000e+04	1.346875e-01	1.482503e-02	2.316000e+00
1.0	5.120000e+02	4.096000e+04	1.371801e-01	1.710124e-02	2.316000e+00
1.0	6.400000e+02	4.096000e+04	1.371744e-01	1.607093e-02	2.316000e+00
1.0	7.580000e+02	4.096000e+04	1.327931e-01	1.565115e-02	2.316000e+00
1.0	8.760000e+02	4.096000e+04	1.313113e-01	1.890608e-02	2.316000e+00
1.0	1.024000e+03	4.096000e+04	1.371672e-01	1.742365e-02	2.316000e+00
1.0	1.280000e+03	4.096000e+04	1.372360e-01	1.924068e-02	2.316000e+00
1.0	1.536000e+03	4.096000e+04	1.337002e-01	1.989797e-02	2.316000e+00
1.0	1.280000e+02	4.096000e+04	1.179977e-01	1.086475e-02	2.320000e+00
1.0	2.560000e+02	4.096000e+04	1.180120e-01	1.433788e-02	2.320000e+00
1.0	3.840000e+02	4.096000e+04	1.183583e-01	1.710215e-02	2.320000e+00
1.0	5.120000e+02	4.096000e+04	1.181185e-01	1.893336e-02	2.320000e+00
1.0	6.400000e+02	4.096000e+04	1.180574e-01	1.970146e-02	2.320000e+00
1.0	7.580000e+02	4.096000e+04	1.177296e-01	2.183704e-02	2.320000e+00
1.0	8.760000e+02	4.096000e+04	1.171093e-01	2.329071e-02	2.320000e+00
1.0	1.024000e+03	4.096000e+04	1.178675e-01	1.641174e-02	2.320000e+00
1.0	1.280000e+03	4.096000e+04	1.179418e-01	1.806732e-02	2.320000e+00
1.0	1.536000e+03	4.096000e+04	1.147744e-01	2.456642e-02	2.320000e+00
1.0	1.280000e+02	4.096000e+04	1.240753e-01	1.017173e-02	2.324000e+00
1.0	2.560000e+02	4.096000e+04	1.240499e-01	1.355848e-02	2.324000e+00
1.0	3.840000e+02	4.096000e+04	1.252573e-01	1.526788e-02	2.324000e+00
1.0	5.120000e+02	4.096000e+04	1.239596e-01	1.631544e-02	2.324000e+00
1.0	6.400000e+02	4.096000e+04	1.241438e-01	1.783793e-02	2.324000e+00
1.0	7.580000e+02	4.096000e+04	1.245485e-01	1.943226e-02	2.324000e+00
1.0	8.760000e+02	4.096000e+04	1.258267e-01	1.890680e-02	2.324000e+00
1.0	1.024000e+03	4.096000e+04	1.241180e-01	1.266123e-02	2.324000e+00
1.0	1.280000e+03	4.096000e+04	1.242197e-01	2.042001e-02	2.324000e+00
1.0	1.536000e+03	4.096000e+04	1.278274e-01	1.934326e-02	2.324000e+00
1.0	1.280000e+02	4.096000e+04	1.020162e-01	6.144375e-03	2.328000e+00
1.0	2.560000e+02	4.096000e+04	1.019914e-01	7.342700e-03	2.328000e+00
1.0	3.840000e+02	4.096000e+04	9.983679e-02	7.152579e-03	2.328000e+00
1.0	5.120000e+02	4.096000e+04	1.019591e-01	7.145178e-03	2.328000e+00
1.0	6.400000e+02	4.096000e+04	1.019713e-01	7.539812e-03	2.328000e+00
1.0	7.580000e+02	4.096000e+04	9.964431e-02	5.025782e-03	2.328000e+00
1.0	8.760000e+02	4.096000e+04	9.901893e-02	8.428109e-03	2.328000e+00
1.0	1.024000e+03	4.096000e+04	1.019551e-01	7.836624e-03	2.328000e+00
1.0	1.280000e+03	4.096000e+04	1.019648e-01	5.232209e-03	2.328000e+00
1.0	1.536000e+03	4.096000e+04	1.000183e-01	5.416376e-03	2.328000e+00
1.0	1.280000e+02	4.096000e+04	8.893390e-02	7.072818e-03	2.332000e+00
1.0	2.560000e+02	4.096000e+04	8.898707e-02	9.237759e-03	2.332000e+00
1.0	3.840000e+02	4.096000e+04	9.067148e-02	1.055329e-02	2.332000e+00
1.0	5.120000e+02	4.096000e+04	8.901357e-02	1.194223e-02	2.332000e+00
1.0	6.400000e+02	4.096000e+04	8.891120e-02	1.256585e-02	2.332000e+00
1.0	7.580000e+02	4.096000e+04	9.142378e-02	1.240654e-02	2.332000e+00
1.0	8.760000e+02	4.096000e+04	9.260637e-02	1.151891e-02	2.332000e+00
1.0	1.024000e+03	4.096000e+04	8.884077e-02	1.049906e-02	2.332000e+00
1.0	1.280000e+03	4.096000e+04	8.888851e-02	1.357408e-02	2.332000e+00
1.0	1.536000e+03	4.096000e+04	9.382916e-02	1.474814e-02	2.332000e+00
1.0	1.280000e+02	4.096000e+04	9.477116e-02	7.874348e-03	2.336000e+00
1.0	2.560000e+02	4.096000e+04	9.486566e-02	1.029208e-02	2.336000e+00
1.0	3.840000e+02	4.096000e+04	9.075688e-02	1.092662e-02	2.336000e+00
1.0	5.120000e+02	4.096000e+04	9.484905e-02	1.169571e-02	2.336000e+00
1.0	6.400000e+02	4.096000e+04	9.481544e-02	1.233392e-02	2.336000e+00
1.0	7.580000e+02	4.096000e+04	8.866705e-02	8.543644e-03	2.336000e+00
1.0	8.760000e+02	4.096000e+04	8.599245e-02	1.147047e-02	2.336000e+00
1.0	1.024000e+03	4.096000e+04	9.481512e-02	1.230836e-02	2.336000e+00
1.0	1.280000e+03	4.096000e+04	9.480781e-02	1.357973e-02	2.336000e+00
1.0	1.536000e+03	4.096000e+04	8.559501e-02	1.009246e-02	2.336000e+00
1.0	1.280000e+02	4.096000e+04	8.641139e-02	5.566488e-03	2.340000e+00
1.0	2.560000e+02	4.096000e+04	8.643301e-02	6.833589e-03	2.340000e+00
1.0	3.840000e+02	4.096000e+04	8.762315e-02	7.661551e-03	2.340000e+00
1.0	5.120000e+02	4.096000e+04	8.642927e-02	7.791199e-03	2.340000e+00
1.0	6.400000e+02	4.096000e+04	8.631958e-02	8.037581e-03	2.340000e+00
1.0	7.580000e+02	4.096000e+04	8.694664e-02	9.271657e-03	2.340000e+00
1.0	8.760000e+02	4.096000e+04	8.773042e-02	9.895295e-03	2.340000e+00
1.0	1.024000e+03	4.096000e+04	8.641923e-02	9.126443e-03	2.340000e+00
1.0	1.280000e+03	4.096000e+04	8.643981e-02	8.055775e-03	2.340000e+00
1.0	1.536000e+03	4.096000e+04	8.852173e-02	9.999487e-03	2.340000e+00
1.0	1.280000e+02	4.096000e+04	9.709311e-02	6.297908e-03	2.344000e+00
1.0	2.560000e+02	4.096000e+04	9.710700e-02	7.764699e-03	2.344000e+00
1.0	3.840000e+02	4.096000e+04	9.739841e-02	7.563515e-03	2.344000e+00
1.0	5.120000e+02	4.096000e+04	9.712934e-02	8.195238e-03	2.344000e+00
1.0	6.400000e+02	4.096000e+04	9.714958e-02	7.864229e-03	2.344000e+00
1.0	7.580000e+02	4.096000e+04	9.584553e-02	8.569696e-03	2.344000e+00
1.0	8.760000e+02	4.096000e+04	9.486025e-02	6.902720e-03	2.344000e+00
1.0	1.024000e+03	4.096000e+04	9.708905e-02	5.460941e-03	2.344000e+00
1.0	1.280000e+03	4.096000e+04	9.710849e-02	7.633478e-03	2.344000e+00
1.0	1.536000e+03	4.096000e+04	9.518023e-02	9.851827e-03	2.344000e+00
1.0	1.280000e+02	4.096000e+04	7.409761e-02	5.413717e-03	2.348000e+00
1.0	2.560000e+02	4.096000e+04	7.405123e-02	6.985527e-03	2.348000e+00
1.0	3.840000e+02	4.096000e+04	7.370011e-02	7.192162e-03	2.348000e+00
1.0	5.120000e+02	4.096000e+04	7.401085e-02	8.643456e-03	2.348000e+00
1.0	6.400000e+02	4.096000e+04	7.410317e-02	7.897489e-03	2.348000e+00
1.0	7.580000e+02	4.096000e+04	7.348515e-02	8.049904e-03	2.348000e+00
1.0	8.760000e+02	4.096000e+04	7.219037e-02	7.141558e-03	2.348000e+00
1.0	1.024000e+03	4.096000e+04	7.409054e-02	8.268199e-03	2.348000e+00
1.0	1.280000e+03	4.096000e+04	7.409743e-02	9.623248e-03	2.348000e+00
1.0	1.536000e+03	4.096000e+04	7.274146e-02	9.834056e-03	2.348000e+00
1.0	1.280000e+02	4.096000e+04	6.531430e-02	4.603979e-03	2.352000e+00
1.0	2.560000e+02	4.096000e+04	6.526055e-02	5.746780e-03	2.352000e+00
1.0	3.840000e+02	4.096000e+04	6.597046e-02	7.047317e-03	2.352000e+00
1.0	5.120000e+02	4.096000e+04	6.527411e-02	6.944758e-03	2.352000e+00
1.0	6.400000e+02	4.096000e+04	6.532081e-02	5.060064e-03	2.352000e+00
1.0	7.580000e+02	4.096000e+04	6.622283e-02	5.524609e-03	2.352000e+00
1.0	8.760000e+02	4.096000e+04	6.651192e-02	5.867670e-03	2.352000e+00
1.0	1.024000e+03	4.096000e+04	6.527287e-02	5.410581e-03	2.352000e+00
1.0	1.280000e+03	4.096000e+04	6.528729e-02	2.570610e-03	2.352000e+00
1.0	1.536000e+03	4.096000e+04	6.697186e-02	3.457944e-03	2.352000e+00
1.0	1.280000e+02	4.096000e+04	7.592587e-02	5.500199e-03	2.356000e+00
1.0	2.560000e+02	4.096000e+04	7.595423e-02	6.755246e-03	2.356000e+00
1.0	3.840000e+02	4.096000e+04	7.605817e-02	6.505076e-03	2.356000e+00
1.0	5.120000e+02	4.096000e+04	7.596084e-02	7.312127e-03	2.356000e+00
1.0	6.400000e+02	4.096000e+04	7.589421e-02	7.781310e-03	2.356000e+00
1.0	7.580000e+02	4.096000e+04	7.660146e-02	7.081234e-03	2.356000e+00
1.0	8.760000e+02	4.096000e+04	7.754755e-02	8.545577e-03	2.356000e+00
1.0	1.024000e+03	4.096000e+04	7.587014e-02	5.865879e-03	2.356000e+00
1.0	1.280000e+03	4.096000e+04	7.602213e-02	9.515664e-03	2.356000e+00
1.0	1.536000e+03	4.096000e+04	7.867181e-02	6.147851e-03	2.356000e+00
1.0	1.280000e+02	4.096000e+04	7.319618e-02	4.865667e-03	2.360000e+00
1.0	2.560000e+02	4.096000e+04	7.322649e-02	5.911382e-03	2.360000e+00
1.0	3.840000e+02	4.096000e+04	7.397291e-02	6.881016e-03	2.360000e+00
1.0	5.120000e+02	4.096000e+04	7.327346e-02	6.356100e-03	2.360000e+00
1.0	6.400000e+02	4.096000e+04	7.317519e-02	6.705528e-03	2.360000e+00
1.0	7.580000e+02	4.096000e+04	7.438925e-02	8.079828e-03	2.360000e+00
1.0	8.760000e+02	4.096000e+04	7.532230e-02	7.450847e-03	2.360000e+00
1.0	1.024000e+03	4.096000e+04	7.317945e-02	7.355593e-03	2.360000e+00
1.0	1.280000e+03	4.096000e+04	7.317963e-02	6.432071e-03	2.360000e+00
1.0	1.536000e+03	4.096000e+04	7.745524e-02	5.832292e-03	2.360000e+00
1.0	1.280000e+02	4.096000e+04	6.916077e-02	4.323926e-03	2.364000e+00
1.0	2.560000e+02	4.096000e+04	6.917482e-02	5.090665e-03	2.364000e+00
1.0	3.840000e+02	4.096000e+04	6.977688e-02	5.611109e-03	2.364000e+00
1.0	5.120000e+02	4.096000e+04	6.917027e-02	5.740703e-03	2.364000e+00
1.0	6.400000e+02	4.096000e+04	6.917541e-02	6.297399e-03	2.364000e+00
1.0	7.580000e+02	4.096000e+04	7.027849e-02	5.707546e-03	2.364000e+00
1.0	8.760000e+02	4.096000e+04	7.093537e-02	6.240700e-03	2.364000e+00
1.0	1.024000e+03	4.096000e+04	6.909079e-02	6.731268e-03	2.364000e+00
1.0	1.280000e+03	4.096000e+04	6.917614e-02	6.790643e-03	2.364000e+00
1.0	1.536000e+03	4.096000e+04	7.141807e-02	6.768429e-03	2.364000e+00
1.0	1.280000e+02	4.096000e+04	6.159354e-02	3.077295e-03	2.368000e+00
1.0	2.560000e+02	4.096000e+04	6.160646e-02	3.253185e-03	2.368000e+00
1.0	3.840000e+02	4.096000e+04	6.207271e-02	3.214545e-03	2.368000e+00
1.0	5.120000e+02	4.096000e+04	6.162826e-02	3.881673e-03	2.368000e+00
1.0	6.400000e+02	4.096000e+04	6.164316e-02	4.056387e-03	2.368000e+00
1.0	7.580000e+02	4.096000e+04	6.223095e-02	3.771162e-03	2.368000e+00
1.0	8.760000e+02	4.096000e+04	6.166728e-02	4.399791e-03	2.368000e+00
1.0	1.024000e+03	4.096000e+04	6.158787e-02	4.196142e-03	2.368000e+00
1.0	1.280000e+03	4.096000e+04	6.163344e-02	4.075986e-03	2.368000e+00
1.0	1.536000e+03	4.096000e+04	6.144286e-02	5.198988e-03	2.368000e+00
1.0	1.280000e+02	4.096000e+04	6.040945e-02	3.484316e-03	2.372000e+00
1.0	2.560000e+02	4.096000e+04	6.043695e-02	3.633852e-03	2.372000e+00
1.0	3.840000e+02	4.096000e+04	5.897142e-02	3.371372e-03	2.372000e+00
1.0	5.120000e+02	4.096000e+04	6.043827e-02	4.048355e-03	2.372000e+00
1.0	6.400000e+02	4.096000e+04	6.040356e-02	3.302714e-03	2.372000e+00
1.0	7.580000e+02	4.096000e+04	5.878791e-02	4.192926e-03	2.372000e+00
1.0	8.760000e+02	4.096000e+04	5.909081e-02	3.419359e-03	2.372000e+00
1.0	1.024000e+03	4.096000e+04	6.042012e-02	2.863407e-03	2.372000e+00
1.0	1.280000e+03	4.096000e+04	6.042759e-02	2.886077e-03	2.372000e+00
1.0	1.536000e+03	4.096000e+04	5.867758e-02	3.468136e-03	2.372000e+00
1.0	1.280000e+02	4.096000e+04	6.091514e-02	3.691718e-03	2.376000e+00
1.0	2.560000e+02	4.096000e+04	6.098016e-02	4.259009e-03	2.376000e+00
1.0	3.840000e+02	4.096000e+04	6.053266e-02	4.265049e-03	2.376000e+00
1.0	5.120000e+02	4.096000e+04	6.090242e-02	4.435632e-03	2.376000e+00
1.0	6.400000e+02	4.096000e+04	6.091571e-02	3.718193e-03	2.376000e+00
1.0	7.580000e+02	4.096000e+04	6.015418e-02	4.899335e-03	2.376000e+00
1.0	8.760000e+02	4.096000e+04	6.051460e-02	4.621397e-03	2.376000e+00
1.0	1.024000e+03	4.096000e+04	6.090956e-02	4.152714e-03	2.376000e+00
1.0	1.280000e+03	4.096000e+04	6.091160e-02	4.584908e-03	2.376000e+00
1.0	1.536000e+03	4.096000e+04	5.861256e-02	5.216159e-03	2.376000e+00
1.0	1.280000e+02	4.096000e+04	5.813440e-02	3.416951e-03	2.380000e+00
1.0	2.560000e+02	4.096000e+04	5.809225e-02	3.673504e-03	2.380000e+00
1.0	3.840000e+02	4.096000e+04	5.772468e-02	3.921695e-03	2.380000e+00
1.0	5.120000e+02	4.096000e+04	5.810798e-02	4.415121e-03	2.380000e+00
1.0	6.400000e+02	4.096000e+04	5.812915e-02	3.734407e-03	2.380000e+00
1.0	7.580000e+02	4.096000e+04	5.773126e-02	4.892263e-03	2.380000e+00
1.0	8.760000e+02	4.096000e+04	5.788728e-02	5.126515e-03	2.380000e+00
1.0	1.024000e+03	4.096000e+04	5.808492e-02	4.463161e-03	2.380000e+00
1.0	1.280000e+03	4.096000e+04	5.810398e-02	4.390193e-03	2.380000e+00
1.0	1.536000e+03	4.096000e+04	5.806646e-02	5.793545e-03	2.380000e+00
1.0	1.280000e+02	4.096000e+04	5.043204e-02	2.798563e-03	2.384000e+00
1.0	2.560000e+02	4.096000e+04	5.047330e-02	2.956090e-03	2.384000e+00
1.0	3.840000e+02	4.096000e+04	5.085587e-02	3.024198e-03	2.384000e+00
1.0	5.120000e+02	4.096000e+04	5.043783e-02	2.704871e-03	2.384000e+00
1.0	6.400000e+02	4.096000e+04	5.045696e-02	3.058427e-03	2.384000e+00
1.0	7.580000e+02	4.096000e+04	5.131005e-02	2.937862e-03	2.384000e+00
1.0	8.760000e+02	4.096000e+04	5.084590e-02	3.020691e-03	2.384000e+00
1.0	1.024000e+03	4.096000e+04	5.047404e-02	2.793394e-03	2.384000e+00
1.0	1.280000e+03	4.096000e+04	5.045947e-02	2.712440e-03	2.384000e+00
1.0	1.536000e+03	4.096000e+04	5.047360e-02	2.693693e-03	2.384000e+00
1.0	1.280000e+02	4.096000e+04	5.803960e-02	3.018180e-03	2.388000e+00
1.0	2.560000e+02	4.096000e+04	5.803653e-02	3.096307e-03	2.388000e+00
1.0	3.840000e+02	4.096000e+04	5.789354e-02	2.562253e-03	2.388000e+00
1.0	5.120000e+02	4.096000e+04	5.804298e-02	2.580818e-03	2.388000e+00
1.0	6.400000e+02	4.096000e+04	5.806020e-02	2.889838e-03	2.388000e+00
1.0	7.580000e+02	4.096000e+04	5.809119e-02	2.865435e-03	2.388000e+00
1.0	8.760000e+02	4.096000e+04	5.814292e-02	2.058381e-03	2.388000e+00
1.0	1.024000e+03	4.096000e+04	5.804181e-02	1.878589e-03	2.388000e+00
1.0	1.280000e+03	4.096000e+04	5.803955e-02	2.357886e-03	2.388000e+00
1.0	1.536000e+03	4.096000e+04	5.810481e-02	2.373292e-03	2.388000e+00
1.0	1.280000e+02	4.096000e+04	4.614792e-02	2.386127e-03	2.392000e+00
1.0	2.560000e+02	4.096000e+04	4.616919e-02	2.356023e-03	2.392000e+00
1.0	3.840000e+02	4.096000e+04	4.591698e-02	2.193905e-03	2.392000e+00
1.0	5.120000e+02	4.096000e+04	4.613846e-02	2.401853e-03	2.392000e+00
1.0	6.400000e+02	4.096000e+04	4.614481e-02	2.818719e-03	2.392000e+00
1.0	7.580000e+02	4.096000e+04	4.605617e-02	2.541854e-03	2.392000e+00
1.0	8.760000e+02	4.096000e+04	4.612042e-02	2.519648e-03	2.392000e+00
1.0	1.024000e+03	4.096000e+04	4.614954e-02	2.610357e-03	2.392000e+00
1.0	1.280000e+03	4.096000e+04	4.615645e-02	1.982795e-03	2.392000e+00
1.0	1.536000e+03	4.096000e+04	4.618894e-02	2.363618e-03	2.392000e+00
1.0	1.280000e+02	4.096000e+04	5.049587e-02	2.934047e-03	2.396000e+00
1.0	2.560000e+02	4.096000e+04	5.050289e-02	3.583720e-03	2.396000e+00
1.0	3.840000e+02	4.096000e+04	5.104926e-02	3.462551e-03	2.396000e+00
1.0	5.120000e+02	4.096000e+04	5.044963e-02	4.012399e-03	2.396000e+00
1.0	6.400000e+02	4.096000e+04	5.052565e-02	3.797834e-03	2.396000e+00
1.0	7.580000e+02	4.096000e+04	5.075258e-02	3.109324e-03	2.396000e+00
1.0	8.760000e+02	4.096000e+04	4.950225e-02	3.552508e-03	2.396000e+00
1.0	1.024000e+03	4.096000e+04	5.049136e-02	3.336774e-03	2.396000e+00
1.0	1.280000e+03	4.096000e+04	5.049471e-02	3.381037e-03	2.396000e+00
1.0	1.536000e+03	4.096000e+04	4.992523e-02	4.238080e-03	2.396000e+00
1.0	1.280000e+02	4.096000e+04	4.806127e-02	2.315535e-03	2.400000e+00
1.0	2.560000e+02	4.096000e+04	4.802253e-02	2.486995e-03	2.400000e+00
1.0	3.840000e+02	4.096000e+04	4.776880e-02	2.270235e-03	2.400000e+00
1.0	5.120000e+02	4.096000e+04	4.802864e-02	2.474851e-03	2.400000e+00
1.0	6.400000e+02	4.096000e+04	4.806081e-02	2.487027e-03	2.400000e+00
1.0	7.580000e+02	4.096000e+04	4.786002e-02	2.978728e-03	2.400000e+00
1.0	8.760000e+02	4.096000e+04	4.808054e-02	2.833330e-03	2.400000e+00
1.0	1.024000e+03	4.096000e+04	4.804020e-02	3.002534e-03	2.400000e+00
1.0	1.280000e+03	4.096000e+04	4.803443e-02	2.849278e-03	2.400000e+00
1.0	1.536000e+03	4.096000e+04	4.803174e-02	3.311171e-03	2.400000e+00
1.0	1.280000e+02	4.096000e+04	4.925573e-02	2.383238e-03	2.416000e+00
1.0	2.560000e+02	4.096000e+04	4.926850e-02	2.429866e-03	2.416000e+00
1.0	3.840000e+02	4.096000e+04	4.831019e-02	2.498311e-03	2.416000e+00
1.0	5.120000e+02	4.096000e+04	4.926991e-02	2.365081e-03	2.416000e+00
1.0	6.400000e+02	4.096000e+04	4.928134e-02	1.959618e-03	2.416000e+00
1.0	7.580000e+02	4.096000e+04	4.821324e-02	2.268669e-03	2.416000e+00
1.0	8.760000e+02	4.096000e+04	4.870782e-02	2.544421e-03	2.416000e+00
1.0	1.024000e+03	4.096000e+04	4.926553e-02	1.874747e-03	2.416000e+00
1.0	1.280000e+03	4.096000e+04	4.927006e-02	1.443441e-03	2.416000e+00
1.0	1.536000e+03	4.096000e+04	4.889111e-02	2.379180e-03	2.416000e+00
1.0	1.280000e+02	4.096000e+04	4.059399e-02	1.682932e-03	2.432000e+00
1.0	2.560000e+02	4.096000e+04	4.059425e-02	1.811133e-03	2.432000e+00
1.0	3.840000e+02	4.096000e+04	4.059622e-02	2.073147e-03	2.432000e+00
1.0	5.120000e+02	4.096000e+04	4.061670e-02	2.080888e-03	2.432000e+00
1.0	6.400000e+02	4.096000e+04	4.059169e-02	1.819884e-03	2.432000e+00
1.0	7.580000e+02	4.096000e+04	3.996675e-02	2.061851e-03	2.432000e+00
1.0	8.760000e+02	4.096000e+04	3.934151e-02	1.510630e-03	2.432000e+00
1.0	1.024000e+03	4.096000e+04	4.059036e-02	1.664957e-03	2.432000e+00
1.0	1.280000e+03	4.096000e+04	4.060256e-02	1.451109e-03	2.432000e+00
1.0	1.536000e+03	4.096000e+04	3.937909e-02	2.059563e-03	2.432000e+00
1.0	1.280000e+02	4.096000e+04	3.950795e-02	1.783564e-03	2.448000e+00
1.0	2.560000e+02	4.096000e+04	3.950556e-02	1.950837e-03	2.448000e+00
1.0	3.840000e+02	4.096000e+04	3.968652e-02	1.882645e-03	2.448000e+00
1.0	5.120000e+02	4.096000e+04	3.951191e-02	2.432821e-03	2.448000e+00
1.0	6.400000e+02	4.096000e+04	3.949851e-02	2.123986e-03	2.448000e+00
1.0	7.580000e+02	4.096000e+04	3.969510e-02	2.398950e-03	2.448000e+00
1.0	8.760000e+02	4.096000e+04	4.013529e-02	1.770999e-03	2.448000e+00
1.0	1.024000e+03	4.096000e+04	3.951863e-02	2.195419e-03	2.448000e+00
1.0	1.280000e+03	4.096000e+04	3.950355e-02	2.338589e-03	2.448000e+00
1.0	1.536000e+03	4.096000e+04	4.001517e-02	2.813237e-03	2.448000e+00
1.0	1.280000e+02	4.096000e+04	3.891954e-02	1.493877e-03	2.464000e+00
1.0	2.560000e+02	4.096000e+04	3.890639e-02	1.688670e-03	2.464000e+00
1.0	3.840000e+02	4.096000e+04	3.902863e-02	1.506873e-03	2.464000e+00
1.0	5.120000e+02	4.096000e+04	3.889437e-02	1.521738e-03	2.464000e+00
1.0	6.400000e+02	4.096000e+04	3.889839e-02	1.463220e-03	2.464000e+00
1.0	7.580000e+02	4.096000e+04	3.880095e-02	1.168755e-03	2.464000e+00
1.0	8.760000e+02	4.096000e+04	3.874273e-02	1.627033e-03	2.464000e+00
1.0	1.024000e+03	4.096000e+04	3.890457e-02	1.088280e-03	2.464000e+00
1.0	1.280000e+03	4.096000e+04	3.889384e-02	7.960578e-04	2.464000e+00
1.0	1.536000e+03	4.096000e+04	3.896101e-02	1.097508e-03	2.464000e+00
1.0	1.280000e+02	4.096000e+04	3.533981e-02	1.361430e-03	2.480000e+00
1.0	2.560000e+02	4.096000e+04	3.534146e-02	1.288425e-03	2.480000e+00
1.0	3.840000e+02	4.096000e+04	3.558257e-02	1.364957e-03	2.480000e+00
1.0	5.120000e+02	4.096000e+04	3.534815e-02	1.041883e-03	2.480000e+00
1.0	6.400000e+02	4.096000e+04	3.534913e-02	1.334416e-03	2.480000e+00
1.0	7.580000e+02	4.096000e+04	3.555861e-02	1.251328e-03	2.480000e+00
1.0	8.760000e+02	4.096000e+04	3.556115e-02	1.161174e-03	2.480000e+00
1.0	1.024000e+03	4.096000e+04	3.533154e-02	1.181077e-03	2.480000e+00
1.0	1.280000e+03	4.096000e+04	3.533460e-02	1.142021e-03	2.480000e+00
1.0	1.536000e+03	4.096000e+04	3.549214e-02	1.525606e-03	2.480000e+00
1.0	1.280000e+02	4.096000e+04	3.531238e-02	1.315610e-03	2.496000e+00
1.0	2.560000e+02	4.096000e+04	3.531174e-02	1.263557e-03	2.496000e+00
1.0	3.840000e+02	4.096000e+04	3.542451e-02	1.208193e-03	2.496000e+00
1.0	5.120000e+02	4.096000e+04	3.530644e-02	1.193182e-03	2.496000e+00
1.0	6.400000e+02	4.096000e+04	3.531840e-02	9.543641e-04	2.496000e+00
1.0	7.580000e+02	4.096000e+04	3.550111e-02	8.886420e-04	2.496000e+00
1.0	8.760000e+02	4.096000e+04	3.516456e-02	9.470040e-04	2.496000e+00
1.0	1.024000e+03	4.096000e+04	3.531159e-02	9.081721e-04	2.496000e+00
1.0	1.280000e+03	4.096000e+04	3.530884e-02	9.078704e-04	2.496000e+00
1.0	1.536000e+03	4.096000e+04	3.525849e-02	8.985905e-04	2.496000e+00
1.0	1.280000e+02	4.096000e+04	3.188462e-02	1.138941e-03	2.512000e+00
1.0	2.560000e+02	4.096000e+04	3.188132e-02	1.244075e-03	2.512000e+00
1.0	3.840000e+02	4.096000e+04	3.210308e-02	1.366817e-03	2.512000e+00
1.0	5.120000e+02	4.096000e+04	3.188377e-02	1.288039e-03	2.512000e+00
1.0	6.400000e+02	4.096000e+04	3.189076e-02	9.462094e-04	2.512000e+00
1.0	7.580000e+02	4.096000e+04	3.211058e-02	1.077917e-03	2.512000e+00
1.0	8.760000e+02	4.096000e+04	3.171673e-02	1.371979e-03	2.512000e+00
1.0	1.024000e+03	4.096000e+04	3.189157e-02	1.167800e-03	2.512000e+00
1.0	1.280000e+03	4.096000e+04	3.188429e-02	9.983164e-04	2.512000e+00
1.0	1.536000e+03	4.096000e+04	3.178259e-02	1.389710e-03	2.512000e+00
1.0	1.280000e+02	4.096000e+04	2.891322e-02	9.645879e-04	2.528000e+00
1.0	2.560000e+02	4.096000e+04	2.892283e-02	9.329909e-04	2.528000e+00
1.0	3.840000e+02	4.096000e+04	2.912312e-02	9.232938e-04	2.528000e+00
1.0	5.120000e+02	4.096000e+04	2.892686e-02	9.378811e-04	2.528000e+00
1.0	6.400000e+02	4.096000e+04	2.891834e-02	9.378033e-04	2.528000e+00
1.0	7.580000e+02	4.096000e+04	2.904962e-02	1.043001e-03	2.528000e+00
1.0	8.760000e+02	4.096000e+04	2.910108e-02	1.126576e-03	2.528000e+00
1.0	1.024000e+03	4.096000e+04	2.892990e-02	9.104921e-04	2.528000e+00
1.0	1.280000e+03	4.096000e+04	2.892603e-02	1.023818e-03	2.528000e+00
1.0	1.536000e+03	4.096000e+04	2.909570e-02	7.848036e-04	2.528000e+00
1.0	1.280000e+02	4.096000e+04	2.962963e-02	7.728136e-04	2.544000e+00
1.0	2.560000e+02	4.096000e+04	2.963555e-02	8.279142e-04	2.544000e+00
1.0	3.840000e+02	4.096000e+04	2.970173e-02	8.584727e-04	2.544000e+00
1.0	5.120000e+02	4.096000e+04	2.963712e-02	7.997862e-04	2.544000e+00
1.0	6.400000e+02	4.096000e+04	2.963914e-02	7.294022e-04	2.544000e+00
1.0	7.580000e+02	4.096000e+04	2.967355e-02	5.085430e-04	2.544000e+00
1.0	8.760000e+02	4.096000e+04	2.966072e-02	8.540798e-04	2.544000e+00
1.0	1.024000e+03	4.096000e+04	2.963814e-02	5.970928e-04	2.544000e+00
1.0	1.280000e+03	4.096000e+04	2.964443e-02	7.442351e-04	2.544000e+00
1.0	1.536000e+03	4.096000e+04	2.942178e-02	6.117415e-04	2.544000e+00
1.0	1.280000e+02	4.096000e+04	2.858299e-02	8.837127e-04	2.560000e+00
1.0	2.560000e+02	4.096000e+04	2.859093e-02	8.530084e-04	2.560000e+00
1.0	3.840000e+02	4.096000e+04	2.878334e-02	7.305857e-04	2.560000e+00
1.0	5.120000e+02	4.096000e+04	2.857785e-02	8.350395e-04	2.560000e+00
1.0	6.400000e+02	4.096000e+04	2.858358e-02	7.969772e-04	2.560000e+00
1.0	7.580000e+02	4.096000e+04	2.877371e-02	8.219158e-04	2.560000e+00
1.0	8.760000e+02	4.096000e+04	2.864230e-02	6.099244e-04	2.560000e+00
1.0	1.024000e+03	4.096000e+04	2.858602e-02	6.819112e-04	2.560000e+00
1.0	1.280000e+03	4.096000e+04	2.859169e-02	8.605020e-04	2.560000e+00
1.0	1.536000e+03	4.096000e+04	2.865151e-02	1.100245e-03	2.560000e+00
1.0	1.280000e+02	4.096000e+04	2.589589e-02	7.605340e-04	2.576000e+00
1.0	2.560000e+02	4.096000e+04	2.589522e-02	7.966819e-04	2.576000e+00
1.0	3.840000e+02	4.096000e+04	2.587873e-02	8.613208e-04	2.576000e+00
1.0	5.120000e+02	4.096000e+04	2.589331e-02	7.599191e-04	2.576000e+00
1.0	6.400000e+02	4.096000e+04	2.590370e-02	7.031575e-04	2.576000e+00
1.0	7.580000e+02	4.096000e+04	2.588277e-02	7.017729e-04	2.576000e+00
1.0	8.760000e+02	4.096000e+04	2.595496e-02	6.777039e-04	2.576000e+00
1.0	1.024000e+03	4.096000e+04	2.589414e-02	7.216518e-04	2.576000e+00
1.0	1.280000e+03	4.096000e+04	2.590459e-02	7.938578e-04	2.576000e+00
1.0	1.536000e+03	4.096000e+04	2.614513e-02	7.674016e-04	2.576000e+00
1.0	1.280000e+02	4.096000e+04	2.603177e-02	7.135856e-04	2.592000e+00
1.0	2.560000e+02	4.096000e+04	2.603336e-02	7.296628e-04	2.592000e+00
1.0	3.840000e+02	4.096000e+04	2.610713e-02	5.822026e-04	2.592000e+00
1.0	5.120000e+02	4.096000e+04	2.603043e-02	6.056854e-04	2.592000e+00
1.0	6.400000e+02	4.096000e+04	2.602371e-02	6.497330e-04	2.592000e+00
1.0	7.580000e+02	4.096000e+04	2.614751e-02	4.630082e-04	2.592000e+00
1.0	8.760000e+02	4.096000e+04	2.612414e-02	4.506750e-04	2.592000e+00
1.0	1.024000e+03	4.096000e+04	2.602897e-02	5.126368e-04	2.592000e+00
1.0	1.280000e+03	4.096000e+04	2.603216e-02	6.377872e-04	2.592000e+00
1.0	1.536000e+03	4.096000e+04	2.596757e-02	4.410819e-04	2.592000e+00
1.0	1.280000e+02	4.096000e+04	2.397819e-02	5.857579e-04	2.608000e+00
1.0	2.560000e+02	4.096000e+04	2.397153e-02	6.109817e-04	2.608000e+00
1.0	3.840000e+02	4.096000e+04	2.391510e-02	6.386091e-04	2.608000e+00
1.0	5.120000e+02	4.096000e+04	2.397316e-02	5.969828e-04	2.608000e+00
1.0	6.400000e+02	4.096000e+04	2.397875e-02	5.085361e-04	2.608000e+00
1.0	7.580000e+02	4.096000e+04	2.397037e-02	5.654670e-04	2.608000e+00
1.0	8.760000e+02	4.096000e+04	2.396150e-02	6.263135e-04	2.608000e+00
1.0	1.024000e+03	4.096000e+04	2.397608e-02	6.635504e-04	2.608000e+00
1.0	1.280000e+03	4.096000e+04	2.397134e-02	4.482913e-04	2.608000e+00
1.0	1.536000e+03	4.096000e+04	2.397205e-02	7.001259e-04	2.608000e+00
1.0	1.280000e+02	4.096000e+04	2.369424e-02	5.447561e-04	2.624000e+00
1.0	2.560000e+02	4.096000e+04	2.369199e-02	4.670276e-04	2.624000e+00
1.0	3.840000e+02	4.096000e+04	2.381305e-02	4.520210e-04	2.624000e+00
1.0	5.120000e+02	4.096000e+04	2.369417e-02	5.467402e-04	2.624000e+00
1.0	6.400000e+02	4.096000e+04	2.368974e-02	4.908431e-04	2.624000e+00
1.0	7.580000e+02	4.096000e+04	2.380765e-02	5.706268e-04	2.624000e+00
1.0	8.760000e+02	4.096000e+04	2.387083e-02	5.240214e-04	2.624000e+00
1.0	1.024000e+03	4.096000e+04	2.369227e-02	5.690768e-04	2.624000e+00
1.0	1.280000e+03	4.096000e+04	2.369009e-02	4.946936e-04	2.624000e+00
1.0	1.536000e+03	4.096000e+04	2.385354e-02	6.896872e-04	2.624000e+00
1.0	1.280000e+02	4.096000e+04	2.303991e-02	5.651192e-04	2.640000e+00
1.0	2.560000e+02	4.096000e+04	2.304035e-02	5.391367e-04	2.640000e+00
1.0	3.840000e+02	4.096000e+04	2.302308e-02	5.495434e-04	2.640000e+00
1.0	5.120000e+02	4.096000e+04	2.304188e-02	5.356307e-04	2.640000e+00
1.0	6.400000e+02	4.096000e+04	2.304281e-02	5.282573e-04	2.640000e+00
1.0	7.580000e+02	4.096000e+04	2.306522e-02	6.664051e-04	2.640000e+00
1.0	8.760000e+02	4.096000e+04	2.322197e-02	4.759930e-04	2.640000e+00
1.0	1.024000e+03	4.096000e+04	2.304050e-02	6.268782e-04	2.640000e+00
1.0	1.280000e+03	4.096000e+04	2.303948e-02	6.111601e-04	2.640000e+00
1.0	1.536000e+03	4.096000e+04	2.336262e-02	6.109626e-04	2.640000e+00
1.0	1.280000e+02	4.096000e+04	2.305044e-02	4.550716e-04	2.656000e+00
1.0	2.560000e+02	4.096000e+04	2.305260e-02	5.079062e-04	2.656000e+00
1.0	3.840000e+02	4.096000e+04	2.298166e-02	4.276312e-04	2.656000e+00
1.0	5.120000e+02	4.096000e+04	2.304679e-02	4.758551e-04	2.656000e+00
1.0	6.400000e+02	4.096000e+04	2.305257e-02	5.545473e-04	2.656000e+00
1.0	7.580000e+02	4.096000e+04	2.303042e-02	5.652626e-04	2.656000e+00
1.0	8.760000e+02	4.096000e+04	2.296854e-02	4.698870e-04	2.656000e+00
1.0	1.024000e+03	4.096000e+04	2.304994e-02	5.248828e-04	2.656000e+00
1.0	1.280000e+03	4.096000e+04	2.305368e-02	6.108116e-04	2.656000e+00
1.0	1.536000e+03	4.096000e+04	2.283450e-02	6.207588e-04	2.656000e+00
1.0	1.280000e+02	4.096000e+04	2.198431e-02	5.552874e-04	2.672000e+00
1.0	2.560000e+02	4.096000e+04	2.198155e-02	4.803579e-04	2.672000e+00
1.0	3.840000e+02	4.096000e+04	2.214477e-02	5.981920e-04	2.672000e+00
1.0	5.120000e+02	4.096000e+04	2.198261e-02	4.419247e-04	2.672000e+00
1.0	6.400000e+02	4.096000e+04	2.197904e-02	4.107302e-04	2.672000e+00
1.0	7.580000e+02	4.096000e+04	2.207979e-02	4.164607e-04	2.672000e+00
1.0	8.760000e+02	4.096000e+04	2.214099e-02	4.266893e-04	2.672000e+00
1.0	1.024000e+03	4.096000e+04	2.197922e-02	5.001821e-04	2.672000e+00
1.0	1.280000e+03	4.096000e+04	2.197999e-02	4.092072e-04	2.672000e+00
1.0	1.536000e+03	4.096000e+04	2.225865e-02	3.861926e-04	2.672000e+00
1.0	1.280000e+02	4.096000e+04	2.149995e-02	4.862390e-04	2.688000e+00
1.0	2.560000e+02	4.096000e+04	2.149383e-02	4.950085e-04	2.688000e+00
1.0	3.840000e+02	4.096000e+04	2.139524e-02	5.486693e-04	2.688000e+00
1.0	5.120000e+02	4.096000e+04	2.149717e-02	5.645523e-04	2.688000e+00
1.0	6.400000e+02	4.096000e+04	2.149376e-02	4.275658e-04	2.688000e+00
1.0	7.580000e+02	4.096000e+04	2.139630e-02	5.159860e-04	2.688000e+00
1.0	8.760000e+02	4.096000e+04	2.134293e-02	5.400425e-04	2.688000e+00
1.0	1.024000e+03	4.096000e+04	2.149559e-02	5.580686e-04	2.688000e+00
1.0	1.280000e+03	4.096000e+04	2.149655e-02	4.205538e-04	2.688000e+00
1.0	1.536000e+03	4.096000e+04	2.130950e-02	5.162252e-04	2.688000e+00
1.0	1.280000e+02	4.096000e+04	2.021741e-02	4.165589e-04	2.704000e+00
1.0	2.560000e+02	4.096000e+04	2.021342e-02	4.506037e-04	2.704000e+00
1.0	3.840000e+02	4.096000e+04	2.014370e-02	4.659974e-04	2.704000e+00
1.0	5.120000e+02	4.096000e+04	2.021887e-02	3.723869e-04	2.704000e+00
1.0	6.400000e+02	4.096000e+04	2.021939e-02	3.407818e-04	2.704000e+00
1.0	7.580000e+02	4.096000e+04	2.019296e-02	5.009719e-04	2.704000e+00
1.0	8.760000e+02	4.096000e+04	2.024012e-02	3.270534e-04	2.704000e+00
1.0	1.024000e+03	4.096000e+04	2.021735e-02	3.306131e-04	2.704000e+00
1.0	1.280000e+03	4.096000e+04	2.021484e-02	4.249602e-04	2.704000e+00
1.0	1.536000e+03	4.096000e+04	2.023593e-02	4.035204e-04	2.704000e+00
1.0	1.280000e+02	4.096000e+04	1.977836e-02	4.107501e-04	2.720000e+00
1.0	2.560000e+02	4.096000e+04	1.977547e-02	4.226941e-04	2.720000e+00
1.0	3.840000e+02	4.096000e+04	1.972042e-02	4.007897e-04	2.720000e+00
1.0	5.120000e+02	4.096000e+04	1.977308e-02	3.767450e-04	2.720000e+00
1.0	6.400000e+02	4.096000e+04	1.977555e-02	3.800881e-04	2.720000e+00
1.0	7.580000e+02	4.096000e+04	1.965489e-02	3.544612e-04	2.720000e+00
1.0	8.760000e+02	4.096000e+04	1.972885e-02	4.318536e-04	2.720000e+00
1.0	1.024000e+03	4.096000e+04	1.977900e-02	3.207516e-04	2.720000e+00
1.0	1.280000e+03	4.096000e+04	1.977318e-02	4.081878e-04	2.720000e+00
1.0	1.536000e+03	4.096000e+04	1.963271e-02	3.447684e-04	2.720000e+00
1.0	1.280000e+02	4.096000e+04	1.974408e-02	3.626625e-04	2.736000e+00
1.0	2.560000e+02	4.096000e+04	1.974574e-02	3.724513e-04	2.736000e+00
1.0	3.840000e+02	4.096000e+04	1.973504e-02	3.659858e-04	2.736000e+00
1.0	5.120000e+02	4.096000e+04	1.974170e-02	4.027628e-04	2.736000e+00
1.0	6.400000e+02	4.096000e+04	1.974217e-02	4.197548e-04	2.736000e+00
1.0	7.580000e+02	4.096000e+04	1.971272e-02	3.963728e-04	2.736000e+00
1.0	8.760000e+02	4.096000e+04	1.966448e-02	3.301761e-04	2.736000e+00
1.0	1.024000e+03	4.096000e+04	1.973828e-02	4.798043e-04	2.736000e+00
1.0	1.280000e+03	4.096000e+04	1.973571e-02	4.519048e-04	2.736000e+00
1.0	1.536000e+03	4.096000e+04	1.960572e-02	2.581268e-04	2.736000e+00
1.0	1.280000e+02	4.096000e+04	1.865933e-02	3.745294e-04	2.752000e+00
1.0	2.560000e+02	4.096000e+04	1.865474e-02	3.772174e-04	2.752000e+00
1.0	3.840000e+02	4.096000e+04	1.863009e-02	2.982126e-04	2.752000e+00
1.0	5.120000e+02	4.096000e+04	1.865673e-02	2.923017e-04	2.752000e+00
1.0	6.400000e+02	4.096000e+04	1.865358e-02	3.023285e-04	2.752000e+00
1.0	7.580000e+02	4.096000e+04	1.866487e-02	2.802658e-04	2.752000e+00
1.0	8.760000e+02	4.096000e+04	1.874534e-02	3.504247e-04	2.752000e+00
1.0	1.024000e+03	4.096000e+04	1.865506e-02	1.897661e-04	2.752000e+00
1.0	1.280000e+03	4.096000e+04	1.865682e-02	2.679907e-04	2.752000e+00
1.0	1.536000e+03	4.096000e+04	1.861062e-02	2.239955e-04	2.752000e+00
1.0	1.280000e+02	4.096000e+04	1.759899e-02	2.773306e-04	2.792000e+00
1.0	2.560000e+02	4.096000e+04	1.759874e-02	2.814707e-04	2.792000e+00
1.0	3.840000e+02	4.096000e+04	1.763932e-02	2.666688e-04	2.792000e+00
1.0	5.120000e+02	4.096000e+04	1.759883e-02	2.332456e-04	2.792000e+00
1.0	6.400000e+02	4.096000e+04	1.759662e-02	2.862054e-04	2.792000e+00
1.0	7.580000e+02	4.096000e+04	1.762377e-02	3.102194e-04	2.792000e+00
1.0	8.760000e+02	4.096000e+04	1.756494e-02	3.124059e-04	2.792000e+00
1.0	1.024000e+03	4.096000e+04	1.759848e-02	2.925821e-04	2.792000e+00
1.0	1.280000e+03	4.096000e+04	1.759806e-02	3.138962e-04	2.792000e+00
1.0	1.536000e+03	4.096000e+04	1.754230e-02	2.736415e-04	2.792000e+00
1.0	1.280000e+02	4.096000e+04	1.659400e-02	2.581018e-04	2.856000e+00
1.0	2.560000e+02	4.096000e+04	1.659415e-02	2.710177e-04	2.856000e+00
1.0	3.840000e+02	4.096000e+04	1.668474e-02	2.379942e-04	2.856000e+00
1.0	5.120000e+02	4.096000e+04	1.659442e-02	2.436363e-04	2.856000e+00
1.0	6.400000e+02	4.096000e+04	1.659533e-02	2.285552e-04	2.856000e+00
1.0	7.580000e+02	4.096000e+04	1.668453e-02	1.896725e-04	2.856000e+00
1.0	8.760000e+02	4.096000e+04	1.666976e-02	2.078161e-04	2.856000e+00
1.0	1.024000e+03	4.096000e+04	1.659496e-02	2.064159e-04	2.856000e+00
1.0	1.280000e+03	4.096000e+04	1.659335e-02	2.346790e-04	2.856000e+00
1.0	1.536000e+03	4.096000e+04	1.671861e-02	2.489247e-04	2.856000e+00
1.0	1.280000e+02	4.096000e+04	1.535338e-02	2.391549e-04	2.920000e+00
1.0	2.560000e+02	4.096000e+04	1.535335e-02	2.517826e-04	2.920000e+00
1.0	3.840000e+02	4.096000e+04	1.533598e-02	2.729858e-04	2.920000e+00
1.0	5.120000e+02	4.096000e+04	1.535582e-02	2.579215e-04	2.920000e+00
1.0	6.400000e+02	4.096000e+04	1.535682e-02	2.844494e-04	2.920000e+00
1.0	7.580000e+02	4.096000e+04	1.537634e-02	2.412519e-04	2.920000e+00
1.0	8.760000e+02	4.096000e+04	1.536364e-02	2.869853e-04	2.920000e+00
1.0	1.024000e+03	4.096000e+04	1.535376e-02	2.682193e-04	2.920000e+00
1.0	1.280000e+03	4.096000e+04	1.535452e-02	2.681673e-04	2.920000e+00
1.0	1.536000e+03	4.096000e+04	1.533287e-02	2.751047e-04	2.920000e+00
1.0	1.280000e+02	4.096000e+04	1.410024e-02	2.018058e-04	2.984000e+00
1.0	2.560000e+02	4.096000e+04	1.409837e-02	2.098242e-04	2.984000e+00
1.0	3.840000e+02	4.096000e+04	1.409194e-02	2.189123e-04	2.984000e+00
1.0	5.120000e+02	4.096000e+04	1.410076e-02	1.844812e-04	2.984000e+00
1.0	6.400000e+02	4.096000e+04	1.409984e-02	1.631356e-04	2.984000e+00
1.0	7.580000e+02	4.096000e+04	1.408958e-02	1.533590e-04	2.984000e+00
1.0	8.760000e+02	4.096000e+04	1.412570e-02	1.897002e-04	2.984000e+00
1.0	1.024000e+03	4.096000e+04	1.410025e-02	1.394400e-04	2.984000e+00
1.0	1.280000e+03	4.096000e+04	1.410213e-02	1.817334e-04	2.984000e+00
1.0	1.536000e+03	4.096000e+04	1.407729e-02	1.244143e-04	2.984000e+00
1.0	1.280000e+02	4.096000e+04	1.354904e-02	1.452889e-04	3.048000e+00
1.0	2.560000e+02	4.096000e+04	1.354946e-02	1.417371e-04	3.048000e+00
1.0	3.840000e+02	4.096000e+04	1.354576e-02	1.436929e-04	3.048000e+00
1.0	5.120000e+02	4.096000e+04	1.354951e-02	1.536836e-04	3.048000e+00
1.0	6.400000e+02	4.096000e+04	1.354956e-02	1.669770e-04	3.048000e+00
1.0	7.580000e+02	4.096000e+04	1.353286e-02	1.241836e-04	3.048000e+00
1.0	8.760000e+02	4.096000e+04	1.351650e-02	1.511301e-04	3.048000e+00
1.0	1.024000e+03	4.096000e+04	1.355038e-02	1.495300e-04	3.048000e+00
1.0	1.280000e+03	4.096000e+04	1.355145e-02	1.523857e-04	3.048000e+00
1.0	1.536000e+03	4.096000e+04	1.354195e-02	1.733944e-04	3.048000e+00
1.0	1.280000e+02	4.096000e+04	1.302456e-02	1.598231e-04	3.112000e+00
1.0	2.560000e+02	4.096000e+04	1.302173e-02	1.624630e-04	3.112000e+00
1.0	3.840000e+02	4.096000e+04	1.308147e-02	1.671299e-04	3.112000e+00
1.0	5.120000e+02	4.096000e+04	1.302369e-02	1.491652e-04	3.112000e+00
1.0	6.400000e+02	4.096000e+04	1.302209e-02	1.861929e-04	3.112000e+00
1.0	7.580000e+02	4.096000e+04	1.307538e-02	1.537038e-04	3.112000e+00
1.0	8.760000e+02	4.096000e+04	1.305338e-02	1.642100e-04	3.112000e+00
1.0	1.024000e+03	4.096000e+04	1.302237e-02	1.416868e-04	3.112000e+00
1.0	1.280000e+03	4.096000e+04	1.302347e-02	1.839067e-04	3.112000e+00
1.0	1.536000e+03	4.096000e+04	1.301259e-02	1.713187e-04	3.112000e+00
1.0	1.280000e+02	4.096000e+04	1.242472e-02	1.379436e-04	3.176000e+00
1.0	2.560000e+02	4.096000e+04	1.242413e-02	1.309020e-04	3.176000e+00
1.0	3.840000e+02	4.096000e+04	1.244670e-02	1.258917e-04	3.176000e+00
1.0	5.120000e+02	4.096000e+04	1.242427e-02	1.378033e-04	3.176000e+00
1.0	6.400000e+02	4.096000e+04	1.242477e-02	1.045149e-04	3.176000e+00
1.0	7.580000e+02	4.096000e+04	1.246158e-02	1.373301e-04	3.176000e+00
1.0	8.760000e+02	4.096000e+04	1.242570e-02	1.596048e-04	3.176000e+00
1.0	1.024000e+03	4.096000e+04	1.242332e-02	1.704149e-04	3.176000e+00
1.0	1.280000e+03	4.096000e+04	1.242334e-02	1.334735e-04	3.176000e+00
1.0	1.536000e+03	4.096000e+04	1.242190e-02	1.810669e-04	3.176000e+00
1.0	1.280000e+02	4.096000e+04	1.176950e-02	1.309509e-04	3.240000e+00
1.0	2.560000e+02	4.096000e+04	1.176761e-02	1.275038e-04	3.240000e+00
1.0	3.840000e+02	4.096000e+04	1.175412e-02	1.215933e-04	3.240000e+00
1.0	5.120000e+02	4.096000e+04	1.176876e-02	1.222430e-04	3.240000e+00
1.0	6.400000e+02	4.096000e+04	1.176897e-02	1.087961e-04	3.240000e+00
1.0	7.580000e+02	4.096000e+04	1.175050e-02	1.432886e-04	3.240000e+00
1.0	8.760000e+02	4.096000e+04	1.172553e-02	1.084754e-04	3.240000e+00
1.0	1.024000e+03	4.096000e+04	1.176854e-02	9.769399e-05	3.240000e+00
1.0	1.280000e+03	4.096000e+04	1.176936e-02	1.021298e-04	3.240000e+00
1.0	1.536000e+03	4.096000e+04	1.169692e-02	5.558941e-05	3.240000e+00
1.0	1.280000e+02	4.096000e+04	1.138671e-02	1.196579e-04	3.304000e+00
1.0	2.560000e+02	4.096000e+04	1.138607e-02	1.307560e-04	3.304000e+00
1.0	3.840000e+02	4.096000e+04	1.137124e-02	1.325901e-04	3.304000e+00
1.0	5.120000e+02	4.096000e+04	1.138513e-02	1.368527e-04	3.304000e+00
1.0	6.400000e+02	4.096000e+04	1.138570e-02	1.361951e-04	3.304000e+00
1.0	7.580000e+02	4.096000e+04	1.139749e-02	1.526681e-04	3.304000e+00
1.0	8.760000e+02	4.096000e+04	1.138135e-02	1.497206e-04	3.304000e+00
1.0	1.024000e+03	4.096000e+04	1.138627e-02	1.470253e-04	3.304000e+00
1.0	1.280000e+03	4.096000e+04	1.138666e-02	1.468117e-04	3.304000e+00
1.0	1.536000e+03	4.096000e+04	1.139243e-02	2.026586e-04	3.304000e+00
1.0	1.280000e+02	4.096000e+04	1.101901e-02	1.207445e-04	3.368000e+00
1.0	2.560000e+02	4.096000e+04	1.101940e-02	1.283895e-04	3.368000e+00
1.0	3.840000e+02	4.096000e+04	1.102400e-02	1.125084e-04	3.368000e+00
1.0	5.120000e+02	4.096000e+04	1.101915e-02	7.991379e-05	3.368000e+00
1.0	6.400000e+02	4.096000e+04	1.101935e-02	1.277260e-04	3.368000e+00
1.0	7.580000e+02	4.096000e+04	1.104368e-02	9.720364e-05	3.368000e+00
1.0	8.760000e+02	4.096000e+04	1.104188e-02	1.093910e-04	3.368000e+00
1.0	1.024000e+03	4.096000e+04	1.101829e-02	6.522687e-05	3.368000e+00
1.0	1.280000e+03	4.096000e+04	1.102033e-02	1.308653e-04	3.368000e+00
1.0	1.536000e+03	4.096000e+04	1.107139e-02	6.430803e-05	3.368000e+00
1.0	1.280000e+02	4.096000e+04	1.089312e-02	1.255486e-04	3.432000e+00
1.0	2.560000e+02	4.096000e+04	1.089232e-02	1.235177e-04	3.432000e+00
1.0	3.840000e+02	4.096000e+04	1.087005e-02	1.513108e-04	3.432000e+00
1.0	5.120000e+02	4.096000e+04	1.089247e-02	1.298646e-04	3.432000e+00
1.0	6.400000e+02	4.096000e+04	1.089254e-02	1.234355e-04	3.432000e+00
1.0	7.580000e+02	4.096000e+04	1.086101e-02	1.346731e-04	3.432000e+00
1.0	8.760000e+02	4.096000e+04	1.084123e-02	1.675266e-04	3.432000e+00
1.0	1.024000e+03	4.096000e+04	1.089282e-02	1.503278e-04	3.432000e+00
1.0	1.280000e+03	4.096000e+04	1.089311e-02	1.522178e-04	3.432000e+00
1.0	1.536000e+03	4.096000e+04	1.078778e-02	1.240800e-04	3.432000e+00
1.0	1.280000e+02	4.096000e+04	1.033416e-02	9.553644e-05	3.496000e+00
1.0	2.560000e+02	4.096000e+04	1.033342e-02	1.002359e-04	3.496000e+00
1.0	3.840000e+02	4.096000e+04	1.035670e-02	1.001941e-04	3.496000e+00
1.0	5.120000e+02	4.096000e+04	1.033356e-02	8.193539e-05	3.496000e+00
1.0	6.400000e+02	4.096000e+04	1.033364e-02	6.605523e-05	3.496000e+00
1.0	7.580000e+02	4.096000e+04	1.035088e-02	8.522617e-05	3.496000e+00
1.0	8.760000e+02	4.096000e+04	1.032758e-02	9.392030e-05	3.496000e+00
1.0	1.024000e+03	4.096000e+04	1.033375e-02	6.178288e-05	3.496000e+00
1.0	1.280000e+03	4.096000e+04	1.033372e-02	5.813634e-05	3.496000e+00
1.0	1.536000e+03	4.096000e+04	1.034144e-02	9.288203e-05	3.496000e+00
1.0	1.280000e+02	4.096000e+04	9.966356e-03	1.016608e-04	3.560000e+00
1.0	2.560000e+02	4.096000e+04	9.965820e-03	1.056064e-04	3.560000e+00
1.0	3.840000e+02	4.096000e+04	9.975677e-03	9.497033e-05	3.560000e+00
1.0	5.120000e+02	4.096000e+04	9.965605e-03	9.238371e-05	3.560000e+00
1.0	6.400000e+02	4.096000e+04	9.965809e-03	1.021312e-04	3.560000e+00
1.0	7.580000e+02	4.096000e+04	9.977536e-03	1.111263e-04	3.560000e+00
1.0	8.760000e+02	4.096000e+04	9.969912e-03	8.663773e-05	3.560000e+00
1.0	1.024000e+03	4.096000e+04	9.966178e-03	1.014443e-04	3.560000e+00
1.0	1.280000e+03	4.096000e+04	9.966050e-03	9.974219e-05	3.560000e+00
1.0	1.536000e+03	4.096000e+04	9.936908e-03	1.096011e-04	3.560000e+00
1.0	1.280000e+02	4.096000e+04	9.662955e-03	1.004186e-04	3.624000e+00
1.0	2.560000e+02	4.096000e+04	9.662718e-03	8.916710e-05	3.624000e+00
1.0	3.840000e+02	4.096000e+04	9.676487e-03	9.897510e-05	3.624000e+00
1.0	5.120000e+02	4.096000e+04	9.661014e-03	9.351533e-05	3.624000e+00
1.0	6.400000e+02	4.096000e+04	9.662708e-03	7.872274e-05	3.624000e+00
1.0	7.580000e+02	4.096000e+04	9.694557e-03	8.958110e-05	3.624000e+00
1.0	8.760000e+02	4.096000e+04	9.665465e-03	9.370190e-05	3.624000e+00
1.0	1.024000e+03	4.096000e+04	9.662692e-03	6.350878e-05	3.624000e+00
1.0	1.280000e+03	4.096000e+04	9.662377e-03	5.333898e-05	3.624000e+00
1.0	1.536000e+03	4.096000e+04	9.698006e-03	8.456571e-05	3.624000e+00
