1.0	1.280000e+02	4.096000e+04	1.000000e+00	0.000000e+00	5.000000e-02
1.0	2.560000e+02	4.096000e+04	1.000000e+00	0.000000e+00	5.000000e-02
1.0	3.840000e+02	4.096000e+04	1.000000e+00	0.000000e+00	5.000000e-02
1.0	5.120000e+02	4.096000e+04	1.000000e+00	0.000000e+00	5.000000e-02
1.0	6.400000e+02	4.096000e+04	1.000000e+00	0.000000e+00	5.000000e-02
1.0	7.580000e+02	4.096000e+04	1.000000e+00	0.000000e+00	5.000000e-02
1.0	8.760000e+02	4.096000e+04	1.000000e+00	0.000000e+00	5.000000e-02
1.0	1.024000e+03	4.096000e+04	1.000000e+00	0.000000e+00	5.000000e-02
1.0	1.280000e+03	4.096000e+04	1.000000e+00	0.000000e+00	5.000000e-02
1.0	1.536000e+03	4.096000e+04	1.000000e+00	0.000000e+00	5.000000e-02
1.0	1.280000e+02	4.096000e+04	1.000000e+00	0.000000e+00	2.500000e-01
1.0	2.560000e+02	4.096000e+04	1.000000e+00	0.000000e+00	2.500000e-01
1.0	3.840000e+02	4.096000e+04	1.000000e+00	0.000000e+00	2.500000e-01
1.0	5.120000e+02	4.096000e+04	1.000000e+00	0.000000e+00	2.500000e-01
1.0	6.400000e+02	4.096000e+04	1.000000e+00	0.000000e+00	2.500000e-01
1.0	7.580000e+02	4.096000e+04	1.000000e+00	0.000000e+00	2.500000e-01
1.0	8.760000e+02	4.096000e+04	1.000000e+00	0.000000e+00	2.500000e-01
1.0	1.024000e+03	4.096000e+04	1.000000e+00	0.000000e+00	2.500000e-01
1.0	1.280000e+03	4.096000e+04	1.000000e+00	0.000000e+00	2.500000e-01
1.0	1.536000e+03	4.096000e+04	1.000000e+00	0.000000e+00	2.500000e-01
1.0	1.280000e+02	4.096000e+04	1.000000e+00	4.191019e-08	4.500000e-01
1.0	2.560000e+02	4.096000e+04	1.000000e+00	4.191038e-08	4.500000e-01
1.0	3.840000e+02	4.096000e+04	1.000000e+00	4.269762e-08	4.500000e-01
1.0	5.120000e+02	4.096000e+04	1.000000e+00	4.131290e-08	4.500000e-01
1.0	6.400000e+02	4.096000e+04	1.000000e+00	4.101411e-08	4.500000e-01
1.0	7.580000e+02	4.096000e+04	1.000000e+00	4.241149e-08	4.500000e-01
1.0	8.760000e+02	4.096000e+04	1.000000e+00	4.310316e-08	4.500000e-01
1.0	1.024000e+03	4.096000e+04	1.000000e+00	3.997851e-08	4.500000e-01
1.0	1.280000e+03	4.096000e+04	1.000000e+00	3.976449e-08	4.500000e-01
1.0	1.536000e+03	4.096000e+04	1.000000e+00	4.284827e-08	4.500000e-01
1.0	1.280000e+02	4.096000e+04	9.999816e-01	8.119427e-07	6.500000e-01
1.0	2.560000e+02	4.096000e+04	9.999816e-01	9.185533e-07	6.500000e-01
1.0	3.840000e+02	4.096000e+04	9.999815e-01	7.698472e-07	6.500000e-01
1.0	5.120000e+02	4.096000e+04	9.999816e-01	8.177036e-07	6.500000e-01
1.0	6.400000e+02	4.096000e+04	9.999816e-01	7.438804e-07	6.500000e-01
1.0	7.580000e+02	4.096000e+04	9.999814e-01	7.712825e-07	6.500000e-01
1.0	8.760000e+02	4.096000e+04	9.999815e-01	8.424591e-07	6.500000e-01
1.0	1.024000e+03	4.096000e+04	9.999816e-01	8.109780e-07	6.500000e-01
1.0	1.280000e+03	4.096000e+04	9.999816e-01	8.050313e-07	6.500000e-01
1.0	1.536000e+03	4.096000e+04	9.999814e-01	5.881739e-07	6.500000e-01
1.0	1.280000e+02	4.096000e+04	9.996549e-01	3.686865e-06	8.500000e-01
1.0	2.560000e+02	4.096000e+04	9.996549e-01	4.110078e-06	8.500000e-01
1.0	3.840000e+02	4.096000e+04	9.996556e-01	3.039073e-06	8.500000e-01
1.0	5.120000e+02	4.096000e+04	9.996549e-01	3.614169e-06	8.500000e-01
1.0	6.400000e+02	4.096000e+04	9.996549e-01	3.786103e-06	8.500000e-01
1.0	7.580000e+02	4.096000e+04	9.996559e-01	3.204291e-06	8.500000e-01
1.0	8.760000e+02	4.096000e+04	9.996555e-01	3.336020e-06	8.500000e-01
1.0	1.024000e+03	4.096000e+04	9.996549e-01	3.314037e-06	8.500000e-01
1.0	1.280000e+03	4.096000e+04	9.996549e-01	3.178566e-06	8.500000e-01
1.0	1.536000e+03	4.096000e+04	9.996549e-01	4.056082e-06	8.500000e-01
1.0	1.280000e+02	4.096000e+04	9.978532e-01	1.050153e-05	1.050000e+00
1.0	2.560000e+02	4.096000e+04	9.978531e-01	1.049316e-05	1.050000e+00
1.0	3.840000e+02	4.096000e+04	9.978495e-01	9.165942e-06	1.050000e+00
1.0	5.120000e+02	4.096000e+04	9.978532e-01	1.163976e-05	1.050000e+00
1.0	6.400000e+02	4.096000e+04	9.978532e-01	9.932970e-06	1.050000e+00
1.0	7.580000e+02	4.096000e+04	9.978486e-01	8.264488e-06	1.050000e+00
1.0	8.760000e+02	4.096000e+04	9.978489e-01	7.465406e-06	1.050000e+00
1.0	1.024000e+03	4.096000e+04	9.978532e-01	9.656779e-06	1.050000e+00
1.0	1.280000e+03	4.096000e+04	9.978531e-01	1.160502e-05	1.050000e+00
1.0	1.536000e+03	4.096000e+04	9.978488e-01	1.216156e-05	1.050000e+00
1.0	1.280000e+02	4.096000e+04	9.920940e-01	2.127876e-05	1.250000e+00
1.0	2.560000e+02	4.096000e+04	9.920940e-01	2.063176e-05	1.250000e+00
1.0	3.840000e+02	4.096000e+04	9.921022e-01	2.113084e-05	1.250000e+00
1.0	5.120000e+02	4.096000e+04	9.920942e-01	2.148224e-05	1.250000e+00
1.0	6.400000e+02	4.096000e+04	9.920943e-01	2.407961e-05	1.250000e+00
1.0	7.580000e+02	4.096000e+04	9.921013e-01	1.805066e-05	1.250000e+00
1.0	8.760000e+02	4.096000e+04	9.921061e-01	2.218637e-05	1.250000e+00
1.0	1.024000e+03	4.096000e+04	9.920943e-01	2.168776e-05	1.250000e+00
1.0	1.280000e+03	4.096000e+04	9.920942e-01	1.800859e-05	1.250000e+00
1.0	1.536000e+03	4.096000e+04	9.921001e-01	2.103293e-05	1.250000e+00
1.0	1.280000e+02	4.096000e+04	9.784421e-01	3.789397e-05	1.450000e+00
1.0	2.560000e+02	4.096000e+04	9.784421e-01	3.716051e-05	1.450000e+00
1.0	3.840000e+02	4.096000e+04	9.784444e-01	3.440785e-05	1.450000e+00
1.0	5.120000e+02	4.096000e+04	9.784420e-01	3.427295e-05	1.450000e+00
1.0	6.400000e+02	4.096000e+04	9.784424e-01	2.843885e-05	1.450000e+00
1.0	7.580000e+02	4.096000e+04	9.784463e-01	3.030565e-05	1.450000e+00
1.0	8.760000e+02	4.096000e+04	9.784467e-01	3.679117e-05	1.450000e+00
1.0	1.024000e+03	4.096000e+04	9.784420e-01	3.483420e-05	1.450000e+00
1.0	1.280000e+03	4.096000e+04	9.784417e-01	3.146196e-05	1.450000e+00
1.0	1.536000e+03	4.096000e+04	9.784623e-01	3.422090e-05	1.450000e+00
1.0	1.280000e+02	4.096000e+04	9.511172e-01	9.651878e-05	1.650000e+00
1.0	2.560000e+02	4.096000e+04	9.511175e-01	9.987729e-05	1.650000e+00
1.0	3.840000e+02	4.096000e+04	9.511243e-01	9.225264e-05	1.650000e+00
1.0	5.120000e+02	4.096000e+04	9.511176e-01	8.416830e-05	1.650000e+00
1.0	6.400000e+02	4.096000e+04	9.511173e-01	8.661492e-05	1.650000e+00
1.0	7.580000e+02	4.096000e+04	9.511352e-01	6.574551e-05	1.650000e+00
1.0	8.760000e+02	4.096000e+04	9.511252e-01	8.170144e-05	1.650000e+00
1.0	1.024000e+03	4.096000e+04	9.511171e-01	5.936493e-05	1.650000e+00
1.0	1.280000e+03	4.096000e+04	9.511174e-01	6.171285e-05	1.650000e+00
1.0	1.536000e+03	4.096000e+04	9.511042e-01	4.624703e-05	1.650000e+00
1.0	1.280000e+02	4.096000e+04	8.993957e-01	1.794924e-04	1.850000e+00
1.0	2.560000e+02	4.096000e+04	8.993972e-01	1.597241e-04	1.850000e+00
1.0	3.840000e+02	4.096000e+04	8.993812e-01	1.434993e-04	1.850000e+00
1.0	5.120000e+02	4.096000e+04	8.993987e-01	1.906616e-04	1.850000e+00
1.0	6.400000e+02	4.096000e+04	8.993984e-01	2.128506e-04	1.850000e+00
1.0	7.580000e+02	4.096000e+04	8.993643e-01	1.657381e-04	1.850000e+00
1.0	8.760000e+02	4.096000e+04	8.993581e-01	1.363513e-04	1.850000e+00
1.0	1.024000e+03	4.096000e+04	8.993968e-01	2.259068e-04	1.850000e+00
1.0	1.280000e+03	4.096000e+04	8.993997e-01	1.785766e-04	1.850000e+00
1.0	1.536000e+03	4.096000e+04	8.993026e-01	1.859888e-04	1.850000e+00
1.0	1.280000e+02	4.096000e+04	8.303842e-01	4.281614e-04	2.000000e+00
1.0	2.560000e+02	4.096000e+04	8.303791e-01	3.987596e-04	2.000000e+00
1.0	3.840000e+02	4.096000e+04	8.303583e-01	3.670533e-04	2.000000e+00
1.0	5.120000e+02	4.096000e+04	8.303807e-01	3.351422e-04	2.000000e+00
1.0	6.400000e+02	4.096000e+04	8.303823e-01	4.190243e-04	2.000000e+00
1.0	7.580000e+02	4.096000e+04	8.303434e-01	3.097065e-04	2.000000e+00
1.0	8.760000e+02	4.096000e+04	8.302885e-01	3.085872e-04	2.000000e+00
1.0	1.024000e+03	4.096000e+04	8.303817e-01	3.225256e-04	2.000000e+00
1.0	1.280000e+03	4.096000e+04	8.303777e-01	4.225712e-04	2.000000e+00
1.0	1.536000e+03	4.096000e+04	8.302657e-01	3.328182e-04	2.000000e+00
1.0	1.280000e+02	4.096000e+04	8.198831e-01	4.056356e-04	2.016000e+00
1.0	2.560000e+02	4.096000e+04	8.198846e-01	3.788886e-04	2.016000e+00
1.0	3.840000e+02	4.096000e+04	8.198992e-01	3.270581e-04	2.016000e+00
1.0	5.120000e+02	4.096000e+04	8.198843e-01	4.101004e-04	2.016000e+00
1.0	6.400000e+02	4.096000e+04	8.198812e-01	3.425545e-04	2.016000e+00
1.0	7.580000e+02	4.096000e+04	8.198322e-01	3.525472e-04	2.016000e+00
1.0	8.760000e+02	4.096000e+04	8.198239e-01	3.596280e-04	2.016000e+00
1.0	1.024000e+03	4.096000e+04	8.198823e-01	2.984907e-04	2.016000e+00
1.0	1.280000e+03	4.096000e+04	8.198831e-01	2.943066e-04	2.016000e+00
1.0	1.536000e+03	4.096000e+04	8.200677e-01	2.393478e-04	2.016000e+00
1.0	1.280000e+02	4.096000e+04	8.089005e-01	5.259233e-04	2.032000e+00
1.0	2.560000e+02	4.096000e+04	8.088925e-01	5.608239e-04	2.032000e+00
1.0	3.840000e+02	4.096000e+04	8.088124e-01	6.016069e-04	2.032000e+00
1.0	5.120000e+02	4.096000e+04	8.088915e-01	6.600814e-04	2.032000e+00
1.0	6.400000e+02	4.096000e+04	8.088968e-01	5.796496e-04	2.032000e+00
1.0	7.580000e+02	4.096000e+04	8.088752e-01	6.782232e-04	2.032000e+00
1.0	8.760000e+02	4.096000e+04	8.088984e-01	4.326730e-04	2.032000e+00
1.0	1.024000e+03	4.096000e+04	8.088964e-01	5.112343e-04	2.032000e+00
1.0	1.280000e+03	4.096000e+04	8.088965e-01	5.444281e-04	2.032000e+00
1.0	1.536000e+03	4.096000e+04	8.089434e-01	4.711382e-04	2.032000e+00
1.0	1.280000e+02	4.096000e+04	7.977322e-01	6.293418e-04	2.048000e+00
1.0	2.560000e+02	4.096000e+04	7.977273e-01	6.721270e-04	2.048000e+00
1.0	3.840000e+02	4.096000e+04	7.977165e-01	6.856491e-04	2.048000e+00
1.0	5.120000e+02	4.096000e+04	7.977375e-01	6.388188e-04	2.048000e+00
1.0	6.400000e+02	4.096000e+04	7.977321e-01	5.838579e-04	2.048000e+00
1.0	7.580000e+02	4.096000e+04	7.976953e-01	6.838310e-04	2.048000e+00
1.0	8.760000e+02	4.096000e+04	7.977948e-01	5.809642e-04	2.048000e+00
1.0	1.024000e+03	4.096000e+04	7.977323e-01	5.550476e-04	2.048000e+00
1.0	1.280000e+03	4.096000e+04	7.977314e-01	4.759733e-04	2.048000e+00
1.0	1.536000e+03	4.096000e+04	7.978530e-01	4.023609e-04	2.048000e+00
1.0	1.280000e+02	4.096000e+04	7.856575e-01	5.729669e-04	2.064000e+00
1.0	2.560000e+02	4.096000e+04	7.856507e-01	5.731090e-04	2.064000e+00
1.0	3.840000e+02	4.096000e+04	7.856237e-01	5.902897e-04	2.064000e+00
1.0	5.120000e+02	4.096000e+04	7.856502e-01	4.760218e-04	2.064000e+00
1.0	6.400000e+02	4.096000e+04	7.856506e-01	4.429434e-04	2.064000e+00
1.0	7.580000e+02	4.096000e+04	7.856039e-01	5.078743e-04	2.064000e+00
1.0	8.760000e+02	4.096000e+04	7.857473e-01	4.470444e-04	2.064000e+00
1.0	1.024000e+03	4.096000e+04	7.856579e-01	4.756463e-04	2.064000e+00
1.0	1.280000e+03	4.096000e+04	7.856505e-01	4.743912e-04	2.064000e+00
1.0	1.536000e+03	4.096000e+04	7.859649e-01	3.466619e-04	2.064000e+00
1.0	1.280000e+02	4.096000e+04	7.731935e-01	6.700898e-04	2.080000e+00
1.0	2.560000e+02	4.096000e+04	7.731926e-01	6.750301e-04	2.080000e+00
1.0	3.840000e+02	4.096000e+04	7.733343e-01	7.014643e-04	2.080000e+00
1.0	5.120000e+02	4.096000e+04	7.731984e-01	7.141774e-04	2.080000e+00
1.0	6.400000e+02	4.096000e+04	7.731931e-01	6.377475e-04	2.080000e+00
1.0	7.580000e+02	4.096000e+04	7.735112e-01	7.117260e-04	2.080000e+00
1.0	8.760000e+02	4.096000e+04	7.733789e-01	8.691475e-04	2.080000e+00
1.0	1.024000e+03	4.096000e+04	7.731928e-01	5.888748e-04	2.080000e+00
1.0	1.280000e+03	4.096000e+04	7.731952e-01	7.091453e-04	2.080000e+00
1.0	1.536000e+03	4.096000e+04	7.732800e-01	7.328285e-04	2.080000e+00
1.0	1.280000e+02	4.096000e+04	7.584433e-01	7.618512e-04	2.096000e+00
1.0	2.560000e+02	4.096000e+04	7.584472e-01	6.994558e-04	2.096000e+00
1.0	3.840000e+02	4.096000e+04	7.585100e-01	7.527696e-04	2.096000e+00
1.0	5.120000e+02	4.096000e+04	7.584486e-01	7.545127e-04	2.096000e+00
1.0	6.400000e+02	4.096000e+04	7.584409e-01	7.151047e-04	2.096000e+00
1.0	7.580000e+02	4.096000e+04	7.586308e-01	8.811512e-04	2.096000e+00
1.0	8.760000e+02	4.096000e+04	7.586038e-01	9.152804e-04	2.096000e+00
1.0	1.024000e+03	4.096000e+04	7.584477e-01	9.633294e-04	2.096000e+00
1.0	1.280000e+03	4.096000e+04	7.584550e-01	9.405741e-04	2.096000e+00
1.0	1.536000e+03	4.096000e+04	7.591676e-01	8.423869e-04	2.096000e+00
1.0	1.280000e+02	4.096000e+04	7.414197e-01	9.954455e-04	2.112000e+00
1.0	2.560000e+02	4.096000e+04	7.414204e-01	9.893514e-04	2.112000e+00
1.0	3.840000e+02	4.096000e+04	7.414139e-01	1.208415e-03	2.112000e+00
1.0	5.120000e+02	4.096000e+04	7.414161e-01	9.196741e-04	2.112000e+00
1.0	6.400000e+02	4.096000e+04	7.414213e-01	1.149964e-03	2.112000e+00
1.0	7.580000e+02	4.096000e+04	7.417105e-01	8.725671e-04	2.112000e+00
1.0	8.760000e+02	4.096000e+04	7.421433e-01	7.937760e-04	2.112000e+00
1.0	1.024000e+03	4.096000e+04	7.414154e-01	1.039310e-03	2.112000e+00
1.0	1.280000e+03	4.096000e+04	7.414281e-01	1.132839e-03	2.112000e+00
1.0	1.536000e+03	4.096000e+04	7.424061e-01	5.129075e-04	2.112000e+00
1.0	1.280000e+02	4.096000e+04	7.241775e-01	1.355562e-03	2.128000e+00
1.0	2.560000e+02	4.096000e+04	7.241585e-01	1.527050e-03	2.128000e+00
1.0	3.840000e+02	4.096000e+04	7.241487e-01	1.645370e-03	2.128000e+00
1.0	5.120000e+02	4.096000e+04	7.241634e-01	1.467432e-03	2.128000e+00
1.0	6.400000e+02	4.096000e+04	7.241738e-01	1.755578e-03	2.128000e+00
1.0	7.580000e+02	4.096000e+04	7.239845e-01	1.805028e-03	2.128000e+00
1.0	8.760000e+02	4.096000e+04	7.237749e-01	1.589927e-03	2.128000e+00
1.0	1.024000e+03	4.096000e+04	7.241644e-01	1.456474e-03	2.128000e+00
1.0	1.280000e+03	4.096000e+04	7.241599e-01	2.014019e-03	2.128000e+00
1.0	1.536000e+03	4.096000e+04	7.238859e-01	2.051785e-03	2.128000e+00
1.0	1.280000e+02	4.096000e+04	7.065527e-01	1.576304e-03	2.144000e+00
1.0	2.560000e+02	4.096000e+04	7.065620e-01	1.535918e-03	2.144000e+00
1.0	3.840000e+02	4.096000e+04	7.066354e-01	1.493225e-03	2.144000e+00
1.0	5.120000e+02	4.096000e+04	7.065668e-01	1.310956e-03	2.144000e+00
1.0	6.400000e+02	4.096000e+04	7.065694e-01	1.052292e-03	2.144000e+00
1.0	7.580000e+02	4.096000e+04	7.065627e-01	1.269065e-03	2.144000e+00
1.0	8.760000e+02	4.096000e+04	7.063013e-01	1.168463e-03	2.144000e+00
1.0	1.024000e+03	4.096000e+04	7.065700e-01	9.915722e-04	2.144000e+00
1.0	1.280000e+03	4.096000e+04	7.065734e-01	8.149650e-04	2.144000e+00
1.0	1.536000e+03	4.096000e+04	7.061065e-01	9.385470e-04	2.144000e+00
1.0	1.280000e+02	4.096000e+04	6.861588e-01	1.507077e-03	2.160000e+00
1.0	2.560000e+02	4.096000e+04	6.861482e-01	1.530878e-03	2.160000e+00
1.0	3.840000e+02	4.096000e+04	6.860597e-01	1.805156e-03	2.160000e+00
1.0	5.120000e+02	4.096000e+04	6.861557e-01	1.704213e-03	2.160000e+00
1.0	6.400000e+02	4.096000e+04	6.861601e-01	1.525539e-03	2.160000e+00
1.0	7.580000e+02	4.096000e+04	6.863312e-01	1.642863e-03	2.160000e+00
1.0	8.760000e+02	4.096000e+04	6.860074e-01	1.176010e-03	2.160000e+00
1.0	1.024000e+03	4.096000e+04	6.861739e-01	1.207223e-03	2.160000e+00
1.0	1.280000e+03	4.096000e+04	6.861582e-01	1.209810e-03	2.160000e+00
1.0	1.536000e+03	4.096000e+04	6.859104e-01	1.951764e-03	2.160000e+00
1.0	1.280000e+02	4.096000e+04	6.595720e-01	2.424419e-03	2.176000e+00
1.0	2.560000e+02	4.096000e+04	6.595671e-01	3.044465e-03	2.176000e+00
1.0	3.840000e+02	4.096000e+04	6.595150e-01	2.985937e-03	2.176000e+00
1.0	5.120000e+02	4.096000e+04	6.595937e-01	2.854859e-03	2.176000e+00
1.0	6.400000e+02	4.096000e+04	6.595742e-01	3.048806e-03	2.176000e+00
1.0	7.580000e+02	4.096000e+04	6.595850e-01	2.431129e-03	2.176000e+00
1.0	8.760000e+02	4.096000e+04	6.599442e-01	2.611143e-03	2.176000e+00
1.0	1.024000e+03	4.096000e+04	6.595731e-01	3.087944e-03	2.176000e+00
1.0	1.280000e+03	4.096000e+04	6.595712e-01	3.195080e-03	2.176000e+00
1.0	1.536000e+03	4.096000e+04	6.613538e-01	2.454800e-03	2.176000e+00
1.0	1.280000e+02	4.096000e+04	6.319565e-01	2.973119e-03	2.192000e+00
1.0	2.560000e+02	4.096000e+04	6.319437e-01	3.231168e-03	2.192000e+00
1.0	3.840000e+02	4.096000e+04	6.315097e-01	3.692262e-03	2.192000e+00
1.0	5.120000e+02	4.096000e+04	6.319824e-01	2.957213e-03	2.192000e+00
1.0	6.400000e+02	4.096000e+04	6.319198e-01	3.631733e-03	2.192000e+00
1.0	7.580000e+02	4.096000e+04	6.313481e-01	4.104765e-03	2.192000e+00
1.0	8.760000e+02	4.096000e+04	6.315106e-01	3.578578e-03	2.192000e+00
1.0	1.024000e+03	4.096000e+04	6.319459e-01	2.570545e-03	2.192000e+00
1.0	1.280000e+03	4.096000e+04	6.319544e-01	2.465834e-03	2.192000e+00
1.0	1.536000e+03	4.096000e+04	6.315469e-01	3.253864e-03	2.192000e+00
1.0	1.280000e+02	4.096000e+04	5.947632e-01	4.520684e-03	2.208000e+00
1.0	2.560000e+02	4.096000e+04	5.947723e-01	4.561076e-03	2.208000e+00
1.0	3.840000e+02	4.096000e+04	5.963436e-01	4.892373e-03	2.208000e+00
1.0	5.120000e+02	4.096000e+04	5.947672e-01	5.251148e-03	2.208000e+00
1.0	6.400000e+02	4.096000e+04	5.947451e-01	4.980112e-03	2.208000e+00
1.0	7.580000e+02	4.096000e+04	5.967866e-01	5.822922e-03	2.208000e+00
1.0	8.760000e+02	4.096000e+04	5.967268e-01	4.424993e-03	2.208000e+00
1.0	1.024000e+03	4.096000e+04	5.947166e-01	5.283650e-03	2.208000e+00
1.0	1.280000e+03	4.096000e+04	5.947678e-01	4.971979e-03	2.208000e+00
1.0	1.536000e+03	4.096000e+04	5.966331e-01	5.987540e-03	2.208000e+00
1.0	1.280000e+02	4.096000e+04	5.571524e-01	5.293254e-03	2.224000e+00
1.0	2.560000e+02	4.096000e+04	5.571172e-01	6.202552e-03	2.224000e+00
1.0	3.840000e+02	4.096000e+04	5.576363e-01	6.332041e-03	2.224000e+00
1.0	5.120000e+02	4.096000e+04	5.571043e-01	7.366988e-03	2.224000e+00
1.0	6.400000e+02	4.096000e+04	5.570991e-01	6.898895e-03	2.224000e+00
1.0	7.580000e+02	4.096000e+04	5.572638e-01	6.788872e-03	2.224000e+00
1.0	8.760000e+02	4.096000e+04	5.569902e-01	7.803432e-03	2.224000e+00
1.0	1.024000e+03	4.096000e+04	5.570775e-01	8.620235e-03	2.224000e+00
1.0	1.280000e+03	4.096000e+04	5.571080e-01	6.712638e-03	2.224000e+00
1.0	1.536000e+03	4.096000e+04	5.566624e-01	9.350517e-03	2.224000e+00
1.0	1.280000e+02	4.096000e+04	5.593162e-01	4.118468e-03	2.228000e+00
1.0	2.560000e+02	4.096000e+04	5.593350e-01	5.352242e-03	2.228000e+00
1.0	3.840000e+02	4.096000e+04	5.594915e-01	5.631637e-03	2.228000e+00
1.0	5.120000e+02	4.096000e+04	5.592760e-01	5.873513e-03	2.228000e+00
1.0	6.400000e+02	4.096000e+04	5.592917e-01	5.462466e-03	2.228000e+00
1.0	7.580000e+02	4.096000e+04	5.597096e-01	5.137689e-03	2.228000e+00
1.0	8.760000e+02	4.096000e+04	5.600317e-01	5.875940e-03	2.228000e+00
1.0	1.024000e+03	4.096000e+04	5.592889e-01	5.057863e-03	2.228000e+00
1.0	1.280000e+03	4.096000e+04	5.593190e-01	5.903661e-03	2.228000e+00
1.0	1.536000e+03	4.096000e+04	5.591863e-01	4.979492e-03	2.228000e+00
1.0	1.280000e+02	4.096000e+04	5.331155e-01	7.240180e-03	2.232000e+00
1.0	2.560000e+02	4.096000e+04	5.330221e-01	8.961560e-03	2.232000e+00
1.0	3.840000e+02	4.096000e+04	5.318741e-01	1.002407e-02	2.232000e+00
1.0	5.120000e+02	4.096000e+04	5.331680e-01	1.039663e-02	2.232000e+00
1.0	6.400000e+02	4.096000e+04	5.332515e-01	1.202030e-02	2.232000e+00
1.0	7.580000e+02	4.096000e+04	5.320019e-01	1.372943e-02	2.232000e+00
1.0	8.760000e+02	4.096000e+04	5.352425e-01	9.884867e-03	2.232000e+00
1.0	1.024000e+03	4.096000e+04	5.330662e-01	1.083262e-02	2.232000e+00
1.0	1.280000e+03	4.096000e+04	5.331573e-01	1.306296e-02	2.232000e+00
1.0	1.536000e+03	4.096000e+04	5.422289e-01	8.418985e-03	2.232000e+00
1.0	1.280000e+02	4.096000e+04	5.365374e-01	4.514201e-03	2.236000e+00
1.0	2.560000e+02	4.096000e+04	5.365243e-01	5.080100e-03	2.236000e+00
1.0	3.840000e+02	4.096000e+04	5.388425e-01	5.639286e-03	2.236000e+00
1.0	5.120000e+02	4.096000e+04	5.365229e-01	5.684649e-03	2.236000e+00
1.0	6.400000e+02	4.096000e+04	5.365669e-01	6.014727e-03	2.236000e+00
1.0	7.580000e+02	4.096000e+04	5.396119e-01	6.742053e-03	2.236000e+00
1.0	8.760000e+02	4.096000e+04	5.394164e-01	7.108181e-03	2.236000e+00
1.0	1.024000e+03	4.096000e+04	5.365510e-01	6.824626e-03	2.236000e+00
1.0	1.280000e+03	4.096000e+04	5.365879e-01	6.602286e-03	2.236000e+00
1.0	1.536000e+03	4.096000e+04	5.388545e-01	9.272667e-03	2.236000e+00
1.0	1.280000e+02	4.096000e+04	5.064386e-01	5.228869e-03	2.240000e+00
1.0	2.560000e+02	4.096000e+04	5.064515e-01	5.650296e-03	2.240000e+00
1.0	3.840000e+02	4.096000e+04	5.064250e-01	7.138176e-03	2.240000e+00
1.0	5.120000e+02	4.096000e+04	5.065378e-01	6.309477e-03	2.240000e+00
1.0	6.400000e+02	4.096000e+04	5.065205e-01	4.323948e-03	2.240000e+00
1.0	7.580000e+02	4.096000e+04	5.071879e-01	5.826821e-03	2.240000e+00
1.0	8.760000e+02	4.096000e+04	5.076768e-01	4.427844e-03	2.240000e+00
1.0	1.024000e+03	4.096000e+04	5.064349e-01	5.869440e-03	2.240000e+00
1.0	1.280000e+03	4.096000e+04	5.064839e-01	4.964582e-03	2.240000e+00
1.0	1.536000e+03	4.096000e+04	5.062878e-01	6.525182e-03	2.240000e+00
1.0	1.280000e+02	4.096000e+04	5.182067e-01	4.274235e-03	2.244000e+00
1.0	2.560000e+02	4.096000e+04	5.182143e-01	4.836968e-03	2.244000e+00
1.0	3.840000e+02	4.096000e+04	5.177570e-01	4.476097e-03	2.244000e+00
1.0	5.120000e+02	4.096000e+04	5.181836e-01	4.702501e-03	2.244000e+00
1.0	6.400000e+02	4.096000e+04	5.181807e-01	4.679483e-03	2.244000e+00
1.0	7.580000e+02	4.096000e+04	5.181861e-01	4.959956e-03	2.244000e+00
1.0	8.760000e+02	4.096000e+04	5.183513e-01	6.361752e-03	2.244000e+00
1.0	1.024000e+03	4.096000e+04	5.182086e-01	5.031990e-03	2.244000e+00
1.0	1.280000e+03	4.096000e+04	5.181854e-01	4.148326e-03	2.244000e+00
1.0	1.536000e+03	4.096000e+04	5.190823e-01	4.189809e-03	2.244000e+00
1.0	1.280000e+02	4.096000e+04	4.995761e-01	5.957503e-03	2.248000e+00
1.0	2.560000e+02	4.096000e+04	4.995461e-01	6.578189e-03	2.248000e+00
1.0	3.840000e+02	4.096000e+04	4.986536e-01	6.758480e-03	2.248000e+00
1.0	5.120000e+02	4.096000e+04	4.995499e-01	5.709187e-03	2.248000e+00
1.0	6.400000e+02	4.096000e+04	4.995411e-01	7.640457e-03	2.248000e+00
1.0	7.580000e+02	4.096000e+04	4.983868e-01	8.083310e-03	2.248000e+00
1.0	8.760000e+02	4.096000e+04	4.979142e-01	7.513984e-03	2.248000e+00
1.0	1.024000e+03	4.096000e+04	4.995278e-01	6.960971e-03	2.248000e+00
1.0	1.280000e+03	4.096000e+04	4.995655e-01	6.466300e-03	2.248000e+00
1.0	1.536000e+03	4.096000e+04	4.976128e-01	6.977001e-03	2.248000e+00
1.0	1.280000e+02	4.096000e+04	4.559893e-01	8.910510e-03	2.252000e+00
1.0	2.560000e+02	4.096000e+04	4.558868e-01	1.154069e-02	2.252000e+00
1.0	3.840000e+02	4.096000e+04	4.573943e-01	1.356744e-02	2.252000e+00
1.0	5.120000e+02	4.096000e+04	4.559322e-01	1.323275e-02	2.252000e+00
1.0	6.400000e+02	4.096000e+04	4.559794e-01	1.454556e-02	2.252000e+00
1.0	7.580000e+02	4.096000e+04	4.606103e-01	1.408298e-02	2.252000e+00
1.0	8.760000e+02	4.096000e+04	4.666136e-01	1.060722e-02	2.252000e+00
1.0	1.024000e+03	4.096000e+04	4.559590e-01	1.389242e-02	2.252000e+00
1.0	1.280000e+03	4.096000e+04	4.560817e-01	1.613447e-02	2.252000e+00
1.0	1.536000e+03	4.096000e+04	4.668682e-01	1.186967e-02	2.252000e+00
1.0	1.280000e+02	4.096000e+04	3.847385e-01	1.477326e-02	2.256000e+00
1.0	2.560000e+02	4.096000e+04	3.845986e-01	1.989596e-02	2.256000e+00
1.0	3.840000e+02	4.096000e+04	3.857805e-01	2.401705e-02	2.256000e+00
1.0	5.120000e+02	4.096000e+04	3.846247e-01	2.633328e-02	2.256000e+00
1.0	6.400000e+02	4.096000e+04	3.844747e-01	2.887077e-02	2.256000e+00
1.0	7.580000e+02	4.096000e+04	3.840097e-01	3.114233e-02	2.256000e+00
1.0	8.760000e+02	4.096000e+04	3.827531e-01	3.490298e-02	2.256000e+00
1.0	1.024000e+03	4.096000e+04	3.845548e-01	3.316884e-02	2.256000e+00
1.0	1.280000e+03	4.096000e+04	3.850459e-01	3.661168e-02	2.256000e+00
1.0	1.536000e+03	4.096000e+04	3.833812e-01	4.409086e-02	2.256000e+00
1.0	1.280000e+02	4.096000e+04	3.943462e-01	1.607238e-02	2.260000e+00
1.0	2.560000e+02	4.096000e+04	3.943750e-01	2.186226e-02	2.260000e+00
1.0	3.840000e+02	4.096000e+04	3.956540e-01	2.654994e-02	2.260000e+00
1.0	5.120000e+02	4.096000e+04	3.944428e-01	2.877071e-02	2.260000e+00
1.0	6.400000e+02	4.096000e+04	3.943805e-01	2.908618e-02	2.260000e+00
1.0	7.580000e+02	4.096000e+04	3.957685e-01	3.411259e-02	2.260000e+00
1.0	8.760000e+02	4.096000e+04	3.998478e-01	3.229856e-02	2.260000e+00
1.0	1.024000e+03	4.096000e+04	3.942764e-01	2.948228e-02	2.260000e+00
1.0	1.280000e+03	4.096000e+04	3.943585e-01	3.745055e-02	2.260000e+00
1.0	1.536000e+03	4.096000e+04	4.134762e-01	3.140930e-02	2.260000e+00
1.0	1.280000e+02	4.096000e+04	4.392039e-01	7.446398e-03	2.264000e+00
1.0	2.560000e+02	4.096000e+04	4.392242e-01	8.446802e-03	2.264000e+00
1.0	3.840000e+02	4.096000e+04	4.387349e-01	8.263653e-03	2.264000e+00
1.0	5.120000e+02	4.096000e+04	4.391860e-01	8.857616e-03	2.264000e+00
1.0	6.400000e+02	4.096000e+04	4.392532e-01	9.948090e-03	2.264000e+00
1.0	7.580000e+02	4.096000e+04	4.386341e-01	8.372879e-03	2.264000e+00
1.0	8.760000e+02	4.096000e+04	4.364359e-01	8.978319e-03	2.264000e+00
1.0	1.024000e+03	4.096000e+04	4.392612e-01	8.510493e-03	2.264000e+00
1.0	1.280000e+03	4.096000e+04	4.391652e-01	9.433397e-03	2.264000e+00
1.0	1.536000e+03	4.096000e+04	4.369297e-01	8.837588e-03	2.264000e+00
1.0	1.280000e+02	4.096000e+04	3.813552e-01	1.297728e-02	2.268000e+00
1.0	2.560000e+02	4.096000e+04	3.813546e-01	1.693587e-02	2.268000e+00
1.0	3.840000e+02	4.096000e+04	3.816556e-01	2.019144e-02	2.268000e+00
1.0	5.120000e+02	4.096000e+04	3.813734e-01	2.048799e-02	2.268000e+00
1.0	6.400000e+02	4.096000e+04	3.811861e-01	2.431993e-02	2.268000e+00
1.0	7.580000e+02	4.096000e+04	3.823809e-01	2.237772e-02	2.268000e+00
1.0	8.760000e+02	4.096000e+04	3.818428e-01	2.506114e-02	2.268000e+00
1.0	1.024000e+03	4.096000e+04	3.814672e-01	2.605813e-02	2.268000e+00
1.0	1.280000e+03	4.096000e+04	3.814500e-01	3.230661e-02	2.268000e+00
1.0	1.536000e+03	4.096000e+04	3.780508e-01	2.991689e-02	2.268000e+00
1.0	1.280000e+02	4.096000e+04	3.844275e-01	1.241120e-02	2.272000e+00
1.0	2.560000e+02	4.096000e+04	3.844454e-01	1.664815e-02	2.272000e+00
1.0	3.840000e+02	4.096000e+04	3.832248e-01	2.017268e-02	2.272000e+00
1.0	5.120000e+02	4.096000e+04	3.847073e-01	2.137117e-02	2.272000e+00
1.0	6.400000e+02	4.096000e+04	3.844584e-01	2.351375e-02	2.272000e+00
1.0	7.580000e+02	4.096000e+04	3.817179e-01	2.489039e-02	2.272000e+00
1.0	8.760000e+02	4.096000e+04	3.796833e-01	2.517095e-02	2.272000e+00
1.0	1.024000e+03	4.096000e+04	3.848113e-01	2.337496e-02	2.272000e+00
1.0	1.280000e+03	4.096000e+04	3.841918e-01	2.088054e-02	2.272000e+00
1.0	1.536000e+03	4.096000e+04	3.816992e-01	2.388601e-02	2.272000e+00
1.0	1.280000e+02	4.096000e+04	2.314152e-01	1.741622e-02	2.276000e+00
1.0	2.560000e+02	4.096000e+04	2.315390e-01	2.377052e-02	2.276000e+00
1.0	3.840000e+02	4.096000e+04	2.328914e-01	2.823712e-02	2.276000e+00
1.0	5.120000e+02	4.096000e+04	2.313657e-01	3.149622e-02	2.276000e+00
1.0	6.400000e+02	4.096000e+04	2.314188e-01	3.488282e-02	2.276000e+00
1.0	7.580000e+02	4.096000e+04	2.349177e-01	3.629349e-02	2.276000e+00
1.0	8.760000e+02	4.096000e+04	2.379773e-01	3.987025e-02	2.276000e+00
1.0	1.024000e+03	4.096000e+04	2.314783e-01	3.750036e-02	2.276000e+00
1.0	1.280000e+03	4.096000e+04	2.317356e-01	4.175644e-02	2.276000e+00
1.0	1.536000e+03	4.096000e+04	2.491418e-01	4.633842e-02	2.276000e+00
1.0	1.280000e+02	4.096000e+04	2.711350e-01	1.529614e-02	2.280000e+00
1.0	2.560000e+02	4.096000e+04	2.710731e-01	2.088836e-02	2.280000e+00
1.0	3.840000e+02	4.096000e+04	2.764799e-01	2.394847e-02	2.280000e+00
1.0	5.120000e+02	4.096000e+04	2.710518e-01	2.710834e-02	2.280000e+00
1.0	6.400000e+02	4.096000e+04	2.711010e-01	2.942525e-02	2.280000e+00
1.0	7.580000e+02	4.096000e+04	2.776071e-01	3.169356e-02	2.280000e+00
1.0	8.760000e+02	4.096000e+04	2.817606e-01	3.254753e-02	2.280000e+00
1.0	1.024000e+03	4.096000e+04	2.712321e-01	3.487206e-02	2.280000e+00
1.0	1.280000e+03	4.096000e+04	2.711646e-01	3.902474e-02	2.280000e+00
1.0	1.536000e+03	4.096000e+04	2.936643e-01	2.950133e-02	2.280000e+00
1.0	1.280000e+02	4.096000e+04	2.729667e-01	1.211021e-02	2.284000e+00
1.0	2.560000e+02	4.096000e+04	2.727145e-01	1.532648e-02	2.284000e+00
1.0	3.840000e+02	4.096000e+04	2.732511e-01	1.747669e-02	2.284000e+00
1.0	5.120000e+02	4.096000e+04	2.728952e-01	1.703834e-02	2.284000e+00
1.0	6.400000e+02	4.096000e+04	2.730140e-01	1.876494e-02	2.284000e+00
1.0	7.580000e+02	4.096000e+04	2.721096e-01	1.643618e-02	2.284000e+00
1.0	8.760000e+02	4.096000e+04	2.693948e-01	1.935764e-02	2.284000e+00
1.0	1.024000e+03	4.096000e+04	2.729641e-01	1.961903e-02	2.284000e+00
1.0	1.280000e+03	4.096000e+04	2.729153e-01	1.134640e-02	2.284000e+00
1.0	1.536000e+03	4.096000e+04	2.654630e-01	5.266831e-03	2.284000e+00
1.0	1.280000e+02	4.096000e+04	1.750462e-01	1.453880e-02	2.288000e+00
1.0	2.560000e+02	4.096000e+04	1.750486e-01	1.953134e-02	2.288000e+00
1.0	3.840000e+02	4.096000e+04	1.733395e-01	2.312551e-02	2.288000e+00
1.0	5.120000e+02	4.096000e+04	1.749748e-01	2.256554e-02	2.288000e+00
1.0	6.400000e+02	4.096000e+04	1.750038e-01	2.512485e-02	2.288000e+00
1.0	7.580000e+02	4.096000e+04	1.699299e-01	2.263688e-02	2.288000e+00
1.0	8.760000e+02	4.096000e+04	1.665030e-01	2.282091e-02	2.288000e+00
1.0	1.024000e+03	4.096000e+04	1.748670e-01	2.902499e-02	2.288000e+00
1.0	1.280000e+03	4.096000e+04	1.748477e-01	2.479084e-02	2.288000e+00
1.0	1.536000e+03	4.096000e+04	1.647621e-01	2.166652e-02	2.288000e+00
1.0	1.280000e+02	4.096000e+04	1.914868e-01	1.625616e-02	2.292000e+00
1.0	2.560000e+02	4.096000e+04	1.914430e-01	2.196960e-02	2.292000e+00
1.0	3.840000e+02	4.096000e+04	1.960150e-01	2.533910e-02	2.292000e+00
1.0	5.120000e+02	4.096000e+04	1.911602e-01	2.976897e-02	2.292000e+00
1.0	6.400000e+02	4.096000e+04	1.916305e-01	2.905725e-02	2.292000e+00
1.0	7.580000e+02	4.096000e+04	1.988139e-01	2.951498e-02	2.292000e+00
1.0	8.760000e+02	4.096000e+04	2.027726e-01	3.130831e-02	2.292000e+00
1.0	1.024000e+03	4.096000e+04	1.912797e-01	3.397405e-02	2.292000e+00
1.0	1.280000e+03	4.096000e+04	1.913997e-01	3.623816e-02	2.292000e+00
1.0	1.536000e+03	4.096000e+04	2.101524e-01	3.732197e-02	2.292000e+00
1.0	1.280000e+02	4.096000e+04	1.871057e-01	1.445135e-02	2.296000e+00
1.0	2.560000e+02	4.096000e+04	1.872098e-01	1.937997e-02	2.296000e+00
1.0	3.840000e+02	4.096000e+04	1.917310e-01	2.261518e-02	2.296000e+00
1.0	5.120000e+02	4.096000e+04	1.871120e-01	2.618464e-02	2.296000e+00
1.0	6.400000e+02	4.096000e+04	1.872386e-01	2.832525e-02	2.296000e+00
1.0	7.580000e+02	4.096000e+04	1.940532e-01	2.902778e-02	2.296000e+00
1.0	8.760000e+02	4.096000e+04	1.957463e-01	2.865830e-02	2.296000e+00
1.0	1.024000e+03	4.096000e+04	1.870367e-01	3.108279e-02	2.296000e+00
1.0	1.280000e+03	4.096000e+04	1.869440e-01	3.614927e-02	2.296000e+00
1.0	1.536000e+03	4.096000e+04	1.959790e-01	4.102626e-02	2.296000e+00
1.0	1.280000e+02	4.096000e+04	1.304796e-01	1.287035e-02	2.300000e+00
1.0	2.560000e+02	4.096000e+04	1.303639e-01	1.727600e-02	2.300000e+00
1.0	3.840000e+02	4.096000e+04	1.328431e-01	2.032392e-02	2.300000e+00
1.0	5.120000e+02	4.096000e+04	1.304076e-01	2.177851e-02	2.300000e+00
1.0	6.400000e+02	4.096000e+04	1.303692e-01	2.485420e-02	2.300000e+00
1.0	7.580000e+02	4.096000e+04	1.340054e-01	2.308228e-02	2.300000e+00
1.0	8.760000e+02	4.096000e+04	1.368738e-01	2.662996e-02	2.300000e+00
1.0	1.024000e+03	4.096000e+04	1.303952e-01	2.464074e-02	2.300000e+00
1.0	1.280000e+03	4.096000e+04	1.304295e-01	3.052977e-02	2.300000e+00
1.0	1.536000e+03	4.096000e+04	1.414092e-01	2.877861e-02	2.300000e+00
1.0	1.280000e+02	4.096000e+04	1.546701e-01	1.308546e-02	2.304000e+00
1.0	2.560000e+02	4.096000e+04	1.544732e-01	1.776974e-02	2.304000e+00
1.0	3.840000e+02	4.096000e+04	1.570903e-01	2.093279e-02	2.304000e+00
1.0	5.120000e+02	4.096000e+04	1.542259e-01	2.349406e-02	2.304000e+00
1.0	6.400000e+02	4.096000e+04	1.546513e-01	2.554357e-02	2.304000e+00
1.0	7.580000e+02	4.096000e+04	1.580678e-01	2.620668e-02	2.304000e+00
1.0	8.760000e+02	4.096000e+04	1.587975e-01	2.600538e-02	2.304000e+00
1.0	1.024000e+03	4.096000e+04	1.546021e-01	2.607011e-02	2.304000e+00
1.0	1.280000e+03	4.096000e+04	1.546515e-01	2.579201e-02	2.304000e+00
1.0	1.536000e+03	4.096000e+04	1.592043e-01	2.371615e-02	2.304000e+00
1.0	1.280000e+02	4.096000e+04	1.190789e-01	1.131505e-02	2.308000e+00
1.0	2.560000e+02	4.096000e+04	1.190299e-01	1.347020e-02	2.308000e+00
1.0	3.840000e+02	4.096000e+04	1.162804e-01	1.548671e-02	2.308000e+00
1.0	5.120000e+02	4.096000e+04	1.191067e-01	1.458083e-02	2.308000e+00
1.0	6.400000e+02	4.096000e+04	1.191180e-01	1.853381e-02	2.308000e+00
1.0	7.580000e+02	4.096000e+04	1.177834e-01	1.750307e-02	2.308000e+00
1.0	8.760000e+02	4.096000e+04	1.200799e-01	1.347277e-02	2.308000e+00
1.0	1.024000e+03	4.096000e+04	1.191354e-01	1.619624e-02	2.308000e+00
1.0	1.280000e+03	4.096000e+04	1.189972e-01	1.690699e-02	2.308000e+00
1.0	1.536000e+03	4.096000e+04	1.159879e-01	1.041782e-02	2.308000e+00
1.0	1.280000e+02	4.096000e+04	1.161628e-01	1.170429e-02	2.312000e+00
1.0	2.560000e+02	4.096000e+04	1.162516e-01	1.538768e-02	2.312000e+00
1.0	3.840000e+02	4.096000e+04	1.104344e-01	1.677859e-02	2.312000e+00
1.0	5.120000e+02	4.096000e+04	1.160668e-01	1.946362e-02	2.312000e+00
1.0	6.400000e+02	4.096000e+04	1.163147e-01	2.054767e-02	2.312000e+00
1.0	7.580000e+02	4.096000e+04	1.077450e-01	1.947426e-02	2.312000e+00
1.0	8.760000e+02	4.096000e+04	1.074221e-01	2.198707e-02	2.312000e+00
1.0	1.024000e+03	4.096000e+04	1.159650e-01	1.834530e-02	2.312000e+00
1.0	1.280000e+03	4.096000e+04	1.161800e-01	2.343537e-02	2.312000e+00
1.0	1.536000e+03	4.096000e+04	1.061784e-01	2.097991e-02	2.312000e+00
1.0	1.280000e+02	4.096000e+04	8.740871e-02	8.699138e-03	2.316000e+00
1.0	2.560000e+02	4.096000e+04	8.739788e-02	1.088194e-02	2.316000e+00
1.0	3.840000e+02	4.096000e+04	8.749470e-02	1.249658e-02	2.316000e+00
1.0	5.120000e+02	4.096000e+04	8.744556e-02	1.230614e-02	2.316000e+00
1.0	6.400000e+02	4.096000e+04	8.740820e-02	1.326163e-02	2.316000e+00
1.0	7.580000e+02	4.096000e+04	8.837929e-02	1.396610e-02	2.316000e+00
1.0	8.760000e+02	4.096000e+04	8.924580e-02	1.457176e-02	2.316000e+00
1.0	1.024000e+03	4.096000e+04	8.763626e-02	1.427145e-02	2.316000e+00
1.0	1.280000e+03	4.096000e+04	8.730753e-02	1.464453e-02	2.316000e+00
1.0	1.536000e+03	4.096000e+04	8.994044e-02	1.559459e-02	2.316000e+00
1.0	1.280000e+02	4.096000e+04	6.037511e-02	6.264341e-03	2.320000e+00
1.0	2.560000e+02	4.096000e+04	6.035160e-02	7.982970e-03	2.320000e+00
1.0	3.840000e+02	4.096000e+04	6.114758e-02	8.854294e-03	2.320000e+00
1.0	5.120000e+02	4.096000e+04	6.033740e-02	9.929131e-03	2.320000e+00
1.0	6.400000e+02	4.096000e+04	6.037922e-02	9.428838e-03	2.320000e+00
1.0	7.580000e+02	4.096000e+04	6.068774e-02	9.882153e-03	2.320000e+00
1.0	8.760000e+02	4.096000e+04	6.056954e-02	9.898579e-03	2.320000e+00
1.0	1.024000e+03	4.096000e+04	6.038947e-02	9.733474e-03	2.320000e+00
1.0	1.280000e+03	4.096000e+04	6.036070e-02	9.779222e-03	2.320000e+00
1.0	1.536000e+03	4.096000e+04	5.967580e-02	9.145428e-03	2.320000e+00
1.0	1.280000e+02	4.096000e+04	6.777083e-02	6.694612e-03	2.324000e+00
1.0	2.560000e+02	4.096000e+04	6.778890e-02	8.072456e-03	2.324000e+00
1.0	3.840000e+02	4.096000e+04	6.634959e-02	8.973842e-03	2.324000e+00
1.0	5.120000e+02	4.096000e+04	6.770662e-02	9.350132e-03	2.324000e+00
1.0	6.400000e+02	4.096000e+04	6.784225e-02	1.021239e-02	2.324000e+00
1.0	7.580000e+02	4.096000e+04	6.584548e-02	1.130354e-02	2.324000e+00
1.0	8.760000e+02	4.096000e+04	6.654318e-02	1.132025e-02	2.324000e+00
1.0	1.024000e+03	4.096000e+04	6.772757e-02	1.224999e-02	2.324000e+00
1.0	1.280000e+03	4.096000e+04	6.768427e-02	1.102713e-02	2.324000e+00
1.0	1.536000e+03	4.096000e+04	6.499632e-02	1.146788e-02	2.324000e+00
1.0	1.280000e+02	4.096000e+04	6.278630e-02	6.950007e-03	2.328000e+00
1.0	2.560000e+02	4.096000e+04	6.263384e-02	8.879081e-03	2.328000e+00
1.0	3.840000e+02	4.096000e+04	6.410466e-02	1.013924e-02	2.328000e+00
1.0	5.120000e+02	4.096000e+04	6.267592e-02	1.124304e-02	2.328000e+00
1.0	6.400000e+02	4.096000e+04	6.281058e-02	1.108802e-02	2.328000e+00
1.0	7.580000e+02	4.096000e+04	6.478112e-02	1.124512e-02	2.328000e+00
1.0	8.760000e+02	4.096000e+04	6.582975e-02	1.181221e-02	2.328000e+00
1.0	1.024000e+03	4.096000e+04	6.275554e-02	1.455900e-02	2.328000e+00
1.0	1.280000e+03	4.096000e+04	6.273465e-02	1.141925e-02	2.328000e+00
1.0	1.536000e+03	4.096000e+04	6.861400e-02	1.070882e-02	2.328000e+00
1.0	1.280000e+02	4.096000e+04	6.014796e-02	7.143088e-03	2.332000e+00
1.0	2.560000e+02	4.096000e+04	6.011884e-02	9.070961e-03	2.332000e+00
1.0	3.840000e+02	4.096000e+04	6.118476e-02	9.690759e-03	2.332000e+00
1.0	5.120000e+02	4.096000e+04	6.019854e-02	1.111154e-02	2.332000e+00
1.0	6.400000e+02	4.096000e+04	5.996268e-02	1.199182e-02	2.332000e+00
1.0	7.580000e+02	4.096000e+04	6.191934e-02	1.142271e-02	2.332000e+00
1.0	8.760000e+02	4.096000e+04	6.309993e-02	9.310170e-03	2.332000e+00
1.0	1.024000e+03	4.096000e+04	6.010645e-02	1.205587e-02	2.332000e+00
1.0	1.280000e+03	4.096000e+04	6.017117e-02	1.043967e-02	2.332000e+00
1.0	1.536000e+03	4.096000e+04	6.566054e-02	8.204707e-03	2.332000e+00
1.0	1.280000e+02	4.096000e+04	8.737581e-02	8.555072e-03	2.336000e+00
1.0	2.560000e+02	4.096000e+04	8.744794e-02	1.107021e-02	2.336000e+00
1.0	3.840000e+02	4.096000e+04	8.468004e-02	1.172689e-02	2.336000e+00
1.0	5.120000e+02	4.096000e+04	8.742676e-02	1.351710e-02	2.336000e+00
1.0	6.400000e+02	4.096000e+04	8.745556e-02	1.295218e-02	2.336000e+00
1.0	7.580000e+02	4.096000e+04	8.552827e-02	1.413559e-02	2.336000e+00
1.0	8.760000e+02	4.096000e+04	8.659867e-02	1.571396e-02	2.336000e+00
1.0	1.024000e+03	4.096000e+04	8.739797e-02	1.383884e-02	2.336000e+00
1.0	1.280000e+03	4.096000e+04	8.734545e-02	1.724778e-02	2.336000e+00
1.0	1.536000e+03	4.096000e+04	8.633071e-02	1.291834e-02	2.336000e+00
1.0	1.280000e+02	4.096000e+04	6.432479e-02	6.284438e-03	2.340000e+00
1.0	2.560000e+02	4.096000e+04	6.428374e-02	7.152459e-03	2.340000e+00
1.0	3.840000e+02	4.096000e+04	6.522306e-02	7.790325e-03	2.340000e+00
1.0	5.120000e+02	4.096000e+04	6.429197e-02	7.115387e-03	2.340000e+00
1.0	6.400000e+02	4.096000e+04	6.430895e-02	8.080044e-03	2.340000e+00
1.0	7.580000e+02	4.096000e+04	6.538041e-02	7.802800e-03	2.340000e+00
1.0	8.760000e+02	4.096000e+04	6.616124e-02	7.653470e-03	2.340000e+00
1.0	1.024000e+03	4.096000e+04	6.427718e-02	8.292257e-03	2.340000e+00
1.0	1.280000e+03	4.096000e+04	6.424238e-02	8.644634e-03	2.340000e+00
1.0	1.536000e+03	4.096000e+04	6.602925e-02	9.590238e-03	2.340000e+00
1.0	1.280000e+02	4.096000e+04	3.637260e-02	5.117320e-03	2.344000e+00
1.0	2.560000e+02	4.096000e+04	3.644518e-02	5.817692e-03	2.344000e+00
1.0	3.840000e+02	4.096000e+04	3.693827e-02	5.394094e-03	2.344000e+00
1.0	5.120000e+02	4.096000e+04	3.636825e-02	5.952358e-03	2.344000e+00
1.0	6.400000e+02	4.096000e+04	3.638685e-02	5.221878e-03	2.344000e+00
1.0	7.580000e+02	4.096000e+04	3.736670e-02	5.878388e-03	2.344000e+00
1.0	8.760000e+02	4.096000e+04	3.538935e-02	4.124320e-03	2.344000e+00
1.0	1.024000e+03	4.096000e+04	3.636413e-02	3.872692e-03	2.344000e+00
1.0	1.280000e+03	4.096000e+04	3.636250e-02	3.715738e-03	2.344000e+00
1.0	1.536000e+03	4.096000e+04	3.393586e-02	4.259365e-03	2.344000e+00
1.0	1.280000e+02	4.096000e+04	3.637306e-02	3.992579e-03	2.348000e+00
1.0	2.560000e+02	4.096000e+04	3.642928e-02	4.878058e-03	2.348000e+00
1.0	3.840000e+02	4.096000e+04	3.660999e-02	4.967916e-03	2.348000e+00
1.0	5.120000e+02	4.096000e+04	3.639729e-02	6.008732e-03	2.348000e+00
1.0	6.400000e+02	4.096000e+04	3.639022e-02	5.318294e-03	2.348000e+00
1.0	7.580000e+02	4.096000e+04	3.648949e-02	5.411648e-03	2.348000e+00
1.0	8.760000e+02	4.096000e+04	3.613395e-02	6.464889e-03	2.348000e+00
1.0	1.024000e+03	4.096000e+04	3.633666e-02	5.671371e-03	2.348000e+00
1.0	1.280000e+03	4.096000e+04	3.644130e-02	6.812665e-03	2.348000e+00
1.0	1.536000e+03	4.096000e+04	3.548866e-02	7.086041e-03	2.348000e+00
1.0	1.280000e+02	4.096000e+04	3.126000e-02	3.890001e-03	2.352000e+00
1.0	2.560000e+02	4.096000e+04	3.125537e-02	4.163703e-03	2.352000e+00
1.0	3.840000e+02	4.096000e+04	3.106122e-02	4.883021e-03	2.352000e+00
1.0	5.120000e+02	4.096000e+04	3.125062e-02	4.692289e-03	2.352000e+00
1.0	6.400000e+02	4.096000e+04	3.124278e-02	4.985410e-03	2.352000e+00
1.0	7.580000e+02	4.096000e+04	3.092646e-02	4.670292e-03	2.352000e+00
1.0	8.760000e+02	4.096000e+04	3.121278e-02	4.581698e-03	2.352000e+00
1.0	1.024000e+03	4.096000e+04	3.126503e-02	3.706125e-03	2.352000e+00
1.0	1.280000e+03	4.096000e+04	3.123375e-02	4.814135e-03	2.352000e+00
1.0	1.536000e+03	4.096000e+04	3.206920e-02	4.338109e-03	2.352000e+00
1.0	1.280000e+02	4.096000e+04	3.337432e-02	4.556479e-03	2.356000e+00
1.0	2.560000e+02	4.096000e+04	3.338347e-02	5.466216e-03	2.356000e+00
1.0	3.840000e+02	4.096000e+04	3.262632e-02	5.661713e-03	2.356000e+00
1.0	5.120000e+02	4.096000e+04	3.337575e-02	5.325897e-03	2.356000e+00
1.0	6.400000e+02	4.096000e+04	3.342383e-02	5.889758e-03	2.356000e+00
1.0	7.580000e+02	4.096000e+04	3.245877e-02	5.976153e-03	2.356000e+00
1.0	8.760000e+02	4.096000e+04	3.122666e-02	6.373233e-03	2.356000e+00
1.0	1.024000e+03	4.096000e+04	3.329674e-02	6.249376e-03	2.356000e+00
1.0	1.280000e+03	4.096000e+04	3.338116e-02	6.603162e-03	2.356000e+00
1.0	1.536000e+03	4.096000e+04	3.186552e-02	4.758276e-03	2.356000e+00
1.0	1.280000e+02	4.096000e+04	3.018880e-02	3.728412e-03	2.360000e+00
1.0	2.560000e+02	4.096000e+04	3.018136e-02	4.963130e-03	2.360000e+00
1.0	3.840000e+02	4.096000e+04	3.001106e-02	5.474262e-03	2.360000e+00
1.0	5.120000e+02	4.096000e+04	3.018987e-02	5.142396e-03	2.360000e+00
1.0	6.400000e+02	4.096000e+04	3.019822e-02	4.870353e-03	2.360000e+00
1.0	7.580000e+02	4.096000e+04	3.033429e-02	4.435697e-03	2.360000e+00
1.0	8.760000e+02	4.096000e+04	3.092722e-02	3.971531e-03	2.360000e+00
1.0	1.024000e+03	4.096000e+04	3.020390e-02	3.450997e-03	2.360000e+00
1.0	1.280000e+03	4.096000e+04	3.021924e-02	4.050860e-03	2.360000e+00
1.0	1.536000e+03	4.096000e+04	3.180151e-02	3.731742e-03	2.360000e+00
1.0	1.280000e+02	4.096000e+04	2.465421e-02	2.640271e-03	2.364000e+00
1.0	2.560000e+02	4.096000e+04	2.465148e-02	3.364427e-03	2.364000e+00
1.0	3.840000e+02	4.096000e+04	2.487957e-02	3.054925e-03	2.364000e+00
1.0	5.120000e+02	4.096000e+04	2.464349e-02	3.082175e-03	2.364000e+00
1.0	6.400000e+02	4.096000e+04	2.461280e-02	2.762641e-03	2.364000e+00
1.0	7.580000e+02	4.096000e+04	2.514973e-02	2.936029e-03	2.364000e+00
1.0	8.760000e+02	4.096000e+04	2.559384e-02	3.437461e-03	2.364000e+00
1.0	1.024000e+03	4.096000e+04	2.459051e-02	3.501563e-03	2.364000e+00
1.0	1.280000e+03	4.096000e+04	2.461558e-02	3.272966e-03	2.364000e+00
1.0	1.536000e+03	4.096000e+04	2.645065e-02	1.741375e-03	2.364000e+00
1.0	1.280000e+02	4.096000e+04	3.149340e-02	3.662798e-03	2.368000e+00
1.0	2.560000e+02	4.096000e+04	3.146892e-02	4.579546e-03	2.368000e+00
1.0	3.840000e+02	4.096000e+04	3.197765e-02	4.441585e-03	2.368000e+00
1.0	5.120000e+02	4.096000e+04	3.144950e-02	4.910528e-03	2.368000e+00
1.0	6.400000e+02	4.096000e+04	3.145480e-02	5.470061e-03	2.368000e+00
1.0	7.580000e+02	4.096000e+04	3.218826e-02	4.982913e-03	2.368000e+00
1.0	8.760000e+02	4.096000e+04	3.247178e-02	5.704587e-03	2.368000e+00
1.0	1.024000e+03	4.096000e+04	3.147842e-02	4.501537e-03	2.368000e+00
1.0	1.280000e+03	4.096000e+04	3.146408e-02	5.126785e-03	2.368000e+00
1.0	1.536000e+03	4.096000e+04	3.195216e-02	4.374570e-03	2.368000e+00
1.0	1.280000e+02	4.096000e+04	2.434169e-02	3.060387e-03	2.372000e+00
1.0	2.560000e+02	4.096000e+04	2.434099e-02	3.496615e-03	2.372000e+00
1.0	3.840000e+02	4.096000e+04	2.465239e-02	3.403782e-03	2.372000e+00
1.0	5.120000e+02	4.096000e+04	2.434960e-02	3.823438e-03	2.372000e+00
1.0	6.400000e+02	4.096000e+04	2.433259e-02	2.806400e-03	2.372000e+00
1.0	7.580000e+02	4.096000e+04	2.478236e-02	3.028689e-03	2.372000e+00
1.0	8.760000e+02	4.096000e+04	2.510546e-02	3.299935e-03	2.372000e+00
1.0	1.024000e+03	4.096000e+04	2.434785e-02	2.989189e-03	2.372000e+00
1.0	1.280000e+03	4.096000e+04	2.434914e-02	3.107111e-03	2.372000e+00
1.0	1.536000e+03	4.096000e+04	2.584702e-02	2.343506e-03	2.372000e+00
1.0	1.280000e+02	4.096000e+04	2.108319e-02	1.808186e-03	2.376000e+00
1.0	2.560000e+02	4.096000e+04	2.107227e-02	2.160905e-03	2.376000e+00
1.0	3.840000e+02	4.096000e+04	2.134086e-02	2.098221e-03	2.376000e+00
1.0	5.120000e+02	4.096000e+04	2.108380e-02	2.568990e-03	2.376000e+00
1.0	6.400000e+02	4.096000e+04	2.106739e-02	1.820015e-03	2.376000e+00
1.0	7.580000e+02	4.096000e+04	2.140278e-02	2.311273e-03	2.376000e+00
1.0	8.760000e+02	4.096000e+04	2.116401e-02	2.121560e-03	2.376000e+00
1.0	1.024000e+03	4.096000e+04	2.105170e-02	2.415832e-03	2.376000e+00
1.0	1.280000e+03	4.096000e+04	2.106605e-02	1.549728e-03	2.376000e+00
1.0	1.536000e+03	4.096000e+04	2.155763e-02	2.465397e-03	2.376000e+00
1.0	1.280000e+02	4.096000e+04	2.411880e-02	2.303598e-03	2.380000e+00
1.0	2.560000e+02	4.096000e+04	2.409757e-02	2.671007e-03	2.380000e+00
1.0	3.840000e+02	4.096000e+04	2.407389e-02	2.841336e-03	2.380000e+00
1.0	5.120000e+02	4.096000e+04	2.411787e-02	2.637206e-03	2.380000e+00
1.0	6.400000e+02	4.096000e+04	2.411206e-02	2.651330e-03	2.380000e+00
1.0	7.580000e+02	4.096000e+04	2.417809e-02	2.874905e-03	2.380000e+00
1.0	8.760000e+02	4.096000e+04	2.464230e-02	3.056565e-03	2.380000e+00
1.0	1.024000e+03	4.096000e+04	2.412162e-02	3.173414e-03	2.380000e+00
1.0	1.280000e+03	4.096000e+04	2.411383e-02	3.035004e-03	2.380000e+00
1.0	1.536000e+03	4.096000e+04	2.427911e-02	3.929714e-03	2.380000e+00
1.0	1.280000e+02	4.096000e+04	1.927490e-02	1.870550e-03	2.384000e+00
1.0	2.560000e+02	4.096000e+04	1.929045e-02	2.042721e-03	2.384000e+00
1.0	3.840000e+02	4.096000e+04	1.961400e-02	1.984177e-03	2.384000e+00
1.0	5.120000e+02	4.096000e+04	1.928774e-02	1.986865e-03	2.384000e+00
1.0	6.400000e+02	4.096000e+04	1.929250e-02	1.768503e-03	2.384000e+00
1.0	7.580000e+02	4.096000e+04	1.931636e-02	1.571275e-03	2.384000e+00
1.0	8.760000e+02	4.096000e+04	1.813496e-02	1.407831e-03	2.384000e+00
1.0	1.024000e+03	4.096000e+04	1.927543e-02	1.620282e-03	2.384000e+00
1.0	1.280000e+03	4.096000e+04	1.928410e-02	1.567084e-03	2.384000e+00
1.0	1.536000e+03	4.096000e+04	1.832074e-02	1.559453e-03	2.384000e+00
1.0	1.280000e+02	4.096000e+04	1.970385e-02	1.958488e-03	2.388000e+00
1.0	2.560000e+02	4.096000e+04	1.968219e-02	1.952912e-03	2.388000e+00
1.0	3.840000e+02	4.096000e+04	1.936845e-02	2.067831e-03	2.388000e+00
1.0	5.120000e+02	4.096000e+04	1.969244e-02	2.112390e-03	2.388000e+00
1.0	6.400000e+02	4.096000e+04	1.968672e-02	1.699674e-03	2.388000e+00
1.0	7.580000e+02	4.096000e+04	1.929133e-02	1.837807e-03	2.388000e+00
1.0	8.760000e+02	4.096000e+04	1.945242e-02	1.914990e-03	2.388000e+00
1.0	1.024000e+03	4.096000e+04	1.970886e-02	2.185960e-03	2.388000e+00
1.0	1.280000e+03	4.096000e+04	1.968489e-02	1.573201e-03	2.388000e+00
1.0	1.536000e+03	4.096000e+04	1.980269e-02	1.701181e-03	2.388000e+00
1.0	1.280000e+02	4.096000e+04	1.783494e-02	1.591902e-03	2.392000e+00
1.0	2.560000e+02	4.096000e+04	1.783593e-02	1.662058e-03	2.392000e+00
1.0	3.840000e+02	4.096000e+04	1.748934e-02	1.649813e-03	2.392000e+00
1.0	5.120000e+02	4.096000e+04	1.782991e-02	1.321197e-03	2.392000e+00
1.0	6.400000e+02	4.096000e+04	1.784184e-02	1.335117e-03	2.392000e+00
1.0	7.580000e+02	4.096000e+04	1.767157e-02	1.268335e-03	2.392000e+00
1.0	8.760000e+02	4.096000e+04	1.778453e-02	1.283191e-03	2.392000e+00
1.0	1.024000e+03	4.096000e+04	1.783619e-02	1.295954e-03	2.392000e+00
1.0	1.280000e+03	4.096000e+04	1.784186e-02	1.371131e-03	2.392000e+00
1.0	1.536000e+03	4.096000e+04	1.745521e-02	1.145905e-03	2.392000e+00
1.0	1.280000e+02	4.096000e+04	1.633980e-02	1.591497e-03	2.396000e+00
1.0	2.560000e+02	4.096000e+04	1.632905e-02	1.689321e-03	2.396000e+00
1.0	3.840000e+02	4.096000e+04	1.658091e-02	1.924745e-03	2.396000e+00
1.0	5.120000e+02	4.096000e+04	1.633052e-02	1.619017e-03	2.396000e+00
1.0	6.400000e+02	4.096000e+04	1.633076e-02	1.793430e-03	2.396000e+00
1.0	7.580000e+02	4.096000e+04	1.660476e-02	1.832190e-03	2.396000e+00
1.0	8.760000e+02	4.096000e+04	1.583293e-02	1.824495e-03	2.396000e+00
1.0	1.024000e+03	4.096000e+04	1.630664e-02	2.052229e-03	2.396000e+00
1.0	1.280000e+03	4.096000e+04	1.633289e-02	1.894541e-03	2.396000e+00
1.0	1.536000e+03	4.096000e+04	1.610433e-02	2.143094e-03	2.396000e+00
1.0	1.280000e+02	4.096000e+04	1.461182e-02	1.599676e-03	2.400000e+00
1.0	2.560000e+02	4.096000e+04	1.462412e-02	1.768643e-03	2.400000e+00
1.0	3.840000e+02	4.096000e+04	1.479956e-02	1.551788e-03	2.400000e+00
1.0	5.120000e+02	4.096000e+04	1.460872e-02	1.925331e-03	2.400000e+00
1.0	6.400000e+02	4.096000e+04	1.460623e-02	1.776366e-03	2.400000e+00
1.0	7.580000e+02	4.096000e+04	1.485873e-02	1.963578e-03	2.400000e+00
1.0	8.760000e+02	4.096000e+04	1.482152e-02	1.828738e-03	2.400000e+00
1.0	1.024000e+03	4.096000e+04	1.461959e-02	1.447822e-03	2.400000e+00
1.0	1.280000e+03	4.096000e+04	1.461086e-02	2.237926e-03	2.400000e+00
1.0	1.536000e+03	4.096000e+04	1.405890e-02	2.398024e-03	2.400000e+00
1.0	1.280000e+02	4.096000e+04	1.269590e-02	1.118857e-03	2.416000e+00
1.0	2.560000e+02	4.096000e+04	1.270579e-02	1.273465e-03	2.416000e+00
1.0	3.840000e+02	4.096000e+04	1.278902e-02	1.340905e-03	2.416000e+00
1.0	5.120000e+02	4.096000e+04	1.270253e-02	1.192209e-03	2.416000e+00
1.0	6.400000e+02	4.096000e+04	1.270218e-02	1.392779e-03	2.416000e+00
1.0	7.580000e+02	4.096000e+04	1.283058e-02	1.567149e-03	2.416000e+00
1.0	8.760000e+02	4.096000e+04	1.276977e-02	1.308527e-03	2.416000e+00
1.0	1.024000e+03	4.096000e+04	1.269520e-02	1.037614e-03	2.416000e+00
1.0	1.280000e+03	4.096000e+04	1.269940e-02	1.379019e-03	2.416000e+00
1.0	1.536000e+03	4.096000e+04	1.297325e-02	1.542925e-03	2.416000e+00
1.0	1.280000e+02	4.096000e+04	1.572177e-02	1.474368e-03	2.432000e+00
1.0	2.560000e+02	4.096000e+04	1.573866e-02	1.487763e-03	2.432000e+00
1.0	3.840000e+02	4.096000e+04	1.554978e-02	1.378072e-03	2.432000e+00
1.0	5.120000e+02	4.096000e+04	1.573514e-02	1.604933e-03	2.432000e+00
1.0	6.400000e+02	4.096000e+04	1.573220e-02	1.175061e-03	2.432000e+00
1.0	7.580000e+02	4.096000e+04	1.564521e-02	1.625307e-03	2.432000e+00
1.0	8.760000e+02	4.096000e+04	1.528999e-02	1.228674e-03	2.432000e+00
1.0	1.024000e+03	4.096000e+04	1.573768e-02	1.536890e-03	2.432000e+00
1.0	1.280000e+03	4.096000e+04	1.573411e-02	1.383582e-03	2.432000e+00
1.0	1.536000e+03	4.096000e+04	1.455713e-02	1.237303e-03	2.432000e+00
1.0	1.280000e+02	4.096000e+04	8.794569e-03	7.067782e-04	2.448000e+00
1.0	2.560000e+02	4.096000e+04	8.794717e-03	7.057773e-04	2.448000e+00
1.0	3.840000e+02	4.096000e+04	8.748197e-03	7.355827e-04	2.448000e+00
1.0	5.120000e+02	4.096000e+04	8.799735e-03	6.503319e-04	2.448000e+00
1.0	6.400000e+02	4.096000e+04	8.799446e-03	9.072173e-04	2.448000e+00
1.0	7.580000e+02	4.096000e+04	8.815346e-03	6.423361e-04	2.448000e+00
1.0	8.760000e+02	4.096000e+04	8.737505e-03	5.541942e-04	2.448000e+00
1.0	1.024000e+03	4.096000e+04	8.800128e-03	6.681074e-04	2.448000e+00
1.0	1.280000e+03	4.096000e+04	8.795669e-03	8.060602e-04	2.448000e+00
1.0	1.536000e+03	4.096000e+04	8.822807e-03	7.693733e-04	2.448000e+00
1.0	1.280000e+02	4.096000e+04	8.214704e-03	6.864861e-04	2.464000e+00
1.0	2.560000e+02	4.096000e+04	8.214352e-03	6.459899e-04	2.464000e+00
1.0	3.840000e+02	4.096000e+04	8.191937e-03	6.122358e-04	2.464000e+00
1.0	5.120000e+02	4.096000e+04	8.216685e-03	5.517069e-04	2.464000e+00
1.0	6.400000e+02	4.096000e+04	8.215989e-03	6.764701e-04	2.464000e+00
1.0	7.580000e+02	4.096000e+04	8.208233e-03	5.704191e-04	2.464000e+00
1.0	8.760000e+02	4.096000e+04	8.328294e-03	6.272522e-04	2.464000e+00
1.0	1.024000e+03	4.096000e+04	8.215353e-03	4.509790e-04	2.464000e+00
1.0	1.280000e+03	4.096000e+04	8.219572e-03	5.826605e-04	2.464000e+00
1.0	1.536000e+03	4.096000e+04	7.979533e-03	3.955306e-04	2.464000e+00
1.0	1.280000e+02	4.096000e+04	7.962800e-03	6.152845e-04	2.480000e+00
1.0	2.560000e+02	4.096000e+04	7.968941e-03	6.086891e-04	2.480000e+00
1.0	3.840000e+02	4.096000e+04	7.959355e-03	4.709444e-04	2.480000e+00
1.0	5.120000e+02	4.096000e+04	7.969907e-03	4.769040e-04	2.480000e+00
1.0	6.400000e+02	4.096000e+04	7.971567e-03	5.145485e-04	2.480000e+00
1.0	7.580000e+02	4.096000e+04	7.990199e-03	4.929863e-04	2.480000e+00
1.0	8.760000e+02	4.096000e+04	8.070549e-03	5.331536e-04	2.480000e+00
1.0	1.024000e+03	4.096000e+04	7.967269e-03	5.382238e-04	2.480000e+00
1.0	1.280000e+03	4.096000e+04	7.969505e-03	5.523195e-04	2.480000e+00
1.0	1.536000e+03	4.096000e+04	7.986738e-03	5.257063e-04	2.480000e+00
1.0	1.280000e+02	4.096000e+04	8.226093e-03	6.280727e-04	2.496000e+00
1.0	2.560000e+02	4.096000e+04	8.230898e-03	6.834485e-04	2.496000e+00
1.0	3.840000e+02	4.096000e+04	7.994818e-03	6.456205e-04	2.496000e+00
1.0	5.120000e+02	4.096000e+04	8.227563e-03	5.616028e-04	2.496000e+00
1.0	6.400000e+02	4.096000e+04	8.229610e-03	5.983648e-04	2.496000e+00
1.0	7.580000e+02	4.096000e+04	8.066235e-03	7.365974e-04	2.496000e+00
1.0	8.760000e+02	4.096000e+04	8.174609e-03	7.493121e-04	2.496000e+00
1.0	1.024000e+03	4.096000e+04	8.222503e-03	6.592050e-04	2.496000e+00
1.0	1.280000e+03	4.096000e+04	8.227846e-03	4.216871e-04	2.496000e+00
1.0	1.536000e+03	4.096000e+04	8.365892e-03	5.883279e-04	2.496000e+00
1.0	1.280000e+02	4.096000e+04	6.217407e-03	3.481937e-04	2.512000e+00
1.0	2.560000e+02	4.096000e+04	6.216419e-03	3.195642e-04	2.512000e+00
1.0	3.840000e+02	4.096000e+04	6.161782e-03	3.100178e-04	2.512000e+00
1.0	5.120000e+02	4.096000e+04	6.218196e-03	3.660724e-04	2.512000e+00
1.0	6.400000e+02	4.096000e+04	6.214963e-03	3.280938e-04	2.512000e+00
1.0	7.580000e+02	4.096000e+04	6.219853e-03	2.940645e-04	2.512000e+00
1.0	8.760000e+02	4.096000e+04	6.242831e-03	2.550522e-04	2.512000e+00
1.0	1.024000e+03	4.096000e+04	6.214730e-03	2.415988e-04	2.512000e+00
1.0	1.280000e+03	4.096000e+04	6.215189e-03	2.232906e-04	2.512000e+00
1.0	1.536000e+03	4.096000e+04	6.366348e-03	2.135119e-04	2.512000e+00
1.0	1.280000e+02	4.096000e+04	5.083820e-03	2.783425e-04	2.528000e+00
1.0	2.560000e+02	4.096000e+04	5.084150e-03	3.029738e-04	2.528000e+00
1.0	3.840000e+02	4.096000e+04	5.035296e-03	2.741445e-04	2.528000e+00
1.0	5.120000e+02	4.096000e+04	5.083781e-03	3.342461e-04	2.528000e+00
1.0	6.400000e+02	4.096000e+04	5.083879e-03	2.819116e-04	2.528000e+00
1.0	7.580000e+02	4.096000e+04	5.058774e-03	2.922827e-04	2.528000e+00
1.0	8.760000e+02	4.096000e+04	5.104839e-03	3.037458e-04	2.528000e+00
1.0	1.024000e+03	4.096000e+04	5.086480e-03	2.368155e-04	2.528000e+00
1.0	1.280000e+03	4.096000e+04	5.085063e-03	2.626627e-04	2.528000e+00
1.0	1.536000e+03	4.096000e+04	5.041353e-03	2.268251e-04	2.528000e+00
1.0	1.280000e+02	4.096000e+04	5.323813e-03	3.256860e-04	2.544000e+00
1.0	2.560000e+02	4.096000e+04	5.324530e-03	3.465368e-04	2.544000e+00
1.0	3.840000e+02	4.096000e+04	5.324446e-03	2.707415e-04	2.544000e+00
1.0	5.120000e+02	4.096000e+04	5.321558e-03	3.083935e-04	2.544000e+00
1.0	6.400000e+02	4.096000e+04	5.326501e-03	3.472283e-04	2.544000e+00
1.0	7.580000e+02	4.096000e+04	5.360680e-03	3.437741e-04	2.544000e+00
1.0	8.760000e+02	4.096000e+04	5.357656e-03	3.188308e-04	2.544000e+00
1.0	1.024000e+03	4.096000e+04	5.325269e-03	2.971360e-04	2.544000e+00
1.0	1.280000e+03	4.096000e+04	5.321320e-03	3.166165e-04	2.544000e+00
1.0	1.536000e+03	4.096000e+04	5.400299e-03	3.173553e-04	2.544000e+00
1.0	1.280000e+02	4.096000e+04	4.792207e-03	2.928385e-04	2.560000e+00
1.0	2.560000e+02	4.096000e+04	4.792924e-03	3.274198e-04	2.560000e+00
1.0	3.840000e+02	4.096000e+04	4.741419e-03	3.343512e-04	2.560000e+00
1.0	5.120000e+02	4.096000e+04	4.793218e-03	2.700410e-04	2.560000e+00
1.0	6.400000e+02	4.096000e+04	4.791435e-03	3.036875e-04	2.560000e+00
1.0	7.580000e+02	4.096000e+04	4.769958e-03	2.881622e-04	2.560000e+00
1.0	8.760000e+02	4.096000e+04	4.830699e-03	2.910927e-04	2.560000e+00
1.0	1.024000e+03	4.096000e+04	4.789823e-03	3.252404e-04	2.560000e+00
1.0	1.280000e+03	4.096000e+04	4.787174e-03	3.123267e-04	2.560000e+00
1.0	1.536000e+03	4.096000e+04	4.868222e-03	3.515368e-04	2.560000e+00
1.0	1.280000e+02	4.096000e+04	4.621623e-03	2.660668e-04	2.576000e+00
1.0	2.560000e+02	4.096000e+04	4.617525e-03	2.708409e-04	2.576000e+00
1.0	3.840000e+02	4.096000e+04	4.538228e-03	2.445888e-04	2.576000e+00
1.0	5.120000e+02	4.096000e+04	4.617486e-03	3.030527e-04	2.576000e+00
1.0	6.400000e+02	4.096000e+04	4.618914e-03	3.329236e-04	2.576000e+00
1.0	7.580000e+02	4.096000e+04	4.537994e-03	2.934160e-04	2.576000e+00
1.0	8.760000e+02	4.096000e+04	4.513746e-03	2.877745e-04	2.576000e+00
1.0	1.024000e+03	4.096000e+04	4.622180e-03	2.730529e-04	2.576000e+00
1.0	1.280000e+03	4.096000e+04	4.620965e-03	3.026266e-04	2.576000e+00
1.0	1.536000e+03	4.096000e+04	4.516316e-03	3.946431e-04	2.576000e+00
1.0	1.280000e+02	4.096000e+04	3.883412e-03	1.804022e-04	2.592000e+00
1.0	2.560000e+02	4.096000e+04	3.884071e-03	1.651323e-04	2.592000e+00
1.0	3.840000e+02	4.096000e+04	3.875921e-03	1.590117e-04	2.592000e+00
1.0	5.120000e+02	4.096000e+04	3.883317e-03	1.465593e-04	2.592000e+00
1.0	6.400000e+02	4.096000e+04	3.884477e-03	1.745410e-04	2.592000e+00
1.0	7.580000e+02	4.096000e+04	3.898663e-03	1.734136e-04	2.592000e+00
1.0	8.760000e+02	4.096000e+04	3.877670e-03	1.881681e-04	2.592000e+00
1.0	1.024000e+03	4.096000e+04	3.882851e-03	1.747827e-04	2.592000e+00
1.0	1.280000e+03	4.096000e+04	3.882540e-03	1.536787e-04	2.592000e+00
1.0	1.536000e+03	4.096000e+04	3.907049e-03	1.827983e-04	2.592000e+00
1.0	1.280000e+02	4.096000e+04	3.898845e-03	1.851549e-04	2.608000e+00
1.0	2.560000e+02	4.096000e+04	3.897977e-03	1.806505e-04	2.608000e+00
1.0	3.840000e+02	4.096000e+04	3.847523e-03	2.173120e-04	2.608000e+00
1.0	5.120000e+02	4.096000e+04	3.898685e-03	1.796602e-04	2.608000e+00
1.0	6.400000e+02	4.096000e+04	3.896110e-03	1.777436e-04	2.608000e+00
1.0	7.580000e+02	4.096000e+04	3.844014e-03	1.642069e-04	2.608000e+00
1.0	8.760000e+02	4.096000e+04	3.842860e-03	1.856937e-04	2.608000e+00
1.0	1.024000e+03	4.096000e+04	3.897229e-03	1.792245e-04	2.608000e+00
1.0	1.280000e+03	4.096000e+04	3.897241e-03	2.114737e-04	2.608000e+00
1.0	1.536000e+03	4.096000e+04	3.819080e-03	2.518893e-04	2.608000e+00
1.0	1.280000e+02	4.096000e+04	3.197419e-03	1.339724e-04	2.624000e+00
1.0	2.560000e+02	4.096000e+04	3.197157e-03	1.521265e-04	2.624000e+00
1.0	3.840000e+02	4.096000e+04	3.187759e-03	1.431291e-04	2.624000e+00
1.0	5.120000e+02	4.096000e+04	3.198507e-03	1.574966e-04	2.624000e+00
1.0	6.400000e+02	4.096000e+04	3.195027e-03	1.766650e-04	2.624000e+00
1.0	7.580000e+02	4.096000e+04	3.165242e-03	1.815314e-04	2.624000e+00
1.0	8.760000e+02	4.096000e+04	3.157518e-03	1.889949e-04	2.624000e+00
1.0	1.024000e+03	4.096000e+04	3.196826e-03	1.320846e-04	2.624000e+00
1.0	1.280000e+03	4.096000e+04	3.196152e-03	2.050068e-04	2.624000e+00
1.0	1.536000e+03	4.096000e+04	3.196413e-03	1.619388e-04	2.624000e+00
1.0	1.280000e+02	4.096000e+04	3.178441e-03	1.523141e-04	2.640000e+00
1.0	2.560000e+02	4.096000e+04	3.180545e-03	1.797624e-04	2.640000e+00
1.0	3.840000e+02	4.096000e+04	3.173008e-03	1.726439e-04	2.640000e+00
1.0	5.120000e+02	4.096000e+04	3.179783e-03	1.762474e-04	2.640000e+00
1.0	6.400000e+02	4.096000e+04	3.179943e-03	1.410281e-04	2.640000e+00
1.0	7.580000e+02	4.096000e+04	3.191269e-03	1.675521e-04	2.640000e+00
1.0	8.760000e+02	4.096000e+04	3.174988e-03	1.507535e-04	2.640000e+00
1.0	1.024000e+03	4.096000e+04	3.178791e-03	1.941917e-04	2.640000e+00
1.0	1.280000e+03	4.096000e+04	3.178693e-03	1.481274e-04	2.640000e+00
1.0	1.536000e+03	4.096000e+04	3.058664e-03	1.735448e-04	2.640000e+00
1.0	1.280000e+02	4.096000e+04	2.960247e-03	1.274075e-04	2.656000e+00
1.0	2.560000e+02	4.096000e+04	2.960291e-03	1.301184e-04	2.656000e+00
1.0	3.840000e+02	4.096000e+04	2.965146e-03	1.278164e-04	2.656000e+00
1.0	5.120000e+02	4.096000e+04	2.959649e-03	1.261389e-04	2.656000e+00
1.0	6.400000e+02	4.096000e+04	2.960303e-03	1.019023e-04	2.656000e+00
1.0	7.580000e+02	4.096000e+04	2.984949e-03	1.364215e-04	2.656000e+00
1.0	8.760000e+02	4.096000e+04	2.926452e-03	1.358162e-04	2.656000e+00
1.0	1.024000e+03	4.096000e+04	2.959473e-03	1.496882e-04	2.656000e+00
1.0	1.280000e+03	4.096000e+04	2.959861e-03	9.681735e-05	2.656000e+00
1.0	1.536000e+03	4.096000e+04	2.948933e-03	1.283257e-04	2.656000e+00
1.0	1.280000e+02	4.096000e+04	2.956400e-03	1.239637e-04	2.672000e+00
1.0	2.560000e+02	4.096000e+04	2.955051e-03	1.206818e-04	2.672000e+00
1.0	3.840000e+02	4.096000e+04	2.963420e-03	1.202169e-04	2.672000e+00
1.0	5.120000e+02	4.096000e+04	2.955282e-03	1.257244e-04	2.672000e+00
1.0	6.400000e+02	4.096000e+04	2.956780e-03	1.198885e-04	2.672000e+00
1.0	7.580000e+02	4.096000e+04	2.974435e-03	1.121852e-04	2.672000e+00
1.0	8.760000e+02	4.096000e+04	2.976702e-03	9.861075e-05	2.672000e+00
1.0	1.024000e+03	4.096000e+04	2.956179e-03	1.139362e-04	2.672000e+00
1.0	1.280000e+03	4.096000e+04	2.955482e-03	1.217756e-04	2.672000e+00
1.0	1.536000e+03	4.096000e+04	2.964863e-03	1.009557e-04	2.672000e+00
1.0	1.280000e+02	4.096000e+04	2.692305e-03	1.039282e-04	2.688000e+00
1.0	2.560000e+02	4.096000e+04	2.691904e-03	1.022251e-04	2.688000e+00
1.0	3.840000e+02	4.096000e+04	2.682188e-03	1.121404e-04	2.688000e+00
1.0	5.120000e+02	4.096000e+04	2.692122e-03	8.975336e-05	2.688000e+00
1.0	6.400000e+02	4.096000e+04	2.692847e-03	1.070173e-04	2.688000e+00
1.0	7.580000e+02	4.096000e+04	2.700753e-03	1.049073e-04	2.688000e+00
1.0	8.760000e+02	4.096000e+04	2.716958e-03	8.696502e-05	2.688000e+00
1.0	1.024000e+03	4.096000e+04	2.692530e-03	7.912335e-05	2.688000e+00
1.0	1.280000e+03	4.096000e+04	2.691822e-03	9.406365e-05	2.688000e+00
1.0	1.536000e+03	4.096000e+04	2.673496e-03	8.895630e-05	2.688000e+00
1.0	1.280000e+02	4.096000e+04	2.614146e-03	9.543366e-05	2.704000e+00
1.0	2.560000e+02	4.096000e+04	2.614246e-03	9.849855e-05	2.704000e+00
1.0	3.840000e+02	4.096000e+04	2.635284e-03	1.043461e-04	2.704000e+00
1.0	5.120000e+02	4.096000e+04	2.614516e-03	1.045839e-04	2.704000e+00
1.0	6.400000e+02	4.096000e+04	2.614040e-03	1.139266e-04	2.704000e+00
1.0	7.580000e+02	4.096000e+04	2.654249e-03	1.059244e-04	2.704000e+00
1.0	8.760000e+02	4.096000e+04	2.681547e-03	1.061583e-04	2.704000e+00
1.0	1.024000e+03	4.096000e+04	2.614039e-03	1.144264e-04	2.704000e+00
1.0	1.280000e+03	4.096000e+04	2.614041e-03	1.051527e-04	2.704000e+00
1.0	1.536000e+03	4.096000e+04	2.680675e-03	1.167994e-04	2.704000e+00
1.0	1.280000e+02	4.096000e+04	2.414308e-03	8.933758e-05	2.720000e+00
1.0	2.560000e+02	4.096000e+04	2.414028e-03	8.629062e-05	2.720000e+00
1.0	3.840000e+02	4.096000e+04	2.427828e-03	7.960064e-05	2.720000e+00
1.0	5.120000e+02	4.096000e+04	2.414095e-03	8.667950e-05	2.720000e+00
1.0	6.400000e+02	4.096000e+04	2.414626e-03	7.596943e-05	2.720000e+00
1.0	7.580000e+02	4.096000e+04	2.428039e-03	7.082332e-05	2.720000e+00
1.0	8.760000e+02	4.096000e+04	2.431108e-03	1.102122e-04	2.720000e+00
1.0	1.024000e+03	4.096000e+04	2.414951e-03	9.026250e-05	2.720000e+00
1.0	1.280000e+03	4.096000e+04	2.414699e-03	6.841523e-05	2.720000e+00
1.0	1.536000e+03	4.096000e+04	2.433751e-03	6.679368e-05	2.720000e+00
1.0	1.280000e+02	4.096000e+04	2.232827e-03	8.259992e-05	2.736000e+00
1.0	2.560000e+02	4.096000e+04	2.231977e-03	9.190290e-05	2.736000e+00
1.0	3.840000e+02	4.096000e+04	2.236903e-03	1.085015e-04	2.736000e+00
1.0	5.120000e+02	4.096000e+04	2.233433e-03	9.953783e-05	2.736000e+00
1.0	6.400000e+02	4.096000e+04	2.232908e-03	1.149625e-04	2.736000e+00
1.0	7.580000e+02	4.096000e+04	2.238672e-03	1.113778e-04	2.736000e+00
1.0	8.760000e+02	4.096000e+04	2.244578e-03	1.329965e-04	2.736000e+00
1.0	1.024000e+03	4.096000e+04	2.233014e-03	1.148517e-04	2.736000e+00
1.0	1.280000e+03	4.096000e+04	2.232062e-03	9.127948e-05	2.736000e+00
1.0	1.536000e+03	4.096000e+04	2.216927e-03	1.147007e-04	2.736000e+00
1.0	1.280000e+02	4.096000e+04	2.156094e-03	8.364882e-05	2.752000e+00
1.0	2.560000e+02	4.096000e+04	2.155453e-03	8.005202e-05	2.752000e+00
1.0	3.840000e+02	4.096000e+04	2.135250e-03	6.676221e-05	2.752000e+00
1.0	5.120000e+02	4.096000e+04	2.155039e-03	7.581888e-05	2.752000e+00
1.0	6.400000e+02	4.096000e+04	2.154906e-03	5.432100e-05	2.752000e+00
1.0	7.580000e+02	4.096000e+04	2.114485e-03	4.265154e-05	2.752000e+00
1.0	8.760000e+02	4.096000e+04	2.116301e-03	4.948594e-05	2.752000e+00
1.0	1.024000e+03	4.096000e+04	2.155003e-03	5.558120e-05	2.752000e+00
1.0	1.280000e+03	4.096000e+04	2.155429e-03	3.689426e-05	2.752000e+00
1.0	1.536000e+03	4.096000e+04	2.124834e-03	5.330260e-05	2.752000e+00
1.0	1.280000e+02	4.096000e+04	1.998206e-03	7.941270e-05	2.792000e+00
1.0	2.560000e+02	4.096000e+04	1.997647e-03	7.660174e-05	2.792000e+00
1.0	3.840000e+02	4.096000e+04	2.003625e-03	8.491531e-05	2.792000e+00
1.0	5.120000e+02	4.096000e+04	1.998229e-03	7.481021e-05	2.792000e+00
1.0	6.400000e+02	4.096000e+04	1.998156e-03	6.114746e-05	2.792000e+00
1.0	7.580000e+02	4.096000e+04	2.008495e-03	8.875537e-05	2.792000e+00
1.0	8.760000e+02	4.096000e+04	2.019400e-03	6.243065e-05	2.792000e+00
1.0	1.024000e+03	4.096000e+04	1.998213e-03	7.489836e-05	2.792000e+00
1.0	1.280000e+03	4.096000e+04	1.997661e-03	5.982903e-05	2.792000e+00
1.0	1.536000e+03	4.096000e+04	2.046542e-03	5.233971e-05	2.792000e+00
1.0	1.280000e+02	4.096000e+04	1.736706e-03	5.672225e-05	2.856000e+00
1.0	2.560000e+02	4.096000e+04	1.736284e-03	5.632689e-05	2.856000e+00
1.0	3.840000e+02	4.096000e+04	1.756471e-03	4.825915e-05	2.856000e+00
1.0	5.120000e+02	4.096000e+04	1.735847e-03	5.715700e-05	2.856000e+00
1.0	6.400000e+02	4.096000e+04	1.736053e-03	6.241663e-05	2.856000e+00
1.0	7.580000e+02	4.096000e+04	1.748197e-03	5.059058e-05	2.856000e+00
1.0	8.760000e+02	4.096000e+04	1.764017e-03	5.114384e-05	2.856000e+00
1.0	1.024000e+03	4.096000e+04	1.735811e-03	5.927082e-05	2.856000e+00
1.0	1.280000e+03	4.096000e+04	1.736078e-03	4.060666e-05	2.856000e+00
1.0	1.536000e+03	4.096000e+04	1.758507e-03	4.905679e-05	2.856000e+00
1.0	1.280000e+02	4.096000e+04	1.519601e-03	4.674410e-05	2.920000e+00
1.0	2.560000e+02	4.096000e+04	1.519441e-03	4.762120e-05	2.920000e+00
1.0	3.840000e+02	4.096000e+04	1.518031e-03	4.107839e-05	2.920000e+00
1.0	5.120000e+02	4.096000e+04	1.519300e-03	4.520135e-05	2.920000e+00
1.0	6.400000e+02	4.096000e+04	1.519531e-03	3.758745e-05	2.920000e+00
1.0	7.580000e+02	4.096000e+04	1.520214e-03	4.753650e-05	2.920000e+00
1.0	8.760000e+02	4.096000e+04	1.517789e-03	4.482190e-05	2.920000e+00
1.0	1.024000e+03	4.096000e+04	1.519409e-03	3.280048e-05	2.920000e+00
1.0	1.280000e+03	4.096000e+04	1.519311e-03	3.986743e-05	2.920000e+00
1.0	1.536000e+03	4.096000e+04	1.530144e-03	2.844437e-05	2.920000e+00
1.0	1.280000e+02	4.096000e+04	1.281964e-03	3.617808e-05	2.984000e+00
1.0	2.560000e+02	4.096000e+04	1.281601e-03	3.056462e-05	2.984000e+00
1.0	3.840000e+02	4.096000e+04	1.285043e-03	3.176400e-05	2.984000e+00
1.0	5.120000e+02	4.096000e+04	1.281783e-03	3.550780e-05	2.984000e+00
1.0	6.400000e+02	4.096000e+04	1.281562e-03	3.417430e-05	2.984000e+00
1.0	7.580000e+02	4.096000e+04	1.285211e-03	3.506656e-05	2.984000e+00
1.0	8.760000e+02	4.096000e+04	1.294176e-03	1.790900e-05	2.984000e+00
1.0	1.024000e+03	4.096000e+04	1.281603e-03	3.111761e-05	2.984000e+00
1.0	1.280000e+03	4.096000e+04	1.281628e-03	2.821306e-05	2.984000e+00
1.0	1.536000e+03	4.096000e+04	1.303594e-03	2.510915e-05	2.984000e+00
1.0	1.280000e+02	4.096000e+04	1.180844e-03	3.080117e-05	3.048000e+00
1.0	2.560000e+02	4.096000e+04	1.180751e-03	2.733781e-05	3.048000e+00
1.0	3.840000e+02	4.096000e+04	1.166428e-03	2.945589e-05	3.048000e+00
1.0	5.120000e+02	4.096000e+04	1.180794e-03	2.948145e-05	3.048000e+00
1.0	6.400000e+02	4.096000e+04	1.180959e-03	2.908738e-05	3.048000e+00
1.0	7.580000e+02	4.096000e+04	1.170935e-03	2.913080e-05	3.048000e+00
1.0	8.760000e+02	4.096000e+04	1.170023e-03	1.977889e-05	3.048000e+00
1.0	1.024000e+03	4.096000e+04	1.180807e-03	2.081551e-05	3.048000e+00
1.0	1.280000e+03	4.096000e+04	1.181003e-03	2.383678e-05	3.048000e+00
1.0	1.536000e+03	4.096000e+04	1.170167e-03	1.793951e-05	3.048000e+00
1.0	1.280000e+02	4.096000e+04	1.045886e-03	2.975349e-05	3.112000e+00
1.0	2.560000e+02	4.096000e+04	1.046085e-03	3.458896e-05	3.112000e+00
1.0	3.840000e+02	4.096000e+04	1.046047e-03	3.710814e-05	3.112000e+00
1.0	5.120000e+02	4.096000e+04	1.045609e-03	3.456572e-05	3.112000e+00
1.0	6.400000e+02	4.096000e+04	1.045805e-03	3.191153e-05	3.112000e+00
1.0	7.580000e+02	4.096000e+04	1.050623e-03	3.838098e-05	3.112000e+00
1.0	8.760000e+02	4.096000e+04	1.046808e-03	3.280473e-05	3.112000e+00
1.0	1.024000e+03	4.096000e+04	1.045382e-03	4.413804e-05	3.112000e+00
1.0	1.280000e+03	4.096000e+04	1.045652e-03	2.946716e-05	3.112000e+00
1.0	1.536000e+03	4.096000e+04	1.054694e-03	4.927048e-05	3.112000e+00
1.0	1.280000e+02	4.096000e+04	9.593025e-04	2.296920e-05	3.176000e+00
1.0	2.560000e+02	4.096000e+04	9.592397e-04	2.164323e-05	3.176000e+00
1.0	3.840000e+02	4.096000e+04	9.636418e-04	2.427079e-05	3.176000e+00
1.0	5.120000e+02	4.096000e+04	9.592980e-04	1.956936e-05	3.176000e+00
1.0	6.400000e+02	4.096000e+04	9.594056e-04	2.235705e-05	3.176000e+00
1.0	7.580000e+02	4.096000e+04	9.636854e-04	2.715700e-05	3.176000e+00
1.0	8.760000e+02	4.096000e+04	9.507780e-04	2.348612e-05	3.176000e+00
1.0	1.024000e+03	4.096000e+04	9.595037e-04	2.330460e-05	3.176000e+00
1.0	1.280000e+03	4.096000e+04	9.593914e-04	2.873921e-05	3.176000e+00
1.0	1.536000e+03	4.096000e+04	9.495315e-04	3.013294e-05	3.176000e+00
1.0	1.280000e+02	4.096000e+04	8.832724e-04	1.910613e-05	3.240000e+00
1.0	2.560000e+02	4.096000e+04	8.833359e-04	1.811183e-05	3.240000e+00
1.0	3.840000e+02	4.096000e+04	8.871999e-04	1.722423e-05	3.240000e+00
1.0	5.120000e+02	4.096000e+04	8.832792e-04	1.335709e-05	3.240000e+00
1.0	6.400000e+02	4.096000e+04	8.832861e-04	2.056559e-05	3.240000e+00
1.0	7.580000e+02	4.096000e+04	8.889924e-04	1.168454e-05	3.240000e+00
1.0	8.760000e+02	4.096000e+04	8.894150e-04	1.481091e-05	3.240000e+00
1.0	1.024000e+03	4.096000e+04	8.831947e-04	1.276065e-05	3.240000e+00
1.0	1.280000e+03	4.096000e+04	8.832092e-04	1.643710e-05	3.240000e+00
1.0	1.536000e+03	4.096000e+04	8.872546e-04	1.381608e-05	3.240000e+00
1.0	1.280000e+02	4.096000e+04	8.329968e-04	1.872762e-05	3.304000e+00
1.0	2.560000e+02	4.096000e+04	8.331139e-04	1.896219e-05	3.304000e+00
1.0	3.840000e+02	4.096000e+04	8.336796e-04	1.768677e-05	3.304000e+00
1.0	5.120000e+02	4.096000e+04	8.329529e-04	1.496663e-05	3.304000e+00
1.0	6.400000e+02	4.096000e+04	8.329372e-04	1.380826e-05	3.304000e+00
1.0	7.580000e+02	4.096000e+04	8.354359e-04	1.074510e-05	3.304000e+00
1.0	8.760000e+02	4.096000e+04	8.329766e-04	1.203994e-05	3.304000e+00
1.0	1.024000e+03	4.096000e+04	8.330100e-04	1.155151e-05	3.304000e+00
1.0	1.280000e+03	4.096000e+04	8.329090e-04	9.369141e-06	3.304000e+00
1.0	1.536000e+03	4.096000e+04	8.350653e-04	1.151314e-05	3.304000e+00
1.0	1.280000e+02	4.096000e+04	7.353521e-04	1.706064e-05	3.368000e+00
1.0	2.560000e+02	4.096000e+04	7.354013e-04	1.748144e-05	3.368000e+00
1.0	3.840000e+02	4.096000e+04	7.320717e-04	1.354467e-05	3.368000e+00
1.0	5.120000e+02	4.096000e+04	7.354501e-04	1.379032e-05	3.368000e+00
1.0	6.400000e+02	4.096000e+04	7.353190e-04	1.387901e-05	3.368000e+00
1.0	7.580000e+02	4.096000e+04	7.322440e-04	1.697544e-05	3.368000e+00
1.0	8.760000e+02	4.096000e+04	7.371693e-04	1.663916e-05	3.368000e+00
1.0	1.024000e+03	4.096000e+04	7.352980e-04	1.388543e-05	3.368000e+00
1.0	1.280000e+03	4.096000e+04	7.353838e-04	1.145964e-05	3.368000e+00
1.0	1.536000e+03	4.096000e+04	7.379854e-04	1.292159e-05	3.368000e+00
1.0	1.280000e+02	4.096000e+04	6.968877e-04	1.316452e-05	3.432000e+00
1.0	2.560000e+02	4.096000e+04	6.968690e-04	1.391090e-05	3.432000e+00
1.0	3.840000e+02	4.096000e+04	6.960843e-04	1.566276e-05	3.432000e+00
1.0	5.120000e+02	4.096000e+04	6.968704e-04	1.532210e-05	3.432000e+00
1.0	6.400000e+02	4.096000e+04	6.969077e-04	1.600338e-05	3.432000e+00
1.0	7.580000e+02	4.096000e+04	6.954621e-04	1.691845e-05	3.432000e+00
1.0	8.760000e+02	4.096000e+04	6.969670e-04	1.927446e-05	3.432000e+00
1.0	1.024000e+03	4.096000e+04	6.969381e-04	1.927349e-05	3.432000e+00
1.0	1.280000e+03	4.096000e+04	6.970089e-04	1.840752e-05	3.432000e+00
1.0	1.536000e+03	4.096000e+04	6.901578e-04	2.119944e-05	3.432000e+00
1.0	1.280000e+02	4.096000e+04	6.484208e-04	1.429967e-05	3.496000e+00
1.0	2.560000e+02	4.096000e+04	6.486109e-04	1.452109e-05	3.496000e+00
1.0	3.840000e+02	4.096000e+04	6.471478e-04	1.524829e-05	3.496000e+00
1.0	5.120000e+02	4.096000e+04	6.485765e-04	1.636898e-05	3.496000e+00
1.0	6.400000e+02	4.096000e+04	6.485090e-04	1.527304e-05	3.496000e+00
1.0	7.580000e+02	4.096000e+04	6.455632e-04	1.270322e-05	3.496000e+00
1.0	8.760000e+02	4.096000e+04	6.440176e-04	1.941238e-05	3.496000e+00
1.0	1.024000e+03	4.096000e+04	6.486042e-04	1.544185e-05	3.496000e+00
1.0	1.280000e+03	4.096000e+04	6.485409e-04	1.830756e-05	3.496000e+00
1.0	1.536000e+03	4.096000e+04	6.411472e-04	1.349640e-05	3.496000e+00
1.0	1.280000e+02	4.096000e+04	6.315608e-04	1.365588e-05	3.560000e+00
1.0	2.560000e+02	4.096000e+04	6.315086e-04	1.365219e-05	3.560000e+00
1.0	3.840000e+02	4.096000e+04	6.323754e-04	1.180474e-05	3.560000e+00
1.0	5.120000e+02	4.096000e+04	6.315906e-04	1.386486e-05	3.560000e+00
1.0	6.400000e+02	4.096000e+04	6.315968e-04	1.326672e-05	3.560000e+00
1.0	7.580000e+02	4.096000e+04	6.318159e-04	1.575723e-05	3.560000e+00
1.0	8.760000e+02	4.096000e+04	6.322730e-04	1.058297e-05	3.560000e+00
1.0	1.024000e+03	4.096000e+04	6.316469e-04	1.292767e-05	3.560000e+00
1.0	1.280000e+03	4.096000e+04	6.316812e-04	1.270591e-05	3.560000e+00
1.0	1.536000e+03	4.096000e+04	6.294773e-04	1.502992e-05	3.560000e+00
1.0	1.280000e+02	4.096000e+04	6.025542e-04	1.324350e-05	3.624000e+00
1.0	2.560000e+02	4.096000e+04	6.026881e-04	1.317173e-05	3.624000e+00
1.0	3.840000e+02	4.096000e+04	6.058069e-04	1.177933e-05	3.624000e+00
1.0	5.120000e+02	4.096000e+04	6.027024e-04	1.208458e-05	3.624000e+00
1.0	6.400000e+02	4.096000e+04	6.026860e-04	1.226915e-05	3.624000e+00
1.0	7.580000e+02	4.096000e+04	6.065021e-04	9.393337e-06	3.624000e+00
1.0	8.760000e+02	4.096000e+04	6.049922e-04	1.304593e-05	3.624000e+00
1.0	1.024000e+03	4.096000e+04	6.026441e-04	1.020191e-05	3.624000e+00
1.0	1.280000e+03	4.096000e+04	6.027879e-04	1.174780e-05	3.624000e+00
1.0	1.536000e+03	4.096000e+04	6.009118e-04	9.834886e-06	3.624000e+00
