1.0	1.280000e+02	4.147200e+04	-3.200000e+05	0.000000e+00	5.000000e-02
1.0	2.560000e+02	4.147200e+04	-3.200000e+05	0.000000e+00	5.000000e-02
1.0	3.840000e+02	4.147200e+04	-3.200000e+05	0.000000e+00	5.000000e-02
1.0	5.120000e+02	4.147200e+04	-3.200000e+05	0.000000e+00	5.000000e-02
1.0	6.400000e+02	4.147200e+04	-3.200000e+05	0.000000e+00	5.000000e-02
1.0	7.580000e+02	4.147200e+04	-3.200000e+05	0.000000e+00	5.000000e-02
1.0	8.760000e+02	4.147200e+04	-3.200000e+05	0.000000e+00	5.000000e-02
1.0	1.024000e+03	4.147200e+04	-3.200000e+05	0.000000e+00	5.000000e-02
1.0	1.280000e+03	4.147200e+04	-3.200000e+05	0.000000e+00	5.000000e-02
1.0	1.536000e+03	4.147200e+04	-3.200000e+05	0.000000e+00	5.000000e-02
1.0	1.280000e+02	4.147200e+04	-3.193266e+05	7.211683e-01	1.050000e+00
1.0	2.560000e+02	4.147200e+04	-3.193265e+05	7.300230e-01	1.050000e+00
1.0	3.840000e+02	4.147200e+04	-3.193266e+05	7.148411e-01	1.050000e+00
1.0	5.120000e+02	4.147200e+04	-3.193265e+05	7.070317e-01	1.050000e+00
1.0	6.400000e+02	4.147200e+04	-3.193265e+05	7.829087e-01	1.050000e+00
1.0	7.580000e+02	4.147200e+04	-3.193264e+05	8.147413e-01	1.050000e+00
1.0	8.760000e+02	4.147200e+04	-3.193266e+05	7.118490e-01	1.050000e+00
1.0	1.024000e+03	4.147200e+04	-3.193265e+05	9.106758e-01	1.050000e+00
1.0	1.280000e+03	4.147200e+04	-3.193265e+05	8.555816e-01	1.050000e+00
1.0	1.536000e+03	4.147200e+04	-3.193266e+05	1.110707e+00	1.050000e+00
1.0	1.280000e+02	4.147200e+04	-2.793064e+05	1.160817e+01	2.000000e+00
1.0	2.560000e+02	4.147200e+04	-2.793063e+05	1.152427e+01	2.000000e+00
1.0	3.840000e+02	4.147200e+04	-2.793064e+05	1.245590e+01	2.000000e+00
1.0	5.120000e+02	4.147200e+04	-2.793064e+05	1.226492e+01	2.000000e+00
1.0	6.400000e+02	4.147200e+04	-2.793064e+05	1.018110e+01	2.000000e+00
1.0	7.580000e+02	4.147200e+04	-2.793059e+05	1.293135e+01	2.000000e+00
1.0	8.760000e+02	4.147200e+04	-2.793060e+05	1.322569e+01	2.000000e+00
1.0	1.024000e+03	4.147200e+04	-2.793063e+05	1.448407e+01	2.000000e+00
1.0	1.280000e+03	4.147200e+04	-2.793063e+05	9.577131e+00	2.000000e+00
1.0	1.536000e+03	4.147200e+04	-2.793085e+05	1.546891e+01	2.000000e+00
1.0	1.280000e+02	4.147200e+04	-2.689506e+05	1.417188e+01	2.080000e+00
1.0	2.560000e+02	4.147200e+04	-2.689491e+05	1.361376e+01	2.080000e+00
1.0	3.840000e+02	4.147200e+04	-2.689505e+05	1.285012e+01	2.080000e+00
1.0	5.120000e+02	4.147200e+04	-2.689491e+05	1.398591e+01	2.080000e+00
1.0	6.400000e+02	4.147200e+04	-2.689491e+05	1.216565e+01	2.080000e+00
1.0	7.580000e+02	4.147200e+04	-2.689524e+05	1.404791e+01	2.080000e+00
1.0	8.760000e+02	4.147200e+04	-2.689551e+05	1.080928e+01	2.080000e+00
1.0	1.024000e+03	4.147200e+04	-2.689490e+05	1.275474e+01	2.080000e+00
1.0	1.280000e+03	4.147200e+04	-2.689491e+05	1.565293e+01	2.080000e+00
1.0	1.536000e+03	4.147200e+04	-2.689558e+05	1.473935e+01	2.080000e+00
1.0	1.280000e+02	4.147200e+04	-2.556775e+05	2.540165e+01	2.160000e+00
1.0	2.560000e+02	4.147200e+04	-2.556817e+05	2.705840e+01	2.160000e+00
1.0	3.840000e+02	4.147200e+04	-2.556775e+05	2.820115e+01	2.160000e+00
1.0	5.120000e+02	4.147200e+04	-2.556816e+05	2.436562e+01	2.160000e+00
1.0	6.400000e+02	4.147200e+04	-2.556817e+05	2.556213e+01	2.160000e+00
1.0	7.580000e+02	4.147200e+04	-2.556784e+05	2.627625e+01	2.160000e+00
1.0	8.760000e+02	4.147200e+04	-2.556808e+05	3.223418e+01	2.160000e+00
1.0	1.024000e+03	4.147200e+04	-2.556815e+05	2.676933e+01	2.160000e+00
1.0	1.280000e+03	4.147200e+04	-2.556814e+05	2.510593e+01	2.160000e+00
1.0	1.536000e+03	4.147200e+04	-2.556740e+05	1.976160e+01	2.160000e+00
1.0	1.280000e+02	4.147200e+04	-2.405485e+05	5.235106e+01	2.228000e+00
1.0	2.560000e+02	4.147200e+04	-2.405566e+05	6.141996e+01	2.228000e+00
1.0	3.840000e+02	4.147200e+04	-2.405477e+05	6.147836e+01	2.228000e+00
1.0	5.120000e+02	4.147200e+04	-2.405571e+05	7.041283e+01	2.228000e+00
1.0	6.400000e+02	4.147200e+04	-2.405569e+05	5.471220e+01	2.228000e+00
1.0	7.580000e+02	4.147200e+04	-2.405454e+05	6.357495e+01	2.228000e+00
1.0	8.760000e+02	4.147200e+04	-2.405487e+05	6.143414e+01	2.228000e+00
1.0	1.024000e+03	4.147200e+04	-2.405568e+05	6.054525e+01	2.228000e+00
1.0	1.280000e+03	4.147200e+04	-2.405571e+05	5.165389e+01	2.228000e+00
1.0	1.536000e+03	4.147200e+04	-2.405457e+05	5.792766e+01	2.228000e+00
1.0	1.280000e+02	4.147200e+04	-2.345768e+05	8.978067e+01	2.248000e+00
1.0	2.560000e+02	4.147200e+04	-2.345726e+05	1.052339e+02	2.248000e+00
1.0	3.840000e+02	4.147200e+04	-2.345748e+05	1.163809e+02	2.248000e+00
1.0	5.120000e+02	4.147200e+04	-2.345721e+05	1.164510e+02	2.248000e+00
1.0	6.400000e+02	4.147200e+04	-2.345723e+05	1.161569e+02	2.248000e+00
1.0	7.580000e+02	4.147200e+04	-2.345624e+05	1.234317e+02	2.248000e+00
1.0	8.760000e+02	4.147200e+04	-2.345582e+05	1.196207e+02	2.248000e+00
1.0	1.024000e+03	4.147200e+04	-2.345729e+05	7.717306e+01	2.248000e+00
1.0	1.280000e+03	4.147200e+04	-2.345721e+05	1.024271e+02	2.248000e+00
1.0	1.536000e+03	4.147200e+04	-2.345580e+05	1.387790e+02	2.248000e+00
1.0	1.280000e+02	4.147200e+04	-2.270077e+05	1.015812e+02	2.268000e+00
1.0	2.560000e+02	4.147200e+04	-2.269977e+05	1.360350e+02	2.268000e+00
1.0	3.840000e+02	4.147200e+04	-2.270081e+05	1.532764e+02	2.268000e+00
1.0	5.120000e+02	4.147200e+04	-2.269975e+05	1.725804e+02	2.268000e+00
1.0	6.400000e+02	4.147200e+04	-2.269973e+05	1.943134e+02	2.268000e+00
1.0	7.580000e+02	4.147200e+04	-2.269367e+05	2.053519e+02	2.268000e+00
1.0	8.760000e+02	4.147200e+04	-2.268986e+05	1.754027e+02	2.268000e+00
1.0	1.024000e+03	4.147200e+04	-2.269975e+05	2.193946e+02	2.268000e+00
1.0	1.280000e+03	4.147200e+04	-2.269952e+05	2.321177e+02	2.268000e+00
1.0	1.536000e+03	4.147200e+04	-2.268149e+05	1.879283e+02	2.268000e+00
1.0	1.280000e+02	4.147200e+04	-2.190014e+05	7.600914e+01	2.288000e+00
1.0	2.560000e+02	4.147200e+04	-2.190026e+05	9.032111e+01	2.288000e+00
1.0	3.840000e+02	4.147200e+04	-2.190005e+05	9.794980e+01	2.288000e+00
1.0	5.120000e+02	4.147200e+04	-2.190028e+05	1.126273e+02	2.288000e+00
1.0	6.400000e+02	4.147200e+04	-2.190022e+05	1.084337e+02	2.288000e+00
1.0	7.580000e+02	4.147200e+04	-2.189772e+05	1.262138e+02	2.288000e+00
1.0	8.760000e+02	4.147200e+04	-2.189600e+05	9.494312e+01	2.288000e+00
1.0	1.024000e+03	4.147200e+04	-2.190023e+05	1.296505e+02	2.288000e+00
1.0	1.280000e+03	4.147200e+04	-2.190038e+05	1.363769e+02	2.288000e+00
1.0	1.536000e+03	4.147200e+04	-2.189199e+05	1.313046e+02	2.288000e+00
1.0	1.280000e+02	4.147200e+04	-2.125021e+05	6.848113e+01	2.308000e+00
1.0	2.560000e+02	4.147200e+04	-2.125030e+05	8.738803e+01	2.308000e+00
1.0	3.840000e+02	4.147200e+04	-2.125029e+05	9.652449e+01	2.308000e+00
1.0	5.120000e+02	4.147200e+04	-2.125017e+05	1.027497e+02	2.308000e+00
1.0	6.400000e+02	4.147200e+04	-2.125011e+05	1.059301e+02	2.308000e+00
1.0	7.580000e+02	4.147200e+04	-2.124953e+05	1.176965e+02	2.308000e+00
1.0	8.760000e+02	4.147200e+04	-2.124870e+05	9.421163e+01	2.308000e+00
1.0	1.024000e+03	4.147200e+04	-2.125021e+05	1.229468e+02	2.308000e+00
1.0	1.280000e+03	4.147200e+04	-2.125021e+05	1.014708e+02	2.308000e+00
1.0	1.536000e+03	4.147200e+04	-2.124804e+05	9.374731e+01	2.308000e+00
1.0	1.280000e+02	4.147200e+04	-2.074772e+05	5.679593e+01	2.328000e+00
1.0	2.560000e+02	4.147200e+04	-2.074589e+05	6.082641e+01	2.328000e+00
1.0	3.840000e+02	4.147200e+04	-2.074770e+05	6.695204e+01	2.328000e+00
1.0	5.120000e+02	4.147200e+04	-2.074587e+05	7.533278e+01	2.328000e+00
1.0	6.400000e+02	4.147200e+04	-2.074587e+05	8.025302e+01	2.328000e+00
1.0	7.580000e+02	4.147200e+04	-2.074673e+05	7.146428e+01	2.328000e+00
1.0	8.760000e+02	4.147200e+04	-2.074754e+05	7.163751e+01	2.328000e+00
1.0	1.024000e+03	4.147200e+04	-2.074585e+05	7.614702e+01	2.328000e+00
1.0	1.280000e+03	4.147200e+04	-2.074590e+05	6.941009e+01	2.328000e+00
1.0	1.536000e+03	4.147200e+04	-2.074840e+05	3.344886e+01	2.328000e+00
1.0	1.280000e+02	4.147200e+04	-2.028838e+05	4.530563e+01	2.348000e+00
1.0	2.560000e+02	4.147200e+04	-2.028858e+05	5.054075e+01	2.348000e+00
1.0	3.840000e+02	4.147200e+04	-2.028838e+05	4.814919e+01	2.348000e+00
1.0	5.120000e+02	4.147200e+04	-2.028853e+05	4.950290e+01	2.348000e+00
1.0	6.400000e+02	4.147200e+04	-2.028856e+05	5.013446e+01	2.348000e+00
1.0	7.580000e+02	4.147200e+04	-2.028858e+05	4.525948e+01	2.348000e+00
1.0	8.760000e+02	4.147200e+04	-2.028717e+05	5.563047e+01	2.348000e+00
1.0	1.024000e+03	4.147200e+04	-2.028852e+05	4.574681e+01	2.348000e+00
1.0	1.280000e+03	4.147200e+04	-2.028855e+05	3.259698e+01	2.348000e+00
1.0	1.536000e+03	4.147200e+04	-2.028793e+05	4.549934e+01	2.348000e+00
1.0	1.280000e+02	4.147200e+04	-1.987528e+05	4.309589e+01	2.368000e+00
1.0	2.560000e+02	4.147200e+04	-1.987522e+05	3.881352e+01	2.368000e+00
1.0	3.840000e+02	4.147200e+04	-1.987530e+05	4.516854e+01	2.368000e+00
1.0	5.120000e+02	4.147200e+04	-1.987521e+05	3.683950e+01	2.368000e+00
1.0	6.400000e+02	4.147200e+04	-1.987523e+05	4.479468e+01	2.368000e+00
1.0	7.580000e+02	4.147200e+04	-1.987408e+05	3.316639e+01	2.368000e+00
1.0	8.760000e+02	4.147200e+04	-1.987343e+05	3.732048e+01	2.368000e+00
1.0	1.024000e+03	4.147200e+04	-1.987521e+05	4.228316e+01	2.368000e+00
1.0	1.280000e+03	4.147200e+04	-1.987521e+05	4.737188e+01	2.368000e+00
1.0	1.536000e+03	4.147200e+04	-1.987274e+05	3.944218e+01	2.368000e+00
1.0	1.280000e+02	4.147200e+04	-1.948310e+05	3.435286e+01	2.388000e+00
1.0	2.560000e+02	4.147200e+04	-1.948299e+05	3.524437e+01	2.388000e+00
1.0	3.840000e+02	4.147200e+04	-1.948312e+05	3.615667e+01	2.388000e+00
1.0	5.120000e+02	4.147200e+04	-1.948300e+05	3.206893e+01	2.388000e+00
1.0	6.400000e+02	4.147200e+04	-1.948302e+05	3.143465e+01	2.388000e+00
1.0	7.580000e+02	4.147200e+04	-1.948395e+05	2.822632e+01	2.388000e+00
1.0	8.760000e+02	4.147200e+04	-1.948298e+05	3.991236e+01	2.388000e+00
1.0	1.024000e+03	4.147200e+04	-1.948301e+05	3.332648e+01	2.388000e+00
1.0	1.280000e+03	4.147200e+04	-1.948301e+05	3.414689e+01	2.388000e+00
1.0	1.536000e+03	4.147200e+04	-1.948266e+05	3.464664e+01	2.388000e+00
1.0	1.280000e+02	4.147200e+04	-1.871808e+05	2.746281e+01	2.432000e+00
1.0	2.560000e+02	4.147200e+04	-1.871768e+05	2.359835e+01	2.432000e+00
1.0	3.840000e+02	4.147200e+04	-1.871807e+05	2.565598e+01	2.432000e+00
1.0	5.120000e+02	4.147200e+04	-1.871767e+05	2.599995e+01	2.432000e+00
1.0	6.400000e+02	4.147200e+04	-1.871768e+05	2.285945e+01	2.432000e+00
1.0	7.580000e+02	4.147200e+04	-1.871772e+05	2.636442e+01	2.432000e+00
1.0	8.760000e+02	4.147200e+04	-1.871796e+05	2.769828e+01	2.432000e+00
1.0	1.024000e+03	4.147200e+04	-1.871770e+05	2.570541e+01	2.432000e+00
1.0	1.280000e+03	4.147200e+04	-1.871767e+05	2.037341e+01	2.432000e+00
1.0	1.536000e+03	4.147200e+04	-1.871718e+05	2.897474e+01	2.432000e+00
1.0	1.280000e+02	4.147200e+04	-1.753349e+05	2.011110e+01	2.512000e+00
1.0	2.560000e+02	4.147200e+04	-1.753308e+05	1.830868e+01	2.512000e+00
1.0	3.840000e+02	4.147200e+04	-1.753351e+05	1.908015e+01	2.512000e+00
1.0	5.120000e+02	4.147200e+04	-1.753310e+05	2.157093e+01	2.512000e+00
1.0	6.400000e+02	4.147200e+04	-1.753309e+05	1.899934e+01	2.512000e+00
1.0	7.580000e+02	4.147200e+04	-1.753333e+05	2.183493e+01	2.512000e+00
1.0	8.760000e+02	4.147200e+04	-1.753264e+05	2.156197e+01	2.512000e+00
1.0	1.024000e+03	4.147200e+04	-1.753311e+05	2.260640e+01	2.512000e+00
1.0	1.280000e+03	4.147200e+04	-1.753309e+05	2.332177e+01	2.512000e+00
1.0	1.536000e+03	4.147200e+04	-1.753285e+05	1.771977e+01	2.512000e+00
1.0	1.280000e+02	4.147200e+04	-1.654150e+05	1.884271e+01	2.592000e+00
1.0	2.560000e+02	4.147200e+04	-1.654169e+05	1.886053e+01	2.592000e+00
1.0	3.840000e+02	4.147200e+04	-1.654147e+05	2.067353e+01	2.592000e+00
1.0	5.120000e+02	4.147200e+04	-1.654170e+05	1.967570e+01	2.592000e+00
1.0	6.400000e+02	4.147200e+04	-1.654168e+05	2.247755e+01	2.592000e+00
1.0	7.580000e+02	4.147200e+04	-1.654186e+05	2.044858e+01	2.592000e+00
1.0	8.760000e+02	4.147200e+04	-1.654212e+05	1.871931e+01	2.592000e+00
1.0	1.024000e+03	4.147200e+04	-1.654170e+05	1.582958e+01	2.592000e+00
1.0	1.280000e+03	4.147200e+04	-1.654170e+05	2.459361e+01	2.592000e+00
1.0	1.536000e+03	4.147200e+04	-1.654266e+05	2.170426e+01	2.592000e+00
1.0	1.280000e+02	4.147200e+04	-1.568627e+05	1.408266e+01	2.672000e+00
1.0	2.560000e+02	4.147200e+04	-1.568622e+05	1.318641e+01	2.672000e+00
1.0	3.840000e+02	4.147200e+04	-1.568627e+05	1.449559e+01	2.672000e+00
1.0	5.120000e+02	4.147200e+04	-1.568621e+05	1.284213e+01	2.672000e+00
1.0	6.400000e+02	4.147200e+04	-1.568622e+05	1.310367e+01	2.672000e+00
1.0	7.580000e+02	4.147200e+04	-1.568595e+05	1.688038e+01	2.672000e+00
1.0	8.760000e+02	4.147200e+04	-1.568602e+05	1.570136e+01	2.672000e+00
1.0	1.024000e+03	4.147200e+04	-1.568622e+05	1.140365e+01	2.672000e+00
1.0	1.280000e+03	4.147200e+04	-1.568622e+05	1.298572e+01	2.672000e+00
1.0	1.536000e+03	4.147200e+04	-1.568650e+05	1.140760e+01	2.672000e+00
1.0	1.280000e+02	4.147200e+04	-1.494116e+05	1.504708e+01	2.752000e+00
1.0	2.560000e+02	4.147200e+04	-1.494089e+05	1.591388e+01	2.752000e+00
1.0	3.840000e+02	4.147200e+04	-1.494117e+05	1.617430e+01	2.752000e+00
1.0	5.120000e+02	4.147200e+04	-1.494089e+05	1.599150e+01	2.752000e+00
1.0	6.400000e+02	4.147200e+04	-1.494087e+05	1.957338e+01	2.752000e+00
1.0	7.580000e+02	4.147200e+04	-1.494104e+05	1.998845e+01	2.752000e+00
1.0	8.760000e+02	4.147200e+04	-1.494086e+05	1.608368e+01	2.752000e+00
1.0	1.024000e+03	4.147200e+04	-1.494090e+05	1.960429e+01	2.752000e+00
1.0	1.280000e+03	4.147200e+04	-1.494089e+05	2.039215e+01	2.752000e+00
1.0	1.536000e+03	4.147200e+04	-1.494081e+05	2.264563e+01	2.752000e+00
1.0	1.280000e+02	4.147200e+04	-1.277527e+05	7.586082e+00	3.048000e+00
1.0	2.560000e+02	4.147200e+04	-1.277539e+05	7.091543e+00	3.048000e+00
1.0	3.840000e+02	4.147200e+04	-1.277527e+05	7.224817e+00	3.048000e+00
1.0	5.120000e+02	4.147200e+04	-1.277538e+05	6.508528e+00	3.048000e+00
1.0	6.400000e+02	4.147200e+04	-1.277538e+05	6.720852e+00	3.048000e+00
1.0	7.580000e+02	4.147200e+04	-1.277547e+05	7.973527e+00	3.048000e+00
1.0	8.760000e+02	4.147200e+04	-1.277545e+05	5.813041e+00	3.048000e+00
1.0	1.024000e+03	4.147200e+04	-1.277538e+05	5.646111e+00	3.048000e+00
1.0	1.280000e+03	4.147200e+04	-1.277538e+05	7.756787e+00	3.048000e+00
1.0	1.536000e+03	4.147200e+04	-1.277540e+05	9.723090e+00	3.048000e+00
1.0	1.280000e+02	4.147200e+04	-1.111610e+05	8.664252e+00	3.368000e+00
1.0	2.560000e+02	4.147200e+04	-1.111613e+05	9.060246e+00	3.368000e+00
1.0	3.840000e+02	4.147200e+04	-1.111610e+05	8.994792e+00	3.368000e+00
1.0	5.120000e+02	4.147200e+04	-1.111613e+05	9.610889e+00	3.368000e+00
1.0	6.400000e+02	4.147200e+04	-1.111613e+05	7.292119e+00	3.368000e+00
1.0	7.580000e+02	4.147200e+04	-1.111591e+05	8.705344e+00	3.368000e+00
1.0	8.760000e+02	4.147200e+04	-1.111600e+05	9.080744e+00	3.368000e+00
1.0	1.024000e+03	4.147200e+04	-1.111613e+05	7.944624e+00	3.368000e+00
1.0	1.280000e+03	4.147200e+04	-1.111612e+05	8.634960e+00	3.368000e+00
1.0	1.536000e+03	4.147200e+04	-1.111628e+05	1.189331e+01	3.368000e+00
