2	 128	40000	1.000000e+00	0.000000e+00	2.000000e-02
2	 256	40000	1.000000e+00	0.000000e+00	2.000000e-02
2	 384	40000	1.000000e+00	0.000000e+00	2.000000e-02
2	 512	40000	1.000000e+00	0.000000e+00	2.000000e-02
2	 640	40000	1.000000e+00	0.000000e+00	2.000000e-02
2	 758	40000	1.000000e+00	0.000000e+00	2.000000e-02
2	 876	40000	1.000000e+00	0.000000e+00	2.000000e-02
2	1024	40000	1.000000e+00	0.000000e+00	2.000000e-02
2	1280	40000	1.000000e+00	0.000000e+00	2.000000e-02
2	1536	40000	1.000000e+00	0.000000e+00	2.000000e-02
2	 128	40000	1.000000e+00	0.000000e+00	2.200000e-01
2	 256	40000	1.000000e+00	0.000000e+00	2.200000e-01
2	 384	40000	1.000000e+00	0.000000e+00	2.200000e-01
2	 512	40000	1.000000e+00	0.000000e+00	2.200000e-01
2	 640	40000	1.000000e+00	0.000000e+00	2.200000e-01
2	 758	40000	1.000000e+00	0.000000e+00	2.200000e-01
2	 876	40000	1.000000e+00	0.000000e+00	2.200000e-01
2	1024	40000	1.000000e+00	0.000000e+00	2.200000e-01
2	1280	40000	1.000000e+00	0.000000e+00	2.200000e-01
2	1536	40000	1.000000e+00	0.000000e+00	2.200000e-01
2	 128	40000	1.000000e+00	3.840094e-09	4.200000e-01
2	 256	40000	1.000000e+00	3.919257e-09	4.200000e-01
2	 384	40000	1.000000e+00	4.396756e-09	4.200000e-01
2	 512	40000	1.000000e+00	4.197537e-09	4.200000e-01
2	 640	40000	1.000000e+00	4.688138e-09	4.200000e-01
2	 758	40000	1.000000e+00	4.353588e-09	4.200000e-01
2	 876	40000	1.000000e+00	4.908323e-09	4.200000e-01
2	1024	40000	1.000000e+00	4.059710e-09	4.200000e-01
2	1280	40000	1.000000e+00	6.175639e-09	4.200000e-01
2	1536	40000	1.000000e+00	5.291122e-09	4.200000e-01
2	 128	40000	9.999950e-01	7.666876e-08	6.200000e-01
2	 256	40000	9.999950e-01	8.169242e-08	6.200000e-01
2	 384	40000	9.999950e-01	8.419910e-08	6.200000e-01
2	 512	40000	9.999950e-01	9.170052e-08	6.200000e-01
2	 640	40000	9.999950e-01	8.435338e-08	6.200000e-01
2	 758	40000	9.999950e-01	1.058094e-07	6.200000e-01
2	 876	40000	9.999950e-01	9.741777e-08	6.200000e-01
2	1024	40000	9.999949e-01	1.063559e-07	6.200000e-01
2	1280	40000	9.999949e-01	6.459452e-08	6.200000e-01
2	1536	40000	9.999949e-01	8.380709e-08	6.200000e-01
2	 128	40000	9.998805e-01	4.499164e-07	8.200000e-01
2	 256	40000	9.998805e-01	4.342296e-07	8.200000e-01
2	 384	40000	9.998805e-01	4.272162e-07	8.200000e-01
2	 512	40000	9.998804e-01	4.031360e-07	8.200000e-01
2	 640	40000	9.998804e-01	5.383904e-07	8.200000e-01
2	 758	40000	9.998804e-01	4.803612e-07	8.200000e-01
2	 876	40000	9.998804e-01	4.399219e-07	8.200000e-01
2	1024	40000	9.998803e-01	3.837565e-07	8.200000e-01
2	1280	40000	9.998802e-01	3.033535e-07	8.200000e-01
2	1536	40000	9.998803e-01	3.936832e-07	8.200000e-01
2	 128	40000	9.992762e-01	1.055048e-06	1.000000e+00
2	 256	40000	9.992762e-01	9.518160e-07	1.000000e+00
2	 384	40000	9.992762e-01	9.875492e-07	1.000000e+00
2	 512	40000	9.992762e-01	1.102120e-06	1.000000e+00
2	 640	40000	9.992763e-01	1.044938e-06	1.000000e+00
2	 758	40000	9.992762e-01	1.082801e-06	1.000000e+00
2	 876	40000	9.992762e-01	9.429839e-07	1.000000e+00
2	1024	40000	9.992763e-01	1.037982e-06	1.000000e+00
2	1280	40000	9.992767e-01	1.069397e-06	1.000000e+00
2	1536	40000	9.992763e-01	1.510866e-06	1.000000e+00
2	 128	40000	9.984486e-01	1.525868e-06	1.100000e+00
2	 256	40000	9.984486e-01	1.412844e-06	1.100000e+00
2	 384	40000	9.984486e-01	1.223927e-06	1.100000e+00
2	 512	40000	9.984487e-01	1.460593e-06	1.100000e+00
2	 640	40000	9.984484e-01	1.479467e-06	1.100000e+00
2	 758	40000	9.984488e-01	1.204918e-06	1.100000e+00
2	 876	40000	9.984483e-01	1.070319e-06	1.100000e+00
2	1024	40000	9.984487e-01	1.549987e-06	1.100000e+00
2	1280	40000	9.984486e-01	1.505381e-06	1.100000e+00
2	1536	40000	9.984487e-01	1.235001e-06	1.100000e+00
2	 128	40000	9.970278e-01	2.580327e-06	1.200000e+00
2	 256	40000	9.970277e-01	2.443223e-06	1.200000e+00
2	 384	40000	9.970278e-01	2.859664e-06	1.200000e+00
2	 512	40000	9.970271e-01	2.640020e-06	1.200000e+00
2	 640	40000	9.970263e-01	2.685553e-06	1.200000e+00
2	 758	40000	9.970272e-01	3.269588e-06	1.200000e+00
2	 876	40000	9.970264e-01	2.526968e-06	1.200000e+00
2	1024	40000	9.970260e-01	3.222799e-06	1.200000e+00
2	1280	40000	9.970260e-01	2.635886e-06	1.200000e+00
2	1536	40000	9.970260e-01	3.300188e-06	1.200000e+00
2	 128	40000	9.947776e-01	3.681895e-06	1.300000e+00
2	 256	40000	9.947776e-01	3.774716e-06	1.300000e+00
2	 384	40000	9.947776e-01	3.710535e-06	1.300000e+00
2	 512	40000	9.947776e-01	4.120751e-06	1.300000e+00
2	 640	40000	9.947774e-01	2.356720e-06	1.300000e+00
2	 758	40000	9.947773e-01	2.979326e-06	1.300000e+00
2	 876	40000	9.947776e-01	2.735049e-06	1.300000e+00
2	1024	40000	9.947763e-01	2.918137e-06	1.300000e+00
2	1280	40000	9.947770e-01	2.318740e-06	1.300000e+00
2	1536	40000	9.947763e-01	3.066372e-06	1.300000e+00
2	 128	40000	9.913855e-01	4.428229e-06	1.400000e+00
2	 256	40000	9.913855e-01	4.417614e-06	1.400000e+00
2	 384	40000	9.913855e-01	3.688208e-06	1.400000e+00
2	 512	40000	9.913855e-01	3.586634e-06	1.400000e+00
2	 640	40000	9.913861e-01	3.620625e-06	1.400000e+00
2	 758	40000	9.913858e-01	2.115194e-06	1.400000e+00
2	 876	40000	9.913859e-01	3.625719e-06	1.400000e+00
2	1024	40000	9.913862e-01	4.291931e-06	1.400000e+00
2	1280	40000	9.913860e-01	3.272225e-06	1.400000e+00
2	1536	40000	9.913862e-01	3.467649e-06	1.400000e+00
2	 128	40000	9.865072e-01	7.293202e-06	1.500000e+00
2	 256	40000	9.865072e-01	7.491199e-06	1.500000e+00
2	 384	40000	9.865072e-01	6.402754e-06	1.500000e+00
2	 512	40000	9.865072e-01	6.779785e-06	1.500000e+00
2	 640	40000	9.865087e-01	8.574611e-06	1.500000e+00
2	 758	40000	9.865068e-01	5.732258e-06	1.500000e+00
2	 876	40000	9.865084e-01	5.136574e-06	1.500000e+00
2	1024	40000	9.865100e-01	5.435912e-06	1.500000e+00
2	1280	40000	9.865090e-01	3.815097e-06	1.500000e+00
2	1536	40000	9.865099e-01	5.465601e-06	1.500000e+00
2	 128	40000	9.796202e-01	7.297930e-06	1.600000e+00
2	 256	40000	9.796202e-01	7.996033e-06	1.600000e+00
2	 384	40000	9.796202e-01	8.255828e-06	1.600000e+00
2	 512	40000	9.796200e-01	8.204211e-06	1.600000e+00
2	 640	40000	9.796193e-01	8.601840e-06	1.600000e+00
2	 758	40000	9.796200e-01	7.273170e-06	1.600000e+00
2	 876	40000	9.796193e-01	8.013441e-06	1.600000e+00
2	1024	40000	9.796216e-01	8.236957e-06	1.600000e+00
2	1280	40000	9.796207e-01	1.051428e-05	1.600000e+00
2	1536	40000	9.796217e-01	7.201245e-06	1.600000e+00
2	 128	40000	9.700890e-01	1.114296e-05	1.700000e+00
2	 256	40000	9.700890e-01	1.141521e-05	1.700000e+00
2	 384	40000	9.700891e-01	1.195325e-05	1.700000e+00
2	 512	40000	9.700895e-01	1.427918e-05	1.700000e+00
2	 640	40000	9.700887e-01	1.296425e-05	1.700000e+00
2	 758	40000	9.700891e-01	1.006644e-05	1.700000e+00
2	 876	40000	9.700894e-01	1.062311e-05	1.700000e+00
2	1024	40000	9.700862e-01	1.022076e-05	1.700000e+00
2	1280	40000	9.700845e-01	5.701954e-06	1.700000e+00
2	1536	40000	9.700862e-01	9.132640e-06	1.700000e+00
2	 128	40000	9.568365e-01	1.556151e-05	1.800000e+00
2	 256	40000	9.568367e-01	1.423867e-05	1.800000e+00
2	 384	40000	9.568365e-01	1.559728e-05	1.800000e+00
2	 512	40000	9.568383e-01	1.172107e-05	1.800000e+00
2	 640	40000	9.568407e-01	1.325850e-05	1.800000e+00
2	 758	40000	9.568360e-01	1.433147e-05	1.800000e+00
2	 876	40000	9.568396e-01	9.028254e-06	1.800000e+00
2	1024	40000	9.568422e-01	9.838408e-06	1.800000e+00
2	1280	40000	9.568420e-01	9.181842e-06	1.800000e+00
2	1536	40000	9.568422e-01	7.559935e-06	1.800000e+00
2	 128	40000	9.382605e-01	2.543067e-05	1.900000e+00
2	 256	40000	9.382606e-01	2.453879e-05	1.900000e+00
2	 384	40000	9.382603e-01	2.187893e-05	1.900000e+00
2	 512	40000	9.382600e-01	2.715983e-05	1.900000e+00
2	 640	40000	9.382671e-01	2.558226e-05	1.900000e+00
2	 758	40000	9.382590e-01	2.068580e-05	1.900000e+00
2	 876	40000	9.382668e-01	2.537988e-05	1.900000e+00
2	1024	40000	9.382613e-01	2.369641e-05	1.900000e+00
2	1280	40000	9.382532e-01	1.964557e-05	1.900000e+00
2	1536	40000	9.382611e-01	1.626487e-05	1.900000e+00
2	 128	40000	9.113303e-01	4.721486e-05	2.000000e+00
2	 256	40000	9.113305e-01	4.688029e-05	2.000000e+00
2	 384	40000	9.113301e-01	5.911729e-05	2.000000e+00
2	 512	40000	9.113245e-01	5.317116e-05	2.000000e+00
2	 640	40000	9.113235e-01	5.252956e-05	2.000000e+00
2	 758	40000	9.113273e-01	5.654104e-05	2.000000e+00
2	 876	40000	9.113206e-01	4.840206e-05	2.000000e+00
2	1024	40000	9.113168e-01	4.876261e-05	2.000000e+00
2	1280	40000	9.113306e-01	5.019456e-05	2.000000e+00
2	1536	40000	9.113163e-01	7.460856e-05	2.000000e+00
2	 128	40000	8.689511e-01	1.188653e-04	2.100000e+00
2	 256	40000	8.689507e-01	1.225155e-04	2.100000e+00
2	 384	40000	8.689519e-01	1.196779e-04	2.100000e+00
2	 512	40000	8.689351e-01	1.436695e-04	2.100000e+00
2	 640	40000	8.689156e-01	1.251782e-04	2.100000e+00
2	 758	40000	8.689314e-01	1.373522e-04	2.100000e+00
2	 876	40000	8.689313e-01	1.650926e-04	2.100000e+00
2	1024	40000	8.688699e-01	1.432687e-04	2.100000e+00
2	1280	40000	8.688802e-01	1.519900e-04	2.100000e+00
2	1536	40000	8.688697e-01	1.484207e-04	2.100000e+00
2	 128	40000	7.836707e-01	7.558956e-04	2.200000e+00
2	 256	40000	7.836769e-01	9.221333e-04	2.200000e+00
2	 384	40000	7.836741e-01	9.311614e-04	2.200000e+00
2	 512	40000	7.838429e-01	9.604456e-04	2.200000e+00
2	 640	40000	7.838038e-01	9.488514e-04	2.200000e+00
2	 758	40000	7.837774e-01	1.016224e-03	2.200000e+00
2	 876	40000	7.838074e-01	1.115800e-03	2.200000e+00
2	1024	40000	7.837668e-01	1.201577e-03	2.200000e+00
2	1280	40000	7.838295e-01	1.276445e-03	2.200000e+00
2	1536	40000	7.837409e-01	1.090369e-03	2.200000e+00
2	 128	40000	1.456650e-01	1.333108e-02	2.300000e+00
2	 256	40000	1.455980e-01	1.842827e-02	2.300000e+00
2	 384	40000	1.457581e-01	2.256505e-02	2.300000e+00
2	 512	40000	1.463447e-01	2.621806e-02	2.300000e+00
2	 640	40000	1.454516e-01	2.946496e-02	2.300000e+00
2	 758	40000	1.461588e-01	3.090685e-02	2.300000e+00
2	 876	40000	1.458495e-01	3.361109e-02	2.300000e+00
2	1024	40000	1.436778e-01	3.722213e-02	2.300000e+00
2	1280	40000	1.418435e-01	4.096070e-02	2.300000e+00
2	1536	40000	1.437534e-01	4.138947e-02	2.300000e+00
2	 128	40000	2.761239e-02	3.631474e-03	2.400000e+00
2	 256	40000	2.763122e-02	4.005806e-03	2.400000e+00
2	 384	40000	2.764635e-02	3.994164e-03	2.400000e+00
2	 512	40000	2.787544e-02	4.276555e-03	2.400000e+00
2	 640	40000	2.787108e-02	4.545619e-03	2.400000e+00
2	 758	40000	2.780894e-02	4.320226e-03	2.400000e+00
2	 876	40000	2.778993e-02	4.380850e-03	2.400000e+00
2	1024	40000	2.817562e-02	4.868479e-03	2.400000e+00
2	1280	40000	2.773943e-02	5.464438e-03	2.400000e+00
2	1536	40000	2.817041e-02	4.923337e-03	2.400000e+00
2	 128	40000	1.733324e-02	1.503281e-03	2.500000e+00
2	 256	40000	1.733283e-02	1.437904e-03	2.500000e+00
2	 384	40000	1.731851e-02	1.476163e-03	2.500000e+00
2	 512	40000	1.727586e-02	1.525400e-03	2.500000e+00
2	 640	40000	1.735151e-02	1.589860e-03	2.500000e+00
2	 758	40000	1.737702e-02	1.584407e-03	2.500000e+00
2	 876	40000	1.731815e-02	1.600714e-03	2.500000e+00
2	1024	40000	1.750539e-02	1.615777e-03	2.500000e+00
2	1280	40000	1.763923e-02	1.656380e-03	2.500000e+00
2	1536	40000	1.750102e-02	1.671528e-03	2.500000e+00
2	 128	40000	1.284614e-02	8.443442e-04	2.600000e+00
2	 256	40000	1.285079e-02	8.289209e-04	2.600000e+00
2	 384	40000	1.285583e-02	8.258951e-04	2.600000e+00
2	 512	40000	1.289727e-02	8.514354e-04	2.600000e+00
2	 640	40000	1.293860e-02	9.079090e-04	2.600000e+00
2	 758	40000	1.285868e-02	8.066410e-04	2.600000e+00
2	 876	40000	1.292642e-02	8.000563e-04	2.600000e+00
2	1024	40000	1.299555e-02	8.548503e-04	2.600000e+00
2	1280	40000	1.305174e-02	7.709760e-04	2.600000e+00
2	1536	40000	1.299997e-02	8.324107e-04	2.600000e+00
2	 128	40000	1.046167e-02	6.162912e-04	2.700000e+00
2	 256	40000	1.046387e-02	6.369319e-04	2.700000e+00
2	 384	40000	1.046121e-02	6.684072e-04	2.700000e+00
2	 512	40000	1.052506e-02	6.804159e-04	2.700000e+00
2	 640	40000	1.054702e-02	7.269898e-04	2.700000e+00
2	 758	40000	1.048248e-02	7.100802e-04	2.700000e+00
2	 876	40000	1.054234e-02	7.314102e-04	2.700000e+00
2	1024	40000	1.053172e-02	7.476470e-04	2.700000e+00
2	1280	40000	1.048095e-02	7.699386e-04	2.700000e+00
2	1536	40000	1.052998e-02	6.970946e-04	2.700000e+00
2	 128	40000	8.691726e-03	3.895225e-04	2.800000e+00
2	 256	40000	8.686260e-03	3.846596e-04	2.800000e+00
2	 384	40000	8.685841e-03	3.816524e-04	2.800000e+00
2	 512	40000	8.688114e-03	3.898280e-04	2.800000e+00
2	 640	40000	8.728975e-03	3.642561e-04	2.800000e+00
2	 758	40000	8.699694e-03	3.578776e-04	2.800000e+00
2	 876	40000	8.719702e-03	3.242126e-04	2.800000e+00
2	1024	40000	8.728189e-03	3.589428e-04	2.800000e+00
2	1280	40000	8.720914e-03	3.547979e-04	2.800000e+00
2	1536	40000	8.732937e-03	3.205912e-04	2.800000e+00
2	 128	40000	7.786797e-03	3.011381e-04	2.900000e+00
2	 256	40000	7.785186e-03	2.870511e-04	2.900000e+00
2	 384	40000	7.785404e-03	2.596420e-04	2.900000e+00
2	 512	40000	7.817867e-03	2.693593e-04	2.900000e+00
2	 640	40000	7.811275e-03	2.738721e-04	2.900000e+00
2	 758	40000	7.816033e-03	2.481334e-04	2.900000e+00
2	 876	40000	7.813618e-03	2.246651e-04	2.900000e+00
2	1024	40000	7.794029e-03	2.197795e-04	2.900000e+00
2	1280	40000	7.801397e-03	2.031324e-04	2.900000e+00
2	1536	40000	7.796575e-03	1.719046e-04	2.900000e+00
2	 128	40000	6.931328e-03	2.343511e-04	3.000000e+00
2	 256	40000	6.932595e-03	2.220858e-04	3.000000e+00
2	 384	40000	6.932231e-03	2.240331e-04	3.000000e+00
2	 512	40000	6.908508e-03	2.381846e-04	3.000000e+00
2	 640	40000	6.909486e-03	2.527130e-04	3.000000e+00
2	 758	40000	6.925859e-03	2.453145e-04	3.000000e+00
2	 876	40000	6.920638e-03	2.723253e-04	3.000000e+00
2	1024	40000	6.897603e-03	2.801952e-04	3.000000e+00
2	1280	40000	6.882123e-03	2.704143e-04	3.000000e+00
2	1536	40000	6.897431e-03	2.600852e-04	3.000000e+00
2	 128	40000	6.476450e-03	1.826342e-04	3.100000e+00
2	 256	40000	6.477973e-03	1.944813e-04	3.100000e+00
2	 384	40000	6.475078e-03	1.840856e-04	3.100000e+00
2	 512	40000	6.474978e-03	1.779742e-04	3.100000e+00
2	 640	40000	6.488118e-03	1.712937e-04	3.100000e+00
2	 758	40000	6.475253e-03	1.722965e-04	3.100000e+00
2	 876	40000	6.480839e-03	1.831090e-04	3.100000e+00
2	1024	40000	6.507490e-03	1.860208e-04	3.100000e+00
2	1280	40000	6.505362e-03	1.789755e-04	3.100000e+00
2	1536	40000	6.508704e-03	1.609841e-04	3.100000e+00
2	 128	40000	6.000053e-03	1.635739e-04	3.200000e+00
2	 256	40000	6.000675e-03	1.641509e-04	3.200000e+00
2	 384	40000	6.001150e-03	1.635569e-04	3.200000e+00
2	 512	40000	6.020984e-03	1.618864e-04	3.200000e+00
2	 640	40000	6.027243e-03	1.637432e-04	3.200000e+00
2	 758	40000	6.018085e-03	1.420622e-04	3.200000e+00
2	 876	40000	6.026096e-03	1.592615e-04	3.200000e+00
2	1024	40000	6.035265e-03	1.528414e-04	3.200000e+00
2	1280	40000	6.039987e-03	1.269587e-04	3.200000e+00
2	1536	40000	6.035137e-03	1.414106e-04	3.200000e+00
2	 128	40000	5.653845e-03	1.296264e-04	3.300000e+00
2	 256	40000	5.656386e-03	1.319373e-04	3.300000e+00
2	 384	40000	5.654312e-03	1.391258e-04	3.300000e+00
2	 512	40000	5.666326e-03	1.577446e-04	3.300000e+00
2	 640	40000	5.671626e-03	1.601348e-04	3.300000e+00
2	 758	40000	5.664699e-03	1.582238e-04	3.300000e+00
2	 876	40000	5.669928e-03	1.654560e-04	3.300000e+00
2	1024	40000	5.688361e-03	1.826032e-04	3.300000e+00
2	1280	40000	5.684368e-03	1.748545e-04	3.300000e+00
2	1536	40000	5.689654e-03	1.760141e-04	3.300000e+00
2	 128	40000	5.314763e-03	1.225799e-04	3.400000e+00
2	 256	40000	5.315815e-03	1.196778e-04	3.400000e+00
2	 384	40000	5.315254e-03	1.116212e-04	3.400000e+00
2	 512	40000	5.330773e-03	1.171313e-04	3.400000e+00
2	 640	40000	5.325856e-03	1.273915e-04	3.400000e+00
2	 758	40000	5.316837e-03	1.275789e-04	3.400000e+00
2	 876	40000	5.324055e-03	1.251591e-04	3.400000e+00
2	1024	40000	5.307972e-03	1.349284e-04	3.400000e+00
2	1280	40000	5.300670e-03	1.463148e-04	3.400000e+00
2	1536	40000	5.307223e-03	1.492351e-04	3.400000e+00
2	 128	40000	5.130011e-03	1.271537e-04	3.500000e+00
2	 256	40000	5.131136e-03	1.176410e-04	3.500000e+00
2	 384	40000	5.131019e-03	1.152350e-04	3.500000e+00
2	 512	40000	5.134335e-03	1.240085e-04	3.500000e+00
2	 640	40000	5.138982e-03	1.214671e-04	3.500000e+00
2	 758	40000	5.129829e-03	1.017710e-04	3.500000e+00
2	 876	40000	5.142635e-03	9.474753e-05	3.500000e+00
2	1024	40000	5.142693e-03	9.454531e-05	3.500000e+00
2	1280	40000	5.132571e-03	8.682129e-05	3.500000e+00
2	1536	40000	5.142498e-03	9.516277e-05	3.500000e+00
2	 128	40000	4.595617e-03	1.087225e-04	3.700000e+00
2	 256	40000	4.594635e-03	1.057975e-04	3.700000e+00
2	 384	40000	4.595241e-03	1.071036e-04	3.700000e+00
2	 512	40000	4.600548e-03	1.089482e-04	3.700000e+00
2	 640	40000	4.594779e-03	1.136877e-04	3.700000e+00
2	 758	40000	4.602176e-03	1.010437e-04	3.700000e+00
2	 876	40000	4.598415e-03	1.006217e-04	3.700000e+00
2	1024	40000	4.601112e-03	1.048934e-04	3.700000e+00
2	1280	40000	4.613442e-03	1.108120e-04	3.700000e+00
2	1536	40000	4.599957e-03	1.064260e-04	3.700000e+00
2	 128	40000	4.378465e-03	1.030790e-04	3.900000e+00
2	 256	40000	4.379033e-03	9.355797e-05	3.900000e+00
2	 384	40000	4.378131e-03	9.270602e-05	3.900000e+00
2	 512	40000	4.380233e-03	9.750811e-05	3.900000e+00
2	 640	40000	4.376508e-03	1.043749e-04	3.900000e+00
2	 758	40000	4.379601e-03	1.007235e-04	3.900000e+00
2	 876	40000	4.377636e-03	1.091662e-04	3.900000e+00
2	1024	40000	4.385882e-03	1.052548e-04	3.900000e+00
2	1280	40000	4.397726e-03	1.214435e-04	3.900000e+00
2	1536	40000	4.386153e-03	1.227733e-04	3.900000e+00
2	 128	40000	4.110915e-03	9.081658e-05	4.100000e+00
2	 256	40000	4.111649e-03	9.298385e-05	4.100000e+00
2	 384	40000	4.111420e-03	8.730657e-05	4.100000e+00
2	 512	40000	4.111929e-03	9.482413e-05	4.100000e+00
2	 640	40000	4.106036e-03	1.011235e-04	4.100000e+00
2	 758	40000	4.110605e-03	9.799705e-05	4.100000e+00
2	 876	40000	4.110339e-03	1.048441e-04	4.100000e+00
2	1024	40000	4.120636e-03	1.049909e-04	4.100000e+00
2	1280	40000	4.127483e-03	1.043483e-04	4.100000e+00
2	1536	40000	4.121036e-03	9.936849e-05	4.100000e+00
2	 128	40000	3.900379e-03	9.733470e-05	4.300000e+00
2	 256	40000	3.901039e-03	9.426940e-05	4.300000e+00
2	 384	40000	3.901863e-03	8.959000e-05	4.300000e+00
2	 512	40000	3.900193e-03	9.164185e-05	4.300000e+00
2	 640	40000	3.900039e-03	9.537758e-05	4.300000e+00
2	 758	40000	3.896197e-03	8.786871e-05	4.300000e+00
2	 876	40000	3.901542e-03	8.919835e-05	4.300000e+00
2	1024	40000	3.913951e-03	8.741783e-05	4.300000e+00
2	1280	40000	3.916742e-03	9.209849e-05	4.300000e+00
2	1536	40000	3.914076e-03	8.877748e-05	4.300000e+00
2	 128	40000	3.696939e-03	9.948457e-05	4.500000e+00
2	 256	40000	3.696230e-03	1.005622e-04	4.500000e+00
2	 384	40000	3.696108e-03	9.659229e-05	4.500000e+00
2	 512	40000	3.695193e-03	9.736072e-05	4.500000e+00
2	 640	40000	3.696446e-03	1.070405e-04	4.500000e+00
2	 758	40000	3.693151e-03	1.035530e-04	4.500000e+00
2	 876	40000	3.696743e-03	1.035143e-04	4.500000e+00
2	1024	40000	3.696465e-03	1.058532e-04	4.500000e+00
2	1280	40000	3.687647e-03	1.074389e-04	4.500000e+00
2	1536	40000	3.695289e-03	1.091535e-04	4.500000e+00
2	 128	40000	3.407943e-03	1.065813e-04	5.100000e+00
2	 256	40000	3.408639e-03	1.064542e-04	5.100000e+00
2	 384	40000	3.408897e-03	1.046066e-04	5.100000e+00
2	 512	40000	3.407204e-03	1.086067e-04	5.100000e+00
2	 640	40000	3.407399e-03	1.109694e-04	5.100000e+00
2	 758	40000	3.408806e-03	1.077513e-04	5.100000e+00
2	 876	40000	3.405843e-03	1.085403e-04	5.100000e+00
2	1024	40000	3.414644e-03	1.065914e-04	5.100000e+00
2	1280	40000	3.420086e-03	1.141959e-04	5.100000e+00
2	1536	40000	3.414809e-03	1.093037e-04	5.100000e+00
2	 128	40000	3.199771e-03	1.037985e-04	5.700000e+00
2	 256	40000	3.200316e-03	1.022731e-04	5.700000e+00
2	 384	40000	3.200879e-03	1.031025e-04	5.700000e+00
2	 512	40000	3.202605e-03	1.061624e-04	5.700000e+00
2	 640	40000	3.201257e-03	1.070022e-04	5.700000e+00
2	 758	40000	3.205854e-03	1.062044e-04	5.700000e+00
2	 876	40000	3.203917e-03	1.079081e-04	5.700000e+00
2	1024	40000	3.199201e-03	1.158010e-04	5.700000e+00
2	1280	40000	3.201870e-03	1.233212e-04	5.700000e+00
2	1536	40000	3.200173e-03	1.206902e-04	5.700000e+00
2	 128	40000	3.022505e-03	1.052270e-04	6.300000e+00
2	 256	40000	3.021538e-03	1.014842e-04	6.300000e+00
2	 384	40000	3.021540e-03	1.016509e-04	6.300000e+00
2	 512	40000	3.017751e-03	1.045076e-04	6.300000e+00
2	 640	40000	3.018873e-03	1.024007e-04	6.300000e+00
2	 758	40000	3.021459e-03	9.802326e-05	6.300000e+00
2	 876	40000	3.018255e-03	9.802993e-05	6.300000e+00
2	1024	40000	3.026659e-03	9.515621e-05	6.300000e+00
2	1280	40000	3.032070e-03	9.649631e-05	6.300000e+00
2	1536	40000	3.026569e-03	9.357429e-05	6.300000e+00
2	 128	40000	2.897234e-03	1.118604e-04	6.900000e+00
2	 256	40000	2.896889e-03	1.108103e-04	6.900000e+00
2	 384	40000	2.897244e-03	1.149603e-04	6.900000e+00
2	 512	40000	2.903127e-03	1.190662e-04	6.900000e+00
2	 640	40000	2.900433e-03	1.216962e-04	6.900000e+00
2	 758	40000	2.900800e-03	1.180123e-04	6.900000e+00
2	 876	40000	2.901756e-03	1.185715e-04	6.900000e+00
2	1024	40000	2.903132e-03	1.245559e-04	6.900000e+00
2	1280	40000	2.908810e-03	1.275461e-04	6.900000e+00
2	1536	40000	2.904547e-03	1.250823e-04	6.900000e+00
2	 128	40000	2.862382e-03	1.198262e-04	7.500000e+00
2	 256	40000	2.861906e-03	1.237509e-04	7.500000e+00
2	 384	40000	2.863012e-03	1.209899e-04	7.500000e+00
2	 512	40000	2.862347e-03	1.218647e-04	7.500000e+00
2	 640	40000	2.863434e-03	1.259485e-04	7.500000e+00
2	 758	40000	2.862641e-03	1.241738e-04	7.500000e+00
2	 876	40000	2.862480e-03	1.295337e-04	7.500000e+00
2	1024	40000	2.870879e-03	1.283076e-04	7.500000e+00
2	1280	40000	2.871143e-03	1.308780e-04	7.500000e+00
2	1536	40000	2.869868e-03	1.244722e-04	7.500000e+00
2	 128	40000	2.805970e-03	1.326003e-04	8.100000e+00
2	 256	40000	2.805502e-03	1.264440e-04	8.100000e+00
2	 384	40000	2.805301e-03	1.295522e-04	8.100000e+00
2	 512	40000	2.816052e-03	1.397467e-04	8.100000e+00
2	 640	40000	2.818161e-03	1.379209e-04	8.100000e+00
2	 758	40000	2.809624e-03	1.344620e-04	8.100000e+00
2	 876	40000	2.818062e-03	1.288251e-04	8.100000e+00
2	1024	40000	2.817295e-03	1.355366e-04	8.100000e+00
2	1280	40000	2.822393e-03	1.432620e-04	8.100000e+00
2	1536	40000	2.816711e-03	1.432013e-04	8.100000e+00
2	 128	40000	2.741513e-03	1.492179e-04	8.700000e+00
2	 256	40000	2.740960e-03	1.430098e-04	8.700000e+00
2	 384	40000	2.742718e-03	1.439624e-04	8.700000e+00
2	 512	40000	2.747986e-03	1.417587e-04	8.700000e+00
2	 640	40000	2.751899e-03	1.432452e-04	8.700000e+00
2	 758	40000	2.741156e-03	1.340570e-04	8.700000e+00
2	 876	40000	2.748103e-03	1.420529e-04	8.700000e+00
2	1024	40000	2.759386e-03	1.406753e-04	8.700000e+00
2	1280	40000	2.763206e-03	1.445315e-04	8.700000e+00
2	1536	40000	2.758292e-03	1.399924e-04	8.700000e+00
2	 128	40000	2.720492e-03	1.620893e-04	9.300000e+00
2	 256	40000	2.721481e-03	1.680675e-04	9.300000e+00
2	 384	40000	2.720273e-03	1.652371e-04	9.300000e+00
2	 512	40000	2.724129e-03	1.667953e-04	9.300000e+00
2	 640	40000	2.728900e-03	1.609814e-04	9.300000e+00
2	 758	40000	2.722417e-03	1.575584e-04	9.300000e+00
2	 876	40000	2.728622e-03	1.566162e-04	9.300000e+00
2	1024	40000	2.733346e-03	1.604632e-04	9.300000e+00
2	1280	40000	2.739645e-03	1.711008e-04	9.300000e+00
2	1536	40000	2.734319e-03	1.622732e-04	9.300000e+00
2	 128	40000	2.653244e-03	1.759793e-04	9.900000e+00
2	 256	40000	2.651257e-03	1.697513e-04	9.900000e+00
2	 384	40000	2.651823e-03	1.670262e-04	9.900000e+00
2	 512	40000	2.660622e-03	1.698704e-04	9.900000e+00
2	 640	40000	2.655819e-03	1.684449e-04	9.900000e+00
2	 758	40000	2.654875e-03	1.648692e-04	9.900000e+00
2	 876	40000	2.659508e-03	1.672560e-04	9.900000e+00
2	1024	40000	2.665367e-03	1.706650e-04	9.900000e+00
2	1280	40000	2.663049e-03	1.679602e-04	9.900000e+00
2	1536	40000	2.664343e-03	1.598337e-04	9.900000e+00
2	 128	40000	2.671246e-03	1.732904e-04	1.001000e+01
2	 256	40000	2.672167e-03	1.843469e-04	1.001000e+01
2	 384	40000	2.673378e-03	1.822415e-04	1.001000e+01
2	 512	40000	2.678071e-03	1.844262e-04	1.001000e+01
2	 640	40000	2.682937e-03	1.883291e-04	1.001000e+01
2	 758	40000	2.673383e-03	1.859744e-04	1.001000e+01
2	 876	40000	2.680229e-03	1.857161e-04	1.001000e+01
2	1024	40000	2.693612e-03	1.956534e-04	1.001000e+01
2	1280	40000	2.699254e-03	1.939564e-04	1.001000e+01
2	1536	40000	2.692086e-03	1.903443e-04	1.001000e+01
2	 128	40000	2.621897e-03	2.000893e-04	1.201000e+01
2	 256	40000	2.619155e-03	2.023090e-04	1.201000e+01
2	 384	40000	2.620376e-03	2.032619e-04	1.201000e+01
2	 512	40000	2.632867e-03	2.045149e-04	1.201000e+01
2	 640	40000	2.634122e-03	2.040161e-04	1.201000e+01
2	 758	40000	2.626552e-03	1.966809e-04	1.201000e+01
2	 876	40000	2.634574e-03	2.048873e-04	1.201000e+01
2	1024	40000	2.640036e-03	2.120561e-04	1.201000e+01
2	1280	40000	2.647646e-03	2.136145e-04	1.201000e+01
2	1536	40000	2.637547e-03	2.056110e-04	1.201000e+01
2	 128	40000	2.592361e-03	2.418197e-04	1.401000e+01
2	 256	40000	2.594797e-03	2.416440e-04	1.401000e+01
2	 384	40000	2.593408e-03	2.325169e-04	1.401000e+01
2	 512	40000	2.603858e-03	2.407401e-04	1.401000e+01
2	 640	40000	2.603461e-03	2.462305e-04	1.401000e+01
2	 758	40000	2.599433e-03	2.385715e-04	1.401000e+01
2	 876	40000	2.600432e-03	2.455040e-04	1.401000e+01
2	1024	40000	2.616587e-03	2.534993e-04	1.401000e+01
2	1280	40000	2.627250e-03	2.613614e-04	1.401000e+01
2	1536	40000	2.616658e-03	2.460340e-04	1.401000e+01
2	 128	40000	2.532606e-03	2.881483e-04	1.601000e+01
2	 256	40000	2.532976e-03	2.849832e-04	1.601000e+01
2	 384	40000	2.532107e-03	2.842970e-04	1.601000e+01
2	 512	40000	2.542050e-03	2.970502e-04	1.601000e+01
2	 640	40000	2.543387e-03	2.988807e-04	1.601000e+01
2	 758	40000	2.540895e-03	2.934382e-04	1.601000e+01
2	 876	40000	2.542081e-03	2.968381e-04	1.601000e+01
2	1024	40000	2.559199e-03	3.121164e-04	1.601000e+01
2	1280	40000	2.576151e-03	3.049806e-04	1.601000e+01
2	1536	40000	2.559562e-03	2.936775e-04	1.601000e+01
2	 128	40000	2.519729e-03	3.246562e-04	1.801000e+01
2	 256	40000	2.519649e-03	3.217516e-04	1.801000e+01
2	 384	40000	2.518550e-03	3.160096e-04	1.801000e+01
2	 512	40000	2.528100e-03	3.237869e-04	1.801000e+01
2	 640	40000	2.527386e-03	3.266122e-04	1.801000e+01
2	 758	40000	2.522355e-03	3.206779e-04	1.801000e+01
2	 876	40000	2.525062e-03	3.270756e-04	1.801000e+01
2	1024	40000	2.551662e-03	3.322619e-04	1.801000e+01
2	1280	40000	2.556230e-03	3.420709e-04	1.801000e+01
2	1536	40000	2.550281e-03	3.278082e-04	1.801000e+01
2	 128	40000	2.608068e-03	3.646500e-04	2.000536e+01
2	 256	40000	2.609045e-03	3.644434e-04	2.000536e+01
2	 384	40000	2.612500e-03	3.608476e-04	2.000536e+01
2	 512	40000	2.622675e-03	3.695464e-04	2.000536e+01
2	 640	40000	2.623994e-03	3.747379e-04	2.000536e+01
2	 758	40000	2.618015e-03	3.689571e-04	2.000536e+01
2	 876	40000	2.625748e-03	3.789300e-04	2.000536e+01
2	1024	40000	2.641051e-03	3.921160e-04	2.000536e+01
2	1280	40000	2.648992e-03	3.874710e-04	2.000536e+01
2	1536	40000	2.636978e-03	3.702575e-04	2.000536e+01
2	 128	40000	2.733898e-03	5.103822e-04	2.754993e+01
2	 256	40000	2.730682e-03	5.038049e-04	2.754993e+01
2	 384	40000	2.731268e-03	5.075594e-04	2.754993e+01
2	 512	40000	2.749036e-03	5.145452e-04	2.754993e+01
2	 640	40000	2.744292e-03	5.115617e-04	2.754993e+01
2	 758	40000	2.740416e-03	4.954369e-04	2.754993e+01
2	 876	40000	2.745461e-03	5.021328e-04	2.754993e+01
2	1024	40000	2.773444e-03	5.160389e-04	2.754993e+01
2	1280	40000	2.789487e-03	5.188656e-04	2.754993e+01
2	1536	40000	2.781625e-03	4.996448e-04	2.754993e+01
2	 128	40000	2.861519e-03	7.145823e-04	3.793977e+01
2	 256	40000	2.864796e-03	7.133380e-04	3.793977e+01
2	 384	40000	2.861753e-03	7.201149e-04	3.793977e+01
2	 512	40000	2.878531e-03	7.278748e-04	3.793977e+01
2	 640	40000	2.887523e-03	7.382167e-04	3.793977e+01
2	 758	40000	2.871472e-03	7.261604e-04	3.793977e+01
2	 876	40000	2.882586e-03	7.430328e-04	3.793977e+01
2	1024	40000	2.916266e-03	7.695858e-04	3.793977e+01
2	1280	40000	2.939647e-03	7.818866e-04	3.793977e+01
2	1536	40000	2.915891e-03	7.531666e-04	3.793977e+01
2	 128	40000	3.055750e-03	9.941887e-04	5.224792e+01
2	 256	40000	3.054187e-03	9.899756e-04	5.224792e+01
2	 384	40000	3.053765e-03	9.861537e-04	5.224792e+01
2	 512	40000	3.065510e-03	1.010649e-03	5.224792e+01
2	 640	40000	3.077142e-03	1.021236e-03	5.224792e+01
2	 758	40000	3.055696e-03	9.761839e-04	5.224792e+01
2	 876	40000	3.070512e-03	9.952432e-04	5.224792e+01
2	1024	40000	3.107962e-03	1.028484e-03	5.224792e+01
2	1280	40000	3.159834e-03	1.040057e-03	5.224792e+01
2	1536	40000	3.113614e-03	1.008241e-03	5.224792e+01
2	 128	40000	3.495709e-03	1.373711e-03	7.195206e+01
2	 256	40000	3.515419e-03	1.378811e-03	7.195206e+01
2	 384	40000	3.521376e-03	1.353550e-03	7.195206e+01
2	 512	40000	3.517292e-03	1.376381e-03	7.195206e+01
2	 640	40000	3.565076e-03	1.397169e-03	7.195206e+01
2	 758	40000	3.508316e-03	1.338054e-03	7.195206e+01
2	 876	40000	3.554642e-03	1.366169e-03	7.195206e+01
2	1024	40000	3.605733e-03	1.388826e-03	7.195206e+01
2	1280	40000	3.676128e-03	1.417557e-03	7.195206e+01
2	1536	40000	3.618178e-03	1.353788e-03	7.195206e+01
2	 128	40000	3.978443e-03	1.869163e-03	9.998298e+01
2	 256	40000	3.987427e-03	1.919716e-03	9.998298e+01
2	 384	40000	3.982668e-03	1.907767e-03	9.998298e+01
2	 512	40000	4.046584e-03	1.968488e-03	9.998298e+01
2	 640	40000	4.070293e-03	1.965884e-03	9.998298e+01
2	 758	40000	4.008621e-03	1.898780e-03	9.998298e+01
2	 876	40000	4.054697e-03	1.928825e-03	9.998298e+01
2	1024	40000	4.147483e-03	1.973569e-03	9.998298e+01
2	1280	40000	4.195728e-03	1.995338e-03	9.998298e+01
2	1536	40000	4.166142e-03	1.941612e-03	9.998298e+01
2	 128	40000	5.213572e-03	2.724377e-03	1.583804e+02
2	 256	40000	5.188509e-03	3.012689e-03	1.583804e+02
2	 384	40000	5.216915e-03	3.056609e-03	1.583804e+02
2	 512	40000	5.325173e-03	3.110951e-03	1.583804e+02
2	 640	40000	5.336913e-03	3.105431e-03	1.583804e+02
2	 758	40000	5.240069e-03	3.022196e-03	1.583804e+02
2	 876	40000	5.330692e-03	3.060724e-03	1.583804e+02
2	1024	40000	5.494374e-03	3.156357e-03	1.583804e+02
2	1280	40000	5.563318e-03	3.141579e-03	1.583804e+02
2	1536	40000	5.488076e-03	3.024197e-03	1.583804e+02
2	 128	40000	7.080390e-03	3.839190e-03	2.508863e+02
2	 256	40000	7.098334e-03	4.537550e-03	2.508863e+02
2	 384	40000	7.119422e-03	4.751275e-03	2.508863e+02
2	 512	40000	7.182213e-03	4.862639e-03	2.508863e+02
2	 640	40000	7.279612e-03	4.926471e-03	2.508863e+02
2	 758	40000	7.170607e-03	4.794048e-03	2.508863e+02
2	 876	40000	7.326484e-03	4.888498e-03	2.508863e+02
2	1024	40000	7.508617e-03	5.078285e-03	2.508863e+02
2	1280	40000	7.671440e-03	5.141643e-03	2.508863e+02
2	1536	40000	7.527116e-03	4.910428e-03	2.508863e+02
2	 128	40000	9.816856e-03	4.772736e-03	3.974225e+02
2	 256	40000	9.858854e-03	6.365665e-03	3.974225e+02
2	 384	40000	9.807363e-03	7.175935e-03	3.974225e+02
2	 512	40000	1.006954e-02	7.646799e-03	3.974225e+02
2	 640	40000	1.020791e-02	7.844746e-03	3.974225e+02
2	 758	40000	9.921501e-03	7.529245e-03	3.974225e+02
2	 876	40000	1.007226e-02	7.675200e-03	3.974225e+02
2	1024	40000	1.060302e-02	8.028721e-03	3.974225e+02
2	1280	40000	1.081142e-02	8.058604e-03	3.974225e+02
2	1536	40000	1.048034e-02	7.741096e-03	3.974225e+02
2	 128	40000	1.468325e-02	6.363907e-03	6.295467e+02
2	 256	40000	1.464495e-02	8.613573e-03	6.295467e+02
2	 384	40000	1.468540e-02	9.917194e-03	6.295467e+02
2	 512	40000	1.500021e-02	1.121453e-02	6.295467e+02
2	 640	40000	1.513211e-02	1.181123e-02	6.295467e+02
2	 758	40000	1.479622e-02	1.180513e-02	6.295467e+02
2	 876	40000	1.518152e-02	1.223580e-02	6.295467e+02
2	1024	40000	1.570246e-02	1.279434e-02	6.295467e+02
2	1280	40000	1.609907e-02	1.305054e-02	6.295467e+02
2	1536	40000	1.559206e-02	1.238983e-02	6.295467e+02
2	 128	40000	2.230452e-02	8.809498e-03	9.992450e+02
2	 256	40000	2.220208e-02	1.082068e-02	9.992450e+02
2	 384	40000	2.228226e-02	1.297559e-02	9.992450e+02
2	 512	40000	2.296563e-02	1.546927e-02	9.992450e+02
2	 640	40000	2.329077e-02	1.610927e-02	9.992450e+02
2	 758	40000	2.250976e-02	1.648579e-02	9.992450e+02
2	 876	40000	2.305762e-02	1.773291e-02	9.992450e+02
2	1024	40000	2.394416e-02	1.881549e-02	9.992450e+02
2	1280	40000	2.460506e-02	1.974951e-02	9.992450e+02
2	1536	40000	2.387832e-02	1.924942e-02	9.992450e+02
2	 128	40000	3.353709e-02	1.120958e-02	1.582878e+03
2	 256	40000	3.340379e-02	1.462973e-02	1.582878e+03
2	 384	40000	3.335362e-02	1.635952e-02	1.582878e+03
2	 512	40000	3.424186e-02	1.847527e-02	1.582878e+03
2	 640	40000	3.487104e-02	2.147460e-02	1.582878e+03
2	 758	40000	3.379630e-02	2.285924e-02	1.582878e+03
2	 876	40000	3.467439e-02	2.448208e-02	1.582878e+03
2	1024	40000	3.622865e-02	2.553593e-02	1.582878e+03
2	1280	40000	3.698792e-02	2.824720e-02	1.582878e+03
2	1536	40000	3.603438e-02	2.842528e-02	1.582878e+03
2	 128	40000	5.160480e-02	1.395164e-02	2.507396e+03
2	 256	40000	5.181407e-02	1.920988e-02	2.507396e+03
2	 384	40000	5.167857e-02	2.221818e-02	2.507396e+03
2	 512	40000	5.298207e-02	2.369061e-02	2.507396e+03
2	 640	40000	5.381460e-02	2.620210e-02	2.507396e+03
2	 758	40000	5.231334e-02	2.699267e-02	2.507396e+03
2	 876	40000	5.309116e-02	2.926619e-02	2.507396e+03
2	1024	40000	5.607865e-02	3.396950e-02	2.507396e+03
2	1280	40000	5.758302e-02	3.863912e-02	2.507396e+03
2	1536	40000	5.606272e-02	3.830661e-02	2.507396e+03
2	 128	40000	8.270633e-02	1.690214e-02	3.971901e+03
2	 256	40000	8.271743e-02	2.336186e-02	3.971901e+03
2	 384	40000	8.267124e-02	2.779526e-02	3.971901e+03
2	 512	40000	8.478703e-02	3.228220e-02	3.971901e+03
2	 640	40000	8.584031e-02	3.403700e-02	3.971901e+03
2	 758	40000	8.364913e-02	3.364516e-02	3.971901e+03
2	 876	40000	8.567331e-02	3.593701e-02	3.971901e+03
2	1024	40000	8.925365e-02	3.935587e-02	3.971901e+03
2	1280	40000	9.145158e-02	4.258455e-02	3.971901e+03
2	1536	40000	8.886968e-02	4.655180e-02	3.971901e+03
2	 128	40000	1.249658e-01	1.955793e-02	6.291784e+03
2	 256	40000	1.253385e-01	2.756053e-02	6.291784e+03
2	 384	40000	1.251089e-01	3.324195e-02	6.291784e+03
2	 512	40000	1.278848e-01	3.837111e-02	6.291784e+03
2	 640	40000	1.291518e-01	4.226613e-02	6.291784e+03
2	 758	40000	1.263674e-01	4.472929e-02	6.291784e+03
2	 876	40000	1.291699e-01	4.787194e-02	6.291784e+03
2	1024	40000	1.349643e-01	5.025222e-02	6.291784e+03
2	1280	40000	1.382560e-01	4.989436e-02	6.291784e+03
2	1536	40000	1.345469e-01	5.281520e-02	6.291784e+03
