2.000000e-01	0.000000e+00	0.000000e+00
4.000000e-01	-1.000000e-06	3.614190e-07
6.000000e-01	-1.160000e-04	4.722752e-06
8.000000e-01	-1.322000e-03	1.554125e-05
1.000000e+00	-6.299500e-03	3.756605e-05
1.200000e+00	-1.836100e-02	8.790095e-05
1.400000e+00	-4.129400e-02	1.784836e-04
1.600000e+00	-8.192150e-02	3.190361e-04
1.800000e+00	-1.581940e-01	6.939601e-04
1.950000e+00	-2.710610e-01	3.171506e-03
2.004000e+00	-3.496250e-01	4.785713e-02
2.012000e+00	-3.338500e-01	4.482886e-02
2.020000e+00	-3.678000e-01	4.850229e-02
2.028000e+00	-3.607125e-01	5.432855e-02
2.036000e+00	-4.126000e-01	5.778902e-02
2.044000e+00	-3.886750e-01	6.062263e-02
2.052000e+00	-4.326625e-01	6.702547e-02
2.060000e+00	-4.453375e-01	7.520009e-02
2.068000e+00	-4.659375e-01	8.016354e-02
2.076000e+00	-4.751625e-01	8.332209e-02
2.084000e+00	-5.377375e-01	9.219180e-02
2.092000e+00	-5.731500e-01	1.035938e-01
2.100000e+00	-5.335625e-01	1.114920e-01
2.108000e+00	-5.959500e-01	1.151208e-01
2.116000e+00	-6.367375e-01	1.241383e-01
2.124000e+00	-6.245125e-01	1.310384e-01
2.132000e+00	-6.255125e-01	1.304852e-01
2.140000e+00	-7.266875e-01	1.381441e-01
2.148000e+00	-6.905250e-01	1.466700e-01
2.156000e+00	-9.898500e-01	1.962575e-01
2.164000e+00	-7.871000e-01	2.490805e-01
2.172000e+00	-8.590250e-01	3.016060e-01
2.180000e+00	-1.054038e+00	3.275355e-01
2.188000e+00	-1.189375e+00	3.460981e-01
2.196000e+00	-1.553600e+00	4.923686e-01
2.201000e+00	-1.309200e+00	2.244051e+00
2.203000e+00	-7.228500e-01	2.006244e+00
2.205000e+00	-2.998450e+00	2.200856e+00
2.207000e+00	2.172100e+00	2.067628e+00
2.209000e+00	-1.949700e+00	1.694214e+00
2.211000e+00	-6.218500e-01	1.698881e+00
2.213000e+00	-2.366050e+00	1.617317e+00
2.215000e+00	-2.841150e+00	1.899272e+00
2.217000e+00	4.635500e-01	1.943454e+00
2.219000e+00	-5.626600e+00	2.716166e+00
2.221000e+00	-6.592700e+00	4.308929e+00
2.223000e+00	2.792300e+00	4.111502e+00
2.225000e+00	1.045000e-01	2.821664e+00
2.227000e+00	-1.261500e+00	2.599018e+00
2.229000e+00	-9.247400e+00	4.289424e+00
2.231000e+00	2.486700e+00	4.666982e+00
2.233000e+00	-1.498570e+01	7.040600e+00
2.235000e+00	8.035150e+00	7.404731e+00
2.237000e+00	-7.597700e+00	5.772188e+00
2.239000e+00	6.771850e+00	5.294960e+00
2.241000e+00	-1.559345e+01	5.428794e+00
2.243000e+00	8.254500e-01	7.627194e+00
2.245000e+00	-6.036000e-01	7.156936e+00
2.247000e+00	-1.332575e+01	7.428367e+00
2.249000e+00	5.159250e+00	7.887702e+00
2.251000e+00	-2.350000e-03	6.778454e+00
2.253000e+00	-2.596510e+01	9.531810e+00
2.255000e+00	8.626750e+00	1.029265e+01
2.257000e+00	1.354565e+01	7.177209e+00
2.259000e+00	-2.784420e+01	8.374189e+00
2.261000e+00	4.513800e+00	1.087317e+01
2.263000e+00	-6.038600e+00	1.097952e+01
2.265000e+00	1.936750e+00	1.000660e+01
2.267000e+00	-4.595620e+01	1.237735e+01
2.269000e+00	1.617650e+01	1.337512e+01
2.271000e+00	2.422550e+01	1.066099e+01
2.273000e+00	-2.583975e+01	1.128884e+01
2.275000e+00	-1.371265e+01	1.303715e+01
2.277000e+00	1.328310e+01	1.276859e+01
2.279000e+00	2.080750e+00	1.123413e+01
2.281000e+00	1.429300e+00	1.057160e+01
2.283000e+00	-1.078780e+01	1.078378e+01
2.285000e+00	-2.197615e+01	1.168694e+01
2.287000e+00	-1.272200e+00	1.193437e+01
2.289000e+00	-3.148975e+01	1.346862e+01
2.291000e+00	3.439250e+00	1.512314e+01
2.293000e+00	3.560100e+00	1.406513e+01
2.295000e+00	2.317605e+01	1.235110e+01
2.297000e+00	-5.861685e+01	1.196564e+01
2.299000e+00	2.204960e+01	1.272854e+01
2.301000e+00	-2.202945e+01	1.294776e+01
2.303000e+00	-4.088790e+01	1.315448e+01
2.305000e+00	3.472735e+01	1.320147e+01
2.307000e+00	-6.459150e+00	1.346170e+01
2.309000e+00	-7.571950e+00	1.317254e+01
2.311000e+00	-3.181585e+01	1.186404e+01
2.313000e+00	2.002695e+01	1.187528e+01
2.315000e+00	-2.597850e+00	1.214146e+01
2.317000e+00	1.487165e+01	1.187266e+01
2.319000e+00	3.479800e+00	1.176126e+01
2.321000e+00	-3.999330e+01	1.160696e+01
2.323000e+00	2.652150e+00	1.164085e+01
2.325000e+00	1.587125e+01	1.163886e+01
2.327000e+00	-2.337185e+01	1.139887e+01
2.329000e+00	-1.623000e-01	1.069034e+01
2.331000e+00	9.964500e-01	1.099684e+01
2.333000e+00	-2.479070e+01	1.081697e+01
2.335000e+00	3.204050e+00	8.968680e+00
2.337000e+00	2.452980e+01	9.017210e+00
2.339000e+00	-6.563800e+00	1.007529e+01
2.341000e+00	-1.927180e+01	8.970346e+00
2.343000e+00	2.573250e+00	8.138597e+00
2.345000e+00	9.636900e+00	9.344505e+00
2.347000e+00	-2.484825e+01	9.223141e+00
2.349000e+00	1.333995e+01	8.423600e+00
2.351000e+00	4.915450e+00	8.181988e+00
2.353000e+00	-1.524715e+01	7.660076e+00
2.355000e+00	-7.797950e+00	7.013420e+00
2.357000e+00	-3.534100e+00	6.478649e+00
2.359000e+00	1.342760e+01	6.857286e+00
2.361000e+00	-1.542895e+01	6.766862e+00
2.363000e+00	1.713210e+01	6.520503e+00
2.365000e+00	-8.875400e+00	6.724640e+00
2.367000e+00	7.669850e+00	6.784990e+00
2.369000e+00	-1.053515e+01	6.465076e+00
2.371000e+00	1.123500e+00	6.350688e+00
2.373000e+00	-1.117730e+01	6.196086e+00
2.375000e+00	8.456450e+00	5.939413e+00
2.377000e+00	3.865800e+00	6.394881e+00
2.379000e+00	-9.956150e+00	5.637529e+00
2.381000e+00	-1.313450e+00	4.731604e+00
2.383000e+00	6.084750e+00	5.228776e+00
2.385000e+00	-2.614850e+00	5.917856e+00
2.387000e+00	-1.157935e+01	5.382579e+00
2.389000e+00	8.841750e+00	4.870919e+00
2.391000e+00	-2.961500e-01	5.275333e+00
2.393000e+00	-3.430100e+00	5.270093e+00
2.395000e+00	-3.170250e+00	4.568515e+00
2.397000e+00	-9.896500e-01	4.004265e+00
2.399000e+00	3.415400e+00	4.473934e+00
2.404000e+00	6.002125e-01	1.097539e+00
2.412000e+00	-3.525325e+00	9.803610e-01
2.420000e+00	-2.977250e-01	9.196017e-01
2.428000e+00	-6.722625e-01	8.448936e-01
2.436000e+00	6.052375e-01	8.517301e-01
2.444000e+00	-1.285314e+00	7.858630e-01
2.452000e+00	-1.465475e-01	6.506413e-01
2.460000e+00	-8.116275e-01	5.856319e-01
2.468000e+00	4.265437e-01	5.776356e-01
2.476000e+00	-9.134412e-01	5.950851e-01
2.484000e+00	-2.701250e-03	5.454763e-01
2.492000e+00	-3.581012e-01	5.018523e-01
2.500000e+00	-2.575150e-01	4.887921e-01
2.508000e+00	-5.107712e-01	4.855995e-01
2.516000e+00	5.830600e-01	4.725636e-01
2.524000e+00	-9.465563e-01	4.171079e-01
2.532000e+00	2.597650e-01	3.804082e-01
2.540000e+00	-4.358687e-01	4.293060e-01
2.548000e+00	-1.829862e-01	3.906094e-01
2.556000e+00	-2.671250e-03	2.985157e-01
2.564000e+00	-8.099700e-01	2.634523e-01
2.572000e+00	6.817500e-03	2.784125e-01
2.580000e+00	-1.863962e-01	3.237662e-01
2.588000e+00	-7.913750e-02	3.254285e-01
2.596000e+00	-6.205000e-03	2.908536e-01
2.604000e+00	-1.769950e-01	2.436264e-01
2.612000e+00	7.305250e-02	2.550411e-01
2.620000e+00	-1.370137e-01	2.609879e-01
2.628000e+00	-3.176912e-01	2.278159e-01
2.636000e+00	2.026250e-01	2.132961e-01
2.644000e+00	-4.661687e-01	2.112262e-01
2.652000e+00	-2.025587e-01	1.911688e-01
2.660000e+00	-7.921375e-02	1.945459e-01
2.668000e+00	2.229325e-01	2.091817e-01
2.676000e+00	-4.064300e-01	2.183721e-01
2.684000e+00	-7.640750e-02	2.121331e-01
2.692000e+00	1.032275e-01	1.939425e-01
2.700000e+00	-1.077550e-01	1.851875e-01
2.708000e+00	-2.214000e-02	1.617734e-01
2.756000e+00	-8.173727e-02	1.206636e-02
2.810000e+00	-1.418450e-02	5.388348e-02
2.830000e+00	-5.951100e-02	5.131195e-02
2.850000e+00	-1.560050e-02	4.602298e-02
2.870000e+00	-1.093640e-01	4.327557e-02
2.890000e+00	-4.389800e-02	4.022254e-02
2.910000e+00	4.447200e-02	4.066645e-02
2.930000e+00	-1.077900e-01	3.811093e-02
2.950000e+00	1.774200e-02	3.665105e-02
2.970000e+00	-4.589950e-02	3.712808e-02
2.990000e+00	-7.742800e-02	3.338723e-02
3.010000e+00	-8.078000e-03	3.192524e-02
3.030000e+00	-2.739700e-02	3.086450e-02
3.050000e+00	1.097500e-03	3.027583e-02
3.070000e+00	-4.956250e-02	3.072429e-02
3.090000e+00	-2.779750e-02	2.981786e-02
3.110000e+00	-3.279050e-02	2.839594e-02
3.130000e+00	-1.775500e-03	2.670000e-02
3.150000e+00	-1.291850e-02	2.590592e-02
3.170000e+00	-8.420700e-02	2.356321e-02
3.190000e+00	8.022000e-03	2.532709e-02
3.210000e+00	-1.315150e-02	2.713812e-02
3.230000e+00	-1.650400e-02	2.566772e-02
3.250000e+00	-1.742350e-02	2.554203e-02
3.270000e+00	-4.008800e-02	2.326372e-02
3.290000e+00	-8.735000e-03	2.063501e-02
3.310000e+00	4.708000e-03	2.117362e-02
3.330000e+00	1.116800e-02	1.904517e-02
3.350000e+00	-6.802900e-02	1.804084e-02
3.370000e+00	-1.192300e-02	2.026756e-02
3.390000e+00	6.164500e-03	1.899131e-02
3.410000e+00	-1.226400e-02	1.832616e-02
3.430000e+00	-4.940500e-03	2.001576e-02
3.450000e+00	-2.279200e-02	1.962262e-02
3.470000e+00	-9.926000e-03	1.854624e-02
